0.9912474 1.904762
1.712284 1.437761
0.7443877 0.1913119
1.896429 1.066945
2.259312 0.4709798
1.123588 -0.02009774
1.074152 1.619492
1.579198 1.375675
0.8027229 -0.02628004
1.137864 0.3724906
2.258868 1.546721
2.356211 0.7972311
0.1080807 0.4906337
1.502367 2.90169
3.497122 -0.2605101
1.05705 0.3731319
1.021269 1.432463
2.028187 1.025736
1.900156 0.5991041
0.375776 0.9159099
1.265237 3.745903
1.633082 1.626264
2.157768 1.768478
1.018448 2.234233
3.075999 0.8986065
-0.7992441 0.6910723
0.0164236 2.111218
0.619702 1.17095
2.49292 1.300317
1.159969 0.7904295
1.434561 1.247051
2.036757 1.197808
1.406206 -0.2484224
-1.225709 1.208505
1.487205 1.027826
1.378872 -0.934867
1.98387 0.5556159
0.1784552 1.092422
0.3653689 0.07831709
0.5809937 -0.5005199
-1.093829 2.206601
1.383332 1.960351
0.3524569 0.4625274
0.4040305 0.8240454
0.009983363 0.8788206
-1.22054 -0.5972251
1.592008 0.2489218
0.2192241 1.269995
0.8700534 1.133958
1.903625 0.844811
2.552289 1.27693
0.2771481 2.319346
2.943268 0.8098627
-0.233265 0.1489648
0.6078043 1.327761
2.308885 1.234836
-1.137454 -0.03908869
-0.3111615 0.3693227
2.830583 0.275783
2.820887 1.08511
-0.5137651 -0.3564674
0.9569734 0.1445199
2.012988 3.228216
1.094535 -0.2551632
0.2263248 2.61857
2.271218 1.386953
2.001901 0.4764107
2.54604 1.05348
0.3018451 2.642118
-0.7262448 0.9536935
-0.7414519 2.183414
0.8080872 -1.534653
2.180968 1.400043
2.362537 1.044861
-0.116159 2.519515
0.08026421 2.351789
-0.3808582 -1.452985
1.63228 1.909744
1.807267 1.756545
3.490642 -0.01245581
2.414177 0.8475167
1.679575 0.5394363
0.2934886 1.238684
1.35728 1.615883
2.875941 -0.3686465
2.030166 1.699611
0.3261174 2.214271
0.3189349 2.243101
0.9101008 1.136322
1.621603 1.358873
2.188911 1.572495
-0.8419262 0.3071124
-0.06435525 -0.8460551
1.000047 0.7736173
0.8595336 0.9342744
0.2242542 -0.387466
1.216507 -0.001308823
0.5410166 2.183814
0.9763301 0.01829506
0.9175248 0.6302875
0.5805106 1.755031
0.9191913 0.6666666
0.2372628 0.7724501
-0.1799895 -0.01217239
2.449432 0.7285371
1.881774 1.645115
2.268887 0.6042273
2.05329 0.1188397
0.9321924 0.4549228
0.1178851 -1.160966
0.5348727 -0.07234462
1.404712 2.232411
1.055822 -0.8095772
2.265686 0.9185171
1.335458 1.462531
1.229544 2.653319
-0.9601907 1.226287
1.775058 1.273154
0.2875455 1.075787
-2.392337 0.2805278
1.334098 -0.8678645
2.197648 1.363392
2.722661 2.988794
2.102735 1.670666
1.022434 -0.7222934
2.920103 1.485242
2.197242 0.8255742
1.240165 0.3820675
0.2823901 0.0756935
1.536088 1.372617
0.9267733 0.08153691
1.096132 1.18751
2.095829 0.285958
1.256368 0.7250174
2.090877 0.5585157
-0.1829713 1.363068
0.02002307 2.351326
-0.4548822 0.2567714
2.343687 0.2051084
1.334151 2.961728
0.224442 1.433405
-0.2277573 0.7653463
0.4313546 1.810726
0.8371246 2.744187
2.152933 -0.6838063
0.1206005 2.616487
1.843183 1.613539
1.72269 1.419397
1.31877 0.4597402
0.7433827 1.036324
1.429226 2.302241
1.602099 3.156437
0.3036267 1.532074
1.133714 1.283623
0.4853834 2.158172
-0.9287882 -0.6592061
1.657897 1.661856
0.2010481 0.1922955
1.766802 0.302304
2.553101 0.4901466
0.8682687 1.183352
0.8653791 0.5165347
-0.5287218 -1.046163
1.222031 -0.09940102
1.757066 1.320348
0.7508636 2.74731
0.02526817 2.479747
0.1237801 3.032907
1.003288 2.7137
1.109503 0.4369357
-0.5745782 1.978333
2.248183 2.547938
0.8690135 2.654804
1.61401 1.633615
1.200799 0.7055855
1.666983 1.782625
-0.8256881 -1.870462
1.864413 0.540558
-0.3278435 -0.00744219
1.838727 1.92892
0.2098119 1.916125
0.819092 0.6660182
-0.2148773 0.1456806
0.7886512 1.481781
2.006505 2.602772
0.9260291 1.719812
2.078956 1.814986
-0.482331 -0.129285
3.125346 1.529406
1.325638 1.446958
2.758826 1.307148
2.071229 0.3611029
1.386145 2.905962
2.806517 1.586806
-0.7341607 0.7972502
0.4652527 0.5042997
1.687369 1.183832
0.7128328 2.648881
1.89455 0.7749838
0.6318014 1.780396
