1.611673 0.8129875
1.118462 2.568695
-0.8084344 1.620736
-0.05138018 1.219901
0.1733963 1.190114
2.134513 0.7358765
1.512615 1.152155
0.8026394 0.7788541
0.7203619 2.200519
0.08943596 0.975422
-0.05153987 0.738868
0.7938344 0.1011166
0.3182552 -0.135754
-0.3287725 0.2144908
1.220234 1.191184
0.4119952 0.2679647
0.7712656 2.336267
1.111793 1.628784
1.069883 1.447849
0.7098385 0.3177245
1.107811 -0.08799258
3.354074 -0.004151295
1.749571 0.6417023
2.339394 2.063291
-0.884664 0.554524
2.541192 0.284574
2.600201 0.3780239
1.368372 1.243358
0.6827433 -1.115478
1.685803 1.165074
1.180689 0.549503
0.4432461 0.6682508
2.264679 0.09355826
1.745777 0.07852175
0.7890843 1.024868
0.8950476 0.7138943
1.546644 -1.133388
1.724095 1.427953
2.279112 0.7715093
1.418379 0.7281503
1.662767 -0.7570454
2.19109 -1.6195
-0.3316019 1.147557
-0.02650877 0.4446433
1.518284 -0.1115324
1.047686 1.280716
0.4581099 2.03836
2.010796 1.758655
-0.7767968 1.848399
1.81882 1.008442
0.4802412 0.7486726
-0.4093184 0.9178058
1.631531 1.468701
0.005018334 1.93963
0.4836922 -0.9031125
0.9792069 0.6515362
0.9050788 0.9528201
1.281612 1.154587
1.476402 0.2399409
-0.9687945 0.5377059
1.23034 0.03573137
3.577623 -0.2692133
0.2046739 -0.5488058
0.48824 1.20279
1.067571 2.056545
1.916539 1.228958
1.249865 -0.5612251
2.191523 -0.6324241
0.7134132 -0.01760084
-0.05414057 2.975593
-0.01593883 2.07035
1.377824 -0.5114148
0.7030736 1.179597
1.377184 1.124433
1.274638 -0.1185931
1.495674 1.980082
1.623212 1.534544
0.727611 1.478032
1.254129 1.570287
0.7128404 -0.3191572
0.4961437 -0.5794052
-0.5498297 2.600415
2.129563 1.08921
0.6755183 2.007189
1.753054 1.146568
2.493836 1.072213
-0.1828406 0.9245531
0.5129841 -0.619724
2.496317 1.378904
0.2986422 -0.488725
-0.01606688 0.4964451
0.851542 1.875904
2.66613 0.3812453
1.184213 0.3623047
-0.66788 0.972453
0.732385 0.2655974
-0.07318885 1.896232
-0.792406 2.304038
0.2682108 1.907406
2.473192 1.140719
-1.338396 -1.089097
1.329649 1.307364
-0.08158919 1.098265
-0.03315613 1.319842
0.7377364 0.05713055
-0.9450243 2.826806
1.285308 -0.4944239
2.569377 3.587965
1.036848 2.027889
1.283136 -0.3831579
-0.727691 -0.0702776
1.928336 0.9527802
2.066644 1.289804
0.5764728 -0.08371818
0.6732172 1.724927
-0.5994664 0.2456823
0.03004956 1.949742
-0.4220322 1.114236
1.246664 2.473739
2.043229 -0.4700931
1.742299 2.431823
-0.2280284 -1.033349
-0.555656 2.141654
0.6481887 -1.36976
1.114348 1.951919
1.002626 0.4480428
-0.25973 0.2498656
0.1700459 0.3771086
-0.3084851 0.9550571
-0.3799668 1.824306
2.33721 1.927833
0.7608109 1.173142
-0.4638471 0.3728403
2.465869 0.8776984
2.371496 1.631321
2.546302 1.297314
2.464117 -0.03950694
0.9590155 0.6804692
2.623601 0.4138955
1.241394 1.043922
0.6385482 2.404676
1.890748 1.73775
0.8260645 -1.044091
1.452217 0.1742935
-0.9377149 2.552914
0.7950104 -0.9875096
-0.995058 1.883522
0.1679953 1.178428
2.207481 0.9330483
1.795956 0.3604422
0.7030728 2.773189
0.5852441 1.912332
-0.4767869 0.9278643
2.066593 0.3193131
0.9135417 1.778525
0.9179392 1.347394
0.7194786 1.861627
1.068155 1.51177
0.7911829 0.4359832
0.3074852 -1.079819
0.9084668 0.3734797
1.198166 -0.5030533
0.7581034 1.3926
-0.717244 -0.6891267
0.1940496 1.137529
0.8946327 1.615752
-0.9144282 -0.6731815
1.198218 2.008982
-1.141243 0.3692808
2.782001 0.687532
0.6661595 2.351983
2.055802 0.8723186
2.364255 -0.05303751
0.03245209 2.429983
0.7402747 1.86173
-0.05944353 1.953447
-0.6626189 0.1283882
2.429601 2.188754
1.301573 0.8333013
-0.2853507 1.799794
0.1315992 -0.3561186
0.008050236 1.747311
-0.5100538 0.6819145
1.213205 0.5552892
2.872861 2.319267
1.886618 0.7830458
1.978795 0.7339979
1.299512 2.188784
1.052836 2.796553
-0.4155947 2.555924
0.1308618 -0.006887053
2.048436 1.139314
-0.5910598 2.399106
-0.7770708 1.040054
0.5991478 1.894635
1.851816 -0.3164125
0.04264981 1.226497
1.787759 1.005922
-0.3498752 1.80949
1.599877 0.7332939
