0.07667682 -0.03422867
1.937503 0.8613677
2.174852 0.7146599
1.493401 1.340538
0.07941479 0.4884905
1.951161 0.9715009
-0.4593253 2.388202
1.213536 1.769754
1.612932 1.348862
-0.2378955 0.3139079
-0.4042522 0.3196613
1.552227 0.2993011
0.7784979 1.940674
1.042412 0.9200852
1.429161 1.558188
0.8985193 1.290396
2.83457 1.205262
2.633488 -0.9553994
1.789011 3.970799
1.371191 2.196554
2.050144 1.546024
0.3361114 1.145618
1.364017 2.692742
0.3908359 0.3796398
-0.6753313 2.487183
1.81705 1.917828
0.7199515 -0.9885681
-0.002082156 0.3917527
0.4418769 0.6692737
0.4134858 -0.4204937
-0.1345927 0.1741679
0.7767664 -0.9087352
-0.6320906 1.839112
0.4398547 1.401304
0.1433677 0.565388
-1.617089 -0.0968132
0.1496035 0.8059333
1.271564 2.351552
-1.080401 0.7617987
0.6218555 0.4966583
4.197716 1.069555
0.9933129 0.7421779
-0.3274962 1.127625
1.63862 0.9343906
0.3497818 1.703226
1.93375 0.9621838
1.160011 2.895571
0.6033288 0.462195
2.817287 1.291754
-0.09743041 1.056576
2.891272 1.984111
1.993202 0.9167505
1.950182 1.86576
2.254502 1.575539
1.592674 -0.7141726
0.6255194 0.910287
1.468702 0.3295253
3.170334 1.826522
2.919074 0.1258199
3.632711 2.007441
1.330603 2.6915
0.2475331 1.233759
0.6573151 1.124934
2.090165 0.8953015
1.591626 1.642276
1.843897 0.1833494
0.7764368 0.4470942
0.8638646 -0.08683245
1.18196 2.688113
1.700754 1.163926
0.8724514 0.2937293
-0.1890074 0.6200368
2.495065 0.3472366
0.335396 1.088311
2.083172 0.3907901
1.362663 2.453349
-0.6488874 0.1548423
-0.01230489 -0.2348319
1.336065 1.358059
2.355552 1.468281
0.9041445 3.291918
-0.05520824 1.264376
1.865277 2.812484
3.662905 1.452246
1.568609 2.128612
0.8029453 3.387697
2.501419 2.216049
2.230861 1.207033
1.279275 0.8496533
0.9246811 -0.1093974
0.4466066 0.229303
0.6570544 1.84283
1.068818 1.685821
-0.3367012 -0.08567617
-0.941208 0.4810963
-0.10463 -0.3629339
-0.2181486 -0.008766085
2.204029 1.981323
-0.4231916 1.255709
0.561937 1.40336
2.085004 0.4310691
1.187952 0.6918429
-0.3678853 0.6721988
1.770331 -1.221134
-0.1901171 0.861881
1.028302 2.152636
1.722437 1.317672
-2.45551 0.7619886
1.528211 0.7848894
2.813227 0.1578754
1.00253 -2.26127
1.014722 1.998644
0.6909404 -0.1922555
0.6629658 3.018026
2.604952 1.239353
0.2194267 0.06619422
2.951084 1.287757
-0.0764794 -0.2536299
2.840351 0.7986984
1.200284 0.8074444
1.35172 0.541064
0.2229887 1.121553
2.886634 4.494106
1.811776 -0.3719217
2.039604 0.03686427
0.8122992 1.646324
-1.466394 1.832161
0.7466397 1.394493
-0.627105 0.9462163
-0.705025 1.391098
1.608224 -0.1358
1.973134 0.5372168
0.6612029 -0.5784336
1.606773 -1.363528
-0.5034222 2.112843
-0.1886031 0.1908694
1.127192 -0.3684344
2.257332 -0.7211767
0.01148454 1.210893
2.126568 3.012479
2.925102 0.7376331
0.292619 0.6769529
1.786109 1.50603
1.039588 2.136635
0.4670363 2.377003
-1.746806 2.426315
1.047061 2.05032
1.747882 -0.3569837
1.99444 1.685819
1.392132 1.440791
-0.6165912 1.93325
2.363966 0.7976627
3.022525 1.331198
2.148506 2.29824
-0.41426 0.2103592
1.435061 0.9229317
-1.810784 1.011809
-0.9253556 0.7936738
1.762306 2.116477
0.6942227 1.3816
1.228631 -0.04430669
1.604086 -0.5014331
1.350819 1.382787
1.390783 2.719936
1.14371 -0.3197701
2.457634 1.120219
-0.5031224 2.136566
-0.3287216 2.681739
0.6593449 0.343439
1.059326 0.7788581
2.982442 2.072894
1.432322 1.415156
2.651288 0.3868932
-0.165441 0.07688717
0.5285527 1.538021
1.418207 0.56701
1.069008 -0.9514557
0.3761616 2.702128
0.7463188 2.047937
2.497498 2.02467
0.9212085 1.061533
1.859958 3.48323
1.371449 0.03058299
0.4919821 1.112013
-1.969043 1.518752
2.514416 1.212608
0.02162707 0.8724303
0.2664163 -0.9591873
0.8919028 1.399706
1.37811 1.045718
1.201642 0.4850535
1.334052 0.4030514
2.95705 0.632944
0.183073 0.6517084
0.8835796 -0.1366443
0.7109685 0.2633383
1.921187 1.140485
-0.6296514 2.877041
0.8395952 1.758167
0.4725036 0.7052306
