-0.1361717 1.785334
-0.4457408 -0.893901
-0.09705938 0.5656208
0.6638055 0.03926064
0.8947277 1.585692
0.1043658 -0.3163551
-0.06949533 1.417603
0.8598534 2.022441
-0.05035347 0.7126963
-0.2063329 0.8569718
3.018959 1.434104
1.176677 -0.1266788
1.695612 0.33743
0.2600749 2.672978
0.07039919 0.7150869
0.1921727 0.9176917
0.7266371 1.045194
-0.3642546 0.2328911
0.6085436 -1.156308
1.209463 1.279721
0.9824263 1.57374
1.195042 1.066638
0.1629031 0.3659196
2.182065 0.3932261
0.4071117 0.6754946
1.296067 0.2762919
0.6378141 0.9886835
0.9605675 1.410489
-0.1208067 -0.3704721
0.5845237 1.911735
1.414139 1.120803
1.495551 1.3341
1.80927 0.02271637
1.417336 2.807357
2.394085 0.9081873
0.5470688 1.29658
-1.052008 -0.1181116
0.5409557 1.218578
1.615791 -1.349381
0.002042844 0.2365652
1.112998 2.887594
1.055338 1.955651
1.196889 1.921867
0.3219457 0.83222
1.429635 0.9115372
0.3318703 0.7467659
1.360354 2.054353
0.9934542 2.190201
1.228386 0.6641755
0.6109316 3.132965
0.3734097 2.460733
-0.2674457 0.08737176
1.534068 0.8510162
-0.1368069 0.7482761
0.630379 0.06670683
1.589119 1.307394
2.605749 1.100419
2.266757 0.04942107
0.5316306 0.1536985
0.8539256 1.18533
2.347417 1.428154
1.665246 1.536371
0.4390746 2.138312
1.879744 2.612389
1.952342 -0.1377273
2.055313 1.402635
1.838673 1.255167
-0.172693 1.557385
0.6991689 2.033784
-0.2978001 2.116053
0.1568419 1.271993
1.438545 1.463157
1.778908 0.2161664
1.423507 0.543424
2.865586 1.029558
0.6148534 1.103314
1.317865 0.5856562
1.944472 0.6943679
0.6655306 4.808691
0.457557 -2.00901
0.227009 1.794556
1.973472 1.700725
0.5423738 0.06535356
0.1318461 0.4904522
0.9524644 2.078835
1.238606 0.7597169
2.047928 0.2414742
1.071852 2.77644
0.1966827 0.6175224
1.57513 0.9413589
-1.224237 1.333649
1.469667 -0.02032141
0.5384712 2.107602
1.448727 0.7209599
0.1448766 2.061814
0.1080106 2.179509
1.655755 -2.027465
0.2466478 1.577631
1.366151 0.7342593
0.01517556 1.242997
2.161492 1.541404
1.827973 1.894931
0.4915401 0.5788795
0.314683 0.997542
0.7052514 0.383504
0.06020991 0.8787
1.134616 -0.4461061
0.8914317 0.5593449
1.08558 -0.5103069
1.434956 0.3258625
0.8313768 2.273791
0.7062298 -0.8198137
-0.2365258 -0.9926242
1.802771 2.665579
0.6119977 0.7719684
2.073719 1.782166
1.293826 -0.2732852
1.069051 2.809713
1.51615 1.035955
0.550447 1.105657
1.931087 0.2788747
1.439603 1.252884
0.604286 -0.2611795
2.281422 2.340787
-0.4700568 2.026742
1.459162 1.523296
0.4203513 0.4706063
1.001768 1.130304
-0.765854 2.332256
-0.0003294911 0.2490032
0.5916991 2.977493
0.6298581 0.7579897
2.379451 1.384796
1.390399 0.8160393
0.06673161 0.200316
0.6628657 1.683633
1.129098 0.690059
0.9316589 -0.3120148
1.79495 1.71168
0.7798727 2.219767
1.008427 0.3781775
0.8389117 2.01044
2.137056 0.8857482
1.350201 1.219077
0.511083 1.014219
2.141611 0.4278237
0.9613913 1.210744
1.33747 2.388785
0.09451691 1.585273
-0.1206381 -0.9525289
1.562226 0.9380274
1.448299 0.8965185
2.99365 1.153958
1.819162 0.04156228
0.3547771 1.11243
2.800067 0.6599594
0.9009593 0.3150843
1.448826 1.507035
1.053193 0.8693497
-0.2456914 1.242832
-0.6476794 0.9005334
2.116007 0.3962002
0.7584978 3.175515
1.067001 1.515184
1.651399 0.4419866
-0.5244023 -0.5730784
1.673031 0.8002905
-1.021596 1.045121
0.6885643 0.03557088
-0.4670192 2.260668
1.117158 1.194632
1.8822 1.179983
1.235071 0.9595132
0.8859531 2.071995
0.4107551 1.921133
1.684993 2.411628
-0.09920929 2.091293
0.8875138 -0.01784477
-0.06620874 1.542168
3.275866 -0.7356523
-0.3456678 2.035625
1.491532 0.8888305
0.3463069 0.2306643
-0.9908089 1.116029
1.510191 0.1460071
1.29736 2.062403
2.221365 0.6097545
0.2102248 2.047287
0.2150036 1.466501
-0.1691732 0.8269711
1.198789 1.336467
1.996857 0.3788205
2.468854 1.451286
1.918135 -0.6810054
2.369885 0.6533001
0.6575417 1.427569
0.8893451 1.204243
-0.2190672 2.340961
1.132142 0.120809
1.237444 0.04924419
