-0.3716229 1.173412
0.440247 -1.501338
0.2472408 0.5098007
1.359223 0.4787056
2.282855 1.860119
1.990299 1.8902
-0.2129768 2.102509
2.161239 0.7380903
0.2151483 0.1800913
0.8705167 -0.6915862
-0.1684459 1.624936
0.09538953 2.512765
0.6672026 0.1758915
1.975298 -0.2218014
-0.3835644 -1.303089
1.367042 1.845875
0.9470187 0.49294
-0.2302696 1.512396
1.060756 1.705582
0.1099985 1.480069
-0.5834578 1.074016
3.102951 0.219775
0.8098544 0.5960096
0.7979102 -0.5764462
1.601628 1.284223
1.699726 0.6002646
1.438193 2.2221
2.515395 2.463169
0.6985957 0.8761524
1.102278 -0.4281432
2.521255 0.8214605
2.161832 0.5088504
1.397384 1.561372
3.526488 1.505364
-0.4779924 2.080482
0.1966533 1.66316
1.13142 1.560892
0.9484677 0.9908308
0.7263985 0.7041323
0.9215172 0.3115966
2.130113 0.84518
1.28924 2.881962
0.6749651 1.064895
1.049893 0.03384747
1.599909 1.787801
0.6058434 -0.5222361
1.701227 1.821598
-1.035663 0.8567457
0.4652708 0.372743
-0.1373135 0.4170487
0.8401837 0.6572865
-0.6681204 0.832358
1.461113 -0.1389889
-0.1557474 2.439685
1.209534 0.4704276
-2.15675 0.2324974
0.1938036 0.912081
0.5137954 1.634666
1.020399 3.04176
2.969909 3.686751
0.4745569 0.877628
1.880514 2.077286
-0.6031949 3.367533
2.015245 0.6983924
-0.3063697 2.944458
0.1574895 -0.6417416
-0.5019187 2.100655
0.8207005 -0.7672321
-0.3730548 1.319227
1.752649 1.386838
1.923782 0.4533104
1.77106 2.901283
2.932761 1.334571
2.582945 1.167909
1.415044 0.8611013
0.9461312 1.583895
0.3735155 1.289496
-0.2945288 0.1740325
1.27852 -0.04867587
0.7414869 0.8466031
2.072683 2.038062
-0.2989341 -0.9790501
2.352612 2.367261
1.501276 0.7301155
-0.1410632 3.51265
1.285066 -0.145878
2.089172 1.10566
0.8780189 1.756035
2.571893 0.04052333
1.634507 2.798799
0.2324439 2.790535
-0.8548299 1.756449
2.74439 1.864352
0.7455758 2.715325
1.440132 1.305642
1.146063 1.669817
1.865962 0.6951522
0.1273559 1.021301
-0.4436226 -1.014445
0.1011896 0.6870911
1.700744 1.572507
1.419299 0.7694754
-0.1637787 0.476671
0.03483654 2.087983
1.170602 1.071323
0.3654236 0.001269545
2.112813 1.436407
0.3323914 2.141334
1.056048 1.628336
1.430076 1.166427
1.684832 -0.1648857
-0.1531944 0.5753238
0.02394083 -0.5039243
1.574462 2.105825
1.523066 -0.08057449
0.6838057 0.7115553
1.897432 0.5931451
0.4870318 2.225379
0.05693842 1.347635
-0.7106334 -0.7413147
0.1374892 0.1795225
1.212222 -0.5261263
2.249304 2.681164
1.515274 1.388545
1.328144 -1.061593
0.7849063 1.246496
-0.3032244 2.244821
2.103588 3.173024
3.596733 0.05648492
0.09123559 1.955836
2.542928 1.651391
-0.2587549 1.914092
-0.1094283 1.465177
0.8144371 1.179966
1.565853 3.748988
0.3953652 1.52944
2.384244 0.9230127
0.7756881 3.350777
1.088072 1.543952
0.9541497 0.4434625
-0.8623654 0.03306117
2.418534 1.500242
1.474284 1.293098
-1.409928 0.5884425
-1.428581 1.624996
1.726361 2.412937
0.8177069 1.449263
2.194087 1.084346
1.344228 0.1636595
2.255903 0.8696669
0.1595 1.081203
0.6272137 -0.06767743
-1.060854 -0.03497027
1.121291 0.3577313
1.482748 0.1432448
0.4661914 0.4251014
1.13985 0.801357
0.1591061 0.885444
1.208102 0.8279664
-0.09636357 1.136124
0.6538167 0.3966152
1.350996 -0.3679025
1.93382 2.10057
1.469134 1.979147
-0.3640936 1.741246
0.09967975 3.383787
1.469738 1.404663
0.7556561 1.928678
-0.73543 -0.03481381
-1.085119 2.000552
0.5322043 1.374845
2.438461 0.7877832
0.2087363 0.5308844
2.738334 0.4637882
0.7098582 3.825631
-0.5792605 2.620927
-0.7107364 1.733667
0.5814212 0.4492186
1.64033 -1.736539
-0.20949 -0.6729104
0.7420535 0.4928324
1.17012 -0.314114
3.040476 -0.1075687
0.4884211 1.526461
2.353879 1.497214
1.649745 1.405431
-0.09924735 1.234974
1.56238 2.165046
1.04495 0.7486952
1.126907 1.468194
1.349998 3.060585
1.517272 -0.3679945
3.078781 0.6079162
-1.33919 0.9618914
-0.7700143 1.986209
2.974919 2.554945
0.2458534 0.8823572
-0.7426944 -0.09736221
1.131478 1.610878
-0.4887929 0.9031924
