0.3516597 1.146882
1.124359 1.297472
0.6845316 2.166947
2.540997 -0.0914885
-1.330247 1.288302
2.4561 1.035461
1.342012 -0.2520038
1.328422 0.1403007
0.5141841 1.984258
-0.6579656 2.290414
2.532409 -0.8226355
-0.7371495 0.5026287
1.903761 1.526268
1.809007 1.867525
1.771865 1.542165
1.708929 -0.05963589
0.3563284 1.12148
1.881764 0.9493903
0.3909014 0.7411365
1.984706 1.439684
0.8030981 1.986866
0.6227049 1.85684
1.100474 -0.1209995
0.9275143 0.09424786
2.11975 0.1242192
2.093421 0.5426917
1.863135 2.087464
1.460636 0.6505513
1.534016 1.548104
-0.0452627 1.316498
1.443561 1.762287
2.382741 -0.2208222
0.5149264 -0.1613585
0.1214938 0.3331315
1.011388 1.844931
2.823783 -0.353686
2.880699 1.199104
-0.7097613 1.37571
0.6682223 -0.3843112
0.5907897 2.255838
0.4944947 2.439168
1.373975 1.011134
0.8860655 1.481419
3.103564 1.608982
-0.7861736 0.5423226
2.24619 1.212818
1.544863 -0.6802756
1.67557 0.7957518
1.177705 2.457688
0.7078937 2.170205
-0.004021083 1.741471
1.961472 1.786777
3.061879 1.2892
0.6179221 0.2322077
0.5804272 1.669217
0.1877687 -0.4756845
0.5060364 -0.0758969
2.247267 1.664284
1.687101 0.07056533
-0.04698204 1.110563
1.376149 0.8497357
-0.07398287 -0.6041226
2.597601 0.6823572
0.7153899 -0.4875695
-0.6798173 -0.3176705
1.14492 0.5848943
-0.05666164 2.691436
0.7636754 1.353096
1.338109 1.060788
0.02706851 1.092259
0.8786674 1.770645
0.5490346 2.429652
0.2525372 1.243039
0.6467379 0.7088227
1.23725 0.2566899
1.008928 0.1981353
-1.040922 0.7400977
0.2952249 2.19997
1.190049 -0.04681515
1.196884 2.54932
2.581274 1.039349
1.855921 2.626475
-0.6610391 1.347594
0.5626512 0.3804836
1.279092 0.5699552
-0.168493 1.179742
-0.04472303 2.358971
1.562531 -0.4915556
0.3390121 0.07847389
0.525314 2.682454
1.596408 2.941026
0.8978833 1.668184
0.7348913 0.1677997
0.8309748 0.4392645
2.348084 -0.5540941
0.3626282 1.549546
-0.7421552 1.575917
1.044235 0.1289968
2.702149 0.3311804
1.39968 0.8602628
1.834536 3.046265
-0.1135462 1.817449
-0.2414923 0.3514849
-0.7992544 1.312401
0.3966163 0.4587168
-0.9826724 1.123379
2.890374 1.148131
0.2507034 0.294497
1.646369 2.340605
1.273664 0.9104131
-0.4193035 1.270413
2.747531 -1.138106
0.3047435 -0.9107915
0.9220379 2.637783
-0.398793 2.169355
0.3888119 0.008496558
2.934994 1.355779
1.575804 -0.2270118
1.900849 1.310803
0.3646948 -0.2571622
0.4513267 -0.8073738
-0.1351605 2.217089
2.725416 0.3676909
0.715576 1.780593
0.5940806 1.37852
-0.1242686 1.356629
-0.301947 1.390105
-0.07650681 -0.3839559
1.268901 2.155887
0.3493201 0.3065466
0.6623657 2.026945
1.108426 0.03165511
0.5878578 0.7698269
1.12301 1.452482
0.9629752 1.323555
0.485902 1.718572
0.3613329 0.9949327
-0.391096 0.9050593
0.2669871 3.182831
-1.795418 2.240624
2.19825 -0.4428372
0.3843641 0.7990848
2.286989 -0.1168422
2.792033 0.1227323
1.097201 2.895687
1.716559 -1.270761
3.562105 0.7520558
1.300628 1.969584
-1.029837 1.492909
1.17666 0.2274208
2.102717 1.140023
2.038823 1.461025
1.970646 2.285907
1.291886 -1.11462
-1.979224 -0.9786602
0.9852742 2.273236
1.500088 1.552517
-0.7237824 0.5182576
0.9150159 1.322069
2.649462 2.006949
0.5473778 2.849276
1.890911 2.882304
0.1150388 1.122013
0.9751359 0.3451258
1.152728 0.3007239
1.097606 0.403595
1.150751 1.580816
-0.3075503 1.424998
0.6998864 1.996189
1.803697 1.152434
1.018189 0.6273558
0.4841206 1.034547
1.08991 2.176954
0.2184186 -1.439131
0.2849052 0.8892813
2.31579 0.2546754
1.309837 2.405241
0.3351256 -0.09968449
2.286637 0.1982947
1.324834 1.765723
0.02017983 1.005417
0.8688709 0.9425744
1.282323 1.054132
0.9083943 0.003383953
1.478789 -0.04277571
1.959038 0.3394611
2.479927 2.185794
1.072041 0.8407926
0.8251214 -0.6870905
2.966239 1.47783
2.695777 -0.6668272
1.490651 1.780578
0.3205123 1.574812
-0.1245795 -0.2094287
2.890782 -0.6117845
0.05832283 0.6147723
-1.280844 1.283429
0.342271 0.7654405
0.9445523 2.266188
1.014913 0.1155675
