1.104871 1.455906
1.187654 1.596388
-0.2196848 2.702164
3.406063 0.9001913
0.8333323 1.395505
1.286265 1.49366
2.576118 0.4536222
0.6653446 1.164561
1.902562 3.099579
-0.5293584 -1.444192
0.9606092 -0.2764928
1.980296 1.840978
1.075849 1.252939
1.85827 2.314932
1.200251 2.59694
-0.5300603 1.737925
1.211855 -0.8455619
-0.8184324 1.041574
1.787319 1.410352
0.4678955 0.05432783
0.1579396 0.9230975
1.968929 2.609409
1.17173 3.480143
2.150439 1.174839
-1.809953 -0.7569412
2.044433 2.700056
2.109947 1.613816
2.065054 2.257154
-0.53476 2.952818
2.093978 0.02539648
1.486355 1.178958
0.9401885 1.848411
2.039136 1.242911
0.1987992 2.012402
-0.3007399 2.611695
3.614865 -0.4333334
1.747885 2.016607
0.1813992 1.644222
0.5418894 -0.9620916
0.06432737 0.4325757
0.05608819 1.215557
-0.3456804 0.1519808
0.7441187 -1.020775
1.294686 3.046197
-0.8044531 0.8992924
1.264097 2.259599
1.187977 1.354058
0.7645466 0.05007094
1.039837 1.421369
-0.8022028 0.6686117
0.6605912 0.7096714
2.474194 0.681502
1.121498 -1.504178
0.1457524 0.65814
-0.8379702 1.872976
1.734225 0.453505
0.01725739 2.282431
1.962459 0.2716375
1.663085 1.146338
1.043836 1.575534
2.496287 1.060027
-0.4061437 1.871455
1.387127 0.4042093
1.750394 0.4707335
0.8429469 0.003266399
-0.2112436 1.162693
0.5073799 2.093431
0.3457184 1.135714
0.9418931 1.410173
1.82899 1.483343
0.9826869 -0.2970573
1.287605 0.8465083
-0.8065914 1.47532
1.864477 -0.724622
1.06486 2.14788
1.737602 3.12968
1.401201 -0.3188928
1.22752 0.6236673
1.36098 0.05695502
1.326694 0.27537
1.611074 -0.03005556
-0.4931624 0.2008673
-0.3410259 2.024197
0.6873623 2.167528
1.957687 1.060528
-0.2851761 0.01564151
-0.06510299 1.759725
-1.115955 1.389325
1.705261 2.343215
0.2839089 2.09962
-1.169399 1.445434
0.9253904 0.5049146
1.348631 0.3179142
0.5244238 0.6687793
1.516476 0.2008504
1.735159 1.706217
3.419307 0.1859095
-0.8604685 0.1770772
1.428603 -0.5066787
0.5470976 2.655282
0.3212756 -0.03578428
0.8141201 0.3491827
0.8558309 1.081003
0.6922658 1.404264
1.959833 0.3395877
1.149299 2.166881
0.7517611 -0.09152715
0.7180825 0.8427098
-0.115584 1.278565
0.3005451 2.501309
2.753254 2.231018
0.9659684 2.249773
0.8358873 -0.4140308
1.254563 0.8122773
1.088587 1.45017
1.325779 0.6613895
0.2873217 0.4286801
1.031267 0.7348491
-0.03373672 1.477854
2.192997 2.532523
1.448418 0.5027003
0.6774915 0.7768176
-1.491825 1.846358
1.220698 0.01526348
-0.8672791 1.717878
3.086485 0.2551379
0.5562131 -1.154802
0.7444699 1.033775
0.9595093 0.1913535
2.662262 2.536705
-0.4444615 1.595872
2.634106 1.007278
1.15685 0.1564846
0.999135 1.162228
1.333182 0.7087397
1.317729 0.4548874
1.753504 0.1075581
-0.689976 0.6147744
2.140468 0.2264646
0.8144058 2.904502
1.776061 -0.01813446
-0.4986273 1.911385
0.697202 1.042434
2.034052 -0.7221824
2.340949 1.280215
1.8509 0.6973401
2.135153 -1.46466
1.861271 2.604384
0.5311623 1.256323
1.229341 0.2164614
1.926668 1.59615
-1.051096 -0.3083521
0.02008949 1.970269
0.8305283 -0.2165726
1.356799 -0.1534175
1.159368 0.9822455
1.463951 1.029714
0.9166953 1.870385
1.565327 2.120267
0.8815564 3.746119
-0.7320479 0.9296766
1.67682 0.01812932
-0.3430198 0.7104098
1.987577 -0.233514
1.550936 -0.09364843
1.223792 -0.8248706
0.7672825 0.318532
1.472916 -0.3693506
0.8383352 2.003098
0.9544808 2.353821
0.6328579 1.848404
2.075411 0.734952
2.414953 1.242395
0.3231466 1.217137
1.3688 1.956698
-0.7077284 0.09697891
0.3362197 1.073826
0.6923924 -0.1081888
0.9675955 0.878933
1.075516 0.3347171
2.005527 -0.7491665
-0.07364118 0.9758814
0.1717023 0.6289957
2.926874 1.591817
0.2031874 0.3967681
1.085568 1.626509
0.4090725 2.270531
1.656109 1.829481
1.319528 -0.5147302
0.601709 1.182193
0.06099128 1.365119
2.506426 -0.3659198
1.641967 0.2545272
1.382532 1.803701
0.01089368 2.775835
-0.6634411 2.819021
1.636412 1.44893
1.125323 2.98769
0.1324224 -1.241819
1.404476 0.4818746
