0.2521022 1.872312
1.854408 0.9773933
3.36641 1.767583
1.699894 1.354711
-0.7265824 1.622588
1.174662 0.08434519
-0.5960791 1.549678
-1.400196 0.9277407
0.6535665 0.5011469
-1.46338 0.2477356
1.528857 -0.105383
1.836811 2.405061
1.38514 1.300847
-1.376301 2.02704
1.28918 0.5689991
1.160718 1.062703
0.5518858 1.370656
1.345374 1.048654
1.265072 1.587878
1.0263 1.406026
-0.4645952 2.360849
0.2753773 -0.1501051
-1.955689 1.564093
0.8414902 0.2545457
0.2558701 -0.5479368
3.30379 0.4022059
-1.205286 0.2004207
0.2037036 0.5280938
0.9569318 0.9607435
0.2134321 1.432024
0.08820025 1.61274
0.6334692 -1.021514
2.505678 1.750137
2.184441 0.2746532
0.401963 -0.7491543
1.886997 3.228573
1.131453 0.110371
0.8022398 0.636248
2.223037 1.811303
0.915718 1.334195
2.145726 0.4486086
0.4996312 2.079576
0.3843918 0.4204104
0.1360723 2.248904
1.699066 2.330295
0.2178134 0.531954
2.426243 0.5934753
0.8936253 -0.7959702
-0.3245926 0.3392204
0.9171438 2.243358
-0.7570837 0.1131433
3.0152 -1.30441
0.8067989 0.3058924
1.508631 0.5834041
-0.1817596 -0.4478623
2.605997 0.3769811
2.493244 1.086803
0.651535 2.165092
1.213337 0.6209058
2.036677 0.3502848
1.13742 1.254177
2.910483 1.490646
1.127331 1.965557
1.839207 2.472027
1.432894 0.7722461
-1.127372 1.352698
-0.1316186 -0.2457282
1.337753 0.2899304
2.217121 1.920804
1.27599 2.083268
2.628819 1.270854
-0.202723 1.421691
-0.8458051 1.318578
-0.4883022 1.797947
-0.5869693 1.627647
0.6094196 1.806629
0.983521 3.507106
1.177025 2.484903
1.712585 2.56623
2.525048 1.031324
1.162874 2.108148
0.1903456 -0.1343764
2.430132 1.669417
0.4132611 5.582988
2.69974 0.9147868
3.210266 -0.8707105
-0.4903629 0.3213684
0.6511262 2.630922
1.638205 1.060326
1.19651 0.7989232
1.191112 1.438682
-0.3737487 1.475297
1.111165 -0.1525709
1.757041 0.5724165
0.7480597 0.6295655
1.51358 1.006592
0.6815638 1.422368
2.061657 -0.5723874
1.314216 -0.06001678
0.4476879 0.8905453
2.150102 2.033658
0.4082857 0.4957863
-0.1258407 1.525513
0.8544795 1.312071
2.590488 0.1161605
1.254529 0.846186
0.1126172 0.8875751
0.4555155 -0.2210827
-0.5075403 0.2387171
-0.0944072 0.8732864
2.436945 3.047565
-0.7156995 0.3414103
0.5339588 1.393492
0.9783365 1.442678
2.035859 1.04174
2.57766 -0.2695815
-0.3480321 -0.1050254
-0.05228241 1.213412
0.9581704 1.307828
1.871963 1.186788
0.4597302 0.3980293
-0.1522384 2.794612
-0.1168036 0.778691
0.9390203 2.431217
2.793271 0.7298979
1.375425 -0.7051311
-0.5541409 -0.6194472
0.8819183 2.271607
-0.2577343 -0.2742995
0.5220163 -0.3572808
1.672254 0.5464535
0.5376795 -0.5010015
2.090615 -0.8479815
-0.2359685 0.4836508
1.540472 0.3111817
0.3753329 1.133899
1.36608 1.240872
1.685556 2.461392
0.1406939 0.3987745
-0.6026275 0.3997789
-0.6958959 0.5293217
1.093371 1.43052
0.9925184 0.3980403
1.361602 1.133296
1.064723 1.689808
1.29894 1.670316
0.9459423 1.832881
1.773389 0.7160583
0.1795502 1.723192
-0.1562439 0.1472862
0.7464244 0.8680916
0.7671256 -0.5992347
1.220705 1.645093
1.162615 0.7299171
-0.5930861 1.463348
-0.9875475 1.966758
1.093179 0.6081758
1.909426 1.325983
2.213242 1.276468
1.146783 -0.4640435
0.9785329 1.110755
0.5342607 0.7692791
2.296735 1.894801
1.836331 0.7381484
1.348287 1.219145
1.825805 1.662756
1.178153 1.538909
3.254351 1.196935
0.8960216 2.497622
-0.05881193 2.693298
0.3699847 1.039215
2.323085 1.336465
1.076691 -0.5316037
1.643478 -0.2861843
1.518781 0.307315
0.8052354 -0.704099
1.9859 1.065442
0.5011555 0.2696231
-0.1256668 0.3901499
-0.9447337 2.188921
1.464663 0.1716313
2.712185 0.8695027
0.8682763 0.2376943
0.1467182 -0.3787267
2.687967 1.131908
2.365212 1.655981
1.329297 1.25534
0.7205445 -0.09988786
1.465698 1.082351
0.7524822 1.781658
1.947203 1.335942
-0.4581639 0.7716634
0.3974368 0.7658468
0.04927072 0.05497918
1.407934 0.9519567
-0.3096503 1.261612
2.693681 3.492801
0.3011686 1.246599
0.7161902 1.113187
0.491355 0.5396641
