-0.08722363 2.466756
1.399304 -0.2012208
1.226038 0.8570925
0.0493687 0.9050322
1.379272 0.6890213
2.954496 0.36085
2.579223 0.6302849
0.5485351 1.937022
0.2000012 -1.317609
1.081793 2.094143
1.036241 1.872572
-1.685654 2.20505
1.231262 1.000732
1.674787 2.214851
0.8118792 1.688316
1.738959 0.7467972
0.1525568 2.992036
1.912116 2.213226
0.9187667 0.2052811
1.502737 1.120647
1.783085 0.4816639
2.183097 1.942672
0.6502595 0.7162789
0.2439707 -0.5109747
0.8119416 0.5033287
2.94407 0.4841814
0.06022356 0.67059
0.8710829 0.6068498
0.4899377 0.57725
0.9718863 -0.4043472
2.008888 0.2752149
0.991328 0.9795872
-0.08043234 0.7785736
2.702259 1.500862
-0.05853564 1.093281
2.465005 0.384913
2.189196 1.239485
-0.02019057 0.8105169
-0.3223647 0.5493252
1.641545 2.220902
1.504616 2.837789
0.278962 0.2281355
0.302666 1.111614
1.004139 2.231971
2.045176 0.5207417
1.273945 1.926929
0.6724811 2.287599
2.416097 0.8884722
0.4859788 1.335189
1.521195 1.755089
0.3545351 1.858964
2.972118 2.132409
0.2004829 1.595375
1.029527 -0.6086699
2.504098 -0.445188
0.4226976 1.487266
-0.09063609 1.253213
0.07609003 1.092335
0.6670329 0.1966776
1.601521 1.119385
0.4902953 1.447794
0.8442649 2.687506
0.8400552 -0.09170891
0.7060716 -0.05738548
0.691371 0.5650706
-0.8400191 1.565367
1.398174 1.393985
2.435688 0.6522609
1.028264 1.715685
-0.1228249 1.128545
2.609772 1.218831
2.109244 0.3628348
-0.9661439 0.4932888
2.148112 1.238601
2.077103 1.365804
1.947295 0.1078287
2.287547 2.193287
1.929861 0.0159484
0.4017179 3.088293
1.708861 1.317745
0.6420526 1.311699
0.5990931 0.9831692
2.373589 1.204206
0.1440962 1.557866
0.6796285 0.4441041
2.262642 0.6595548
2.113208 1.205171
1.511501 1.747236
0.9436024 2.03412
0.5331055 1.381407
-0.1663628 2.871562
1.299065 -0.4543413
1.658769 0.9103943
-1.324816 0.5279675
0.9213772 2.828328
1.239757 0.2683659
0.6249854 1.672788
1.317619 -0.4175884
1.148191 2.227826
0.8991837 1.646669
-1.250959 -0.6168981
0.4637388 0.2856482
2.382892 1.468776
2.369734 1.755601
1.713139 1.567496
1.210609 2.302301
1.241801 0.398876
-1.021247 1.183225
2.042367 0.09669434
1.204791 -0.1247194
0.8830636 0.8865296
1.386224 2.89457
0.136009 0.184714
1.086048 3.237565
-0.6352057 1.473643
2.763106 0.5421696
0.4031354 1.126908
2.355475 0.6145023
-0.4196843 1.602973
1.288322 0.5550903
1.834779 0.9285011
0.6939863 0.5916035
-0.6748917 0.2528728
1.811405 0.07387747
0.5230423 1.149282
0.5965741 2.160313
1.008391 2.222084
1.504332 1.203409
1.647572 2.644363
-0.3470025 -1.728826
1.088162 2.095333
1.253847 2.066609
0.2223702 1.017898
0.7464637 1.682953
0.2579393 0.4177737
1.850998 0.7367455
-0.1727322 2.045523
1.611302 2.589731
1.215991 1.124764
0.4649234 0.6213368
0.2112586 2.96962
2.586344 3.101475
1.682254 0.1879636
0.7940076 -1.35337
1.322871 1.482458
1.685519 2.18122
0.2644483 2.065347
0.7885386 0.0188583
1.729198 2.464796
0.9992008 2.177585
2.08215 0.4748761
0.6832655 0.005380479
1.123615 2.604744
1.133622 0.3223528
2.842068 1.2903
1.213508 0.2203527
1.012341 0.5642458
-0.9156107 0.4563268
2.391873 2.249137
0.6609273 1.565449
1.694325 0.6928496
-0.6651116 2.464526
1.534281 0.8283847
1.0896 1.029613
1.477762 -0.3003051
1.352073 -0.07901232
-0.6185393 1.253713
-0.2169657 1.598695
-0.3181075 -0.03563281
-0.4491737 -0.1920515
0.9261633 1.11963
2.484753 -1.027234
1.061956 0.8777931
1.22052 2.172012
1.354784 1.544078
0.2052092 -1.941588
0.3675486 0.06793114
0.3276975 1.766349
0.2890252 1.799554
0.9521532 1.021461
1.427224 1.556355
2.37528 1.445835
1.360472 2.086181
4.493235 -0.152488
2.888328 0.6894838
0.4148542 -0.6980417
0.889884 1.126443
2.448845 0.4946253
0.5087448 2.543491
0.2403334 -0.1413161
1.15389 0.8827183
-0.281585 2.416227
0.9148622 2.347267
0.790844 1.576204
1.244767 -0.0469556
2.011686 0.8386257
1.319461 3.166607
1.793128 2.30483
-1.006628 1.363503
1.022189 1.517786
