2.549424 0.07272514
2.068158 2.00007
3.163751 0.7405408
2.7426 -0.6078625
-0.02423541 1.809285
0.6896229 2.022734
1.351829 -0.4060734
0.8387904 0.9476124
-1.610597 1.742393
0.06816181 1.329308
-0.5025332 1.164623
-0.5085904 1.082
0.265108 1.812327
0.5948711 1.953759
1.314451 1.026985
2.250919 1.18422
0.3890002 1.444442
0.8924907 1.614982
0.8410588 1.15626
0.970001 2.050653
0.908462 2.042992
2.274797 3.03195
1.200693 0.8055325
3.036968 -0.7953867
-0.544849 1.531614
1.439954 2.49316
3.271847 -0.94922
-0.5502248 -0.4627326
0.2235926 0.6860724
0.9398754 -0.4106333
1.053018 0.8483387
0.9931234 1.766154
0.8988227 1.180396
-1.10679 0.3578965
0.7248753 0.639925
2.241199 -0.2337891
0.876003 2.669991
1.325216 1.12839
-0.1224457 3.174592
-0.2225257 -0.1245745
0.961767 0.8729405
1.501625 0.9245205
0.2495379 1.641235
0.7728836 -0.3941601
0.1665825 2.235574
0.08035509 1.811682
1.240594 1.398854
1.570544 2.234584
2.336874 2.81305
-1.005592 0.7318361
1.044796 0.976187
0.853724 1.244902
1.585717 1.449411
-0.2137579 -0.3024008
2.694355 -0.1947152
1.808384 -0.4141731
1.834828 -0.1970846
2.844366 -0.06630551
3.238898 0.9291896
0.07882838 1.814721
0.8375425 -0.1778227
1.408694 2.181651
2.211897 0.9925536
-1.274438 0.423881
0.6159495 -1.067055
1.521704 0.9630881
1.048139 2.300604
1.980668 0.7984707
0.08403459 2.921034
1.474526 0.6825189
0.7552058 0.1132079
2.062791 2.229394
2.062751 3.376314
0.192475 0.7989924
0.7904429 0.5401185
-0.01423614 0.8883828
2.464321 0.192229
1.446199 1.964545
0.9916287 2.158321
0.959218 -0.4535161
0.06086713 0.2704485
1.972714 2.1824
1.637374 1.880447
0.2117986 -0.001562476
2.279515 0.8282999
2.615816 2.695586
-0.3364883 1.302009
1.690866 0.7660168
0.4214606 0.1198818
1.972215 -0.09945059
1.996738 1.645459
1.949908 -0.1691347
-0.1229586 0.3306488
0.4129737 1.507502
-0.1694834 0.06880656
1.809409 1.708861
-0.4418229 1.824884
1.085602 0.3010459
0.813342 2.447311
2.039171 1.083178
0.8617608 0.05893938
3.219946 1.947788
0.4624304 0.7260306
0.2837699 0.8736914
-0.4989168 0.5987033
2.606865 -0.4715665
1.746016 -0.2499359
1.990118 1.991315
0.7503736 2.31815
1.855142 2.171885
2.057896 1.559494
0.1426317 -0.2346059
-0.3254522 1.318304
-0.2022963 0.8919714
2.614409 2.223373
1.54761 0.5775769
2.403309 1.949392
-0.004190177 0.3235884
2.010558 1.037092
2.334615 1.75784
0.445068 1.802628
-0.2148419 0.4360496
1.057759 0.5243622
-0.5120539 1.227551
0.3519128 0.2560276
-0.1526445 1.049544
1.534584 0.7659114
2.52785 1.360143
1.037183 2.491075
1.670183 2.058811
1.606462 -0.2956863
2.781109 0.3738566
-0.003548697 0.02915762
2.791076 3.73203
0.7409801 2.011311
2.066343 -0.3828109
1.04609 1.994277
0.6778225 0.9357488
-0.1042476 2.83374
0.136575 -0.9831624
-0.6480282 -0.495325
1.47433 0.2848044
1.010187 2.910614
-0.425487 1.405009
-0.8320915 2.483016
1.286041 0.02202612
2.392363 1.927924
1.027537 0.1690228
1.559984 -0.7890156
1.776152 0.8702954
0.4509814 -0.7017815
2.874342 1.074778
1.483059 0.9995718
0.3751958 1.746053
2.405849 0.3936501
0.5572437 1.718915
1.304521 1.203751
2.773672 0.0761155
-0.6877726 2.629208
0.6642266 2.544265
-0.3595589 1.572055
1.539201 1.831617
3.339934 2.33309
0.7016899 1.132346
1.628743 0.1306791
0.5097706 1.727248
0.3657233 0.4553337
0.8819234 0.575274
1.950649 0.4666232
-0.01469519 1.046068
2.118072 1.781687
1.391766 0.465041
1.202655 1.863294
0.7529049 0.7987736
0.6338568 1.849122
1.424753 0.5457717
1.439662 0.3779417
-1.286736 1.116873
2.428178 0.651474
-1.025228 1.103328
2.640051 1.983006
2.039659 1.746269
0.02846404 -0.1550528
1.76891 -0.6144495
0.5653043 2.082057
0.813365 0.4620489
1.431997 -0.1931205
1.064316 2.332094
1.322737 -0.2279065
1.214482 -0.3100093
0.2531846 2.600045
-1.262697 2.326425
2.094375 1.644658
1.124266 -0.3060214
1.983159 0.3322241
2.103776 -0.02261099
-1.98827 0.7068339
0.2563195 -0.4816607
-0.02084699 1.770868
1.728164 -0.004513709
