-0.4740133 0.856833
1.100896 0.9475897
1.777257 1.052094
1.611309 1.848154
2.184818 1.666851
1.349923 0.4867262
0.5332545 0.0998373
1.830503 -0.1304837
-0.8764182 1.12627
0.2595958 1.282561
1.592828 0.5726361
1.25996 1.379206
-0.1244542 0.08692046
0.1551314 -0.1101401
1.371662 0.06920824
-0.257556 0.752408
-0.07128172 0.1304189
2.651895 1.419582
1.112758 0.3980169
2.329376 1.155805
0.4758364 1.907848
1.164998 1.350388
0.7498672 1.507943
0.9027829 -0.1070328
3.063561 1.059556
1.778672 1.884011
1.096153 -0.7939519
-0.2160177 0.3332204
0.270255 1.106316
0.8003472 2.597118
0.3162385 0.1948101
-0.02837121 1.831882
1.631582 0.7754029
2.417611 -0.007590537
1.025065 0.1426852
2.538087 0.1953427
-0.540478 1.529437
2.836102 -0.7812654
1.559652 2.764687
0.930983 -0.2987933
0.8335285 0.2689427
1.831526 0.7596567
2.358094 -0.3350845
-0.1924262 1.692376
-0.4388129 -1.327585
0.9265114 0.9723859
-0.05136946 1.039173
0.9284728 0.3607875
1.307122 0.4071137
0.1437192 0.5016765
1.617412 1.208849
1.766342 1.867866
1.715012 0.0618723
-2.187821 -0.9392522
2.526238 1.438884
0.6003703 1.39265
1.287098 0.7212128
-0.4263263 0.7725506
0.5049948 0.3530551
0.4021144 1.885162
2.05106 1.777541
0.9245953 1.076385
-0.8976174 -0.4259716
0.08826972 2.298246
0.7417686 1.525487
-0.8904359 1.719975
0.4258115 0.7619005
1.639354 1.571037
0.5333712 1.649914
0.7027823 1.657704
1.434252 0.6143408
3.265907 0.03552441
2.35043 -0.2394401
1.597903 1.458976
1.627732 2.461879
1.425786 2.91605
2.427872 -0.6488338
0.7637429 1.226841
1.627366 1.841916
1.143181 0.5604996
1.345523 1.024075
0.8539975 -1.01791
1.149906 2.854564
1.80214 0.5027358
0.7658532 -0.1072349
0.6780322 -0.4394471
0.6548972 2.405013
1.910492 1.686876
-0.02124906 -0.3991152
0.9464235 1.869321
0.9934632 0.4249274
1.207902 2.512071
0.753507 -1.411853
1.62551 2.154452
2.419025 1.119858
1.666616 0.9272112
1.494728 -1.302693
0.06545271 0.5230982
3.044906 0.6051343
0.4413558 1.580181
1.956738 1.14897
1.049625 1.59402
1.46846 2.131204
0.2279718 0.5399354
2.937924 1.155689
0.3755616 0.8734006
-0.7632601 -0.5440892
1.518543 -0.03588641
1.166319 -0.2955414
-0.8263489 1.559702
1.797486 -0.253555
-1.048252 1.909859
0.31185 3.459505
0.8509246 1.801658
0.8355395 0.547904
-0.413345 -0.09464494
0.5770706 2.953734
-0.09715826 1.842449
1.571466 1.778708
-0.7959237 0.9709631
1.689037 0.8306265
1.562874 1.425563
2.092709 0.1902084
0.425028 -0.1926928
0.6848533 1.121992
0.7176578 0.6688049
0.7617633 1.424922
0.1831386 1.466105
2.208263 -0.109343
0.827216 0.3206529
0.9153407 -0.3443306
0.2778999 -0.3581117
2.54491 0.5293379
2.231639 0.7762642
2.244437 -0.3160833
1.133724 0.903665
1.622054 -0.2404893
0.7723737 0.6066137
1.5349 1.430128
0.4369742 2.516596
1.533859 -0.4470913
0.8007389 1.703115
1.607713 1.146838
1.854596 1.537852
-0.06506708 0.8582497
0.3658418 1.876733
1.609713 3.511063
-0.7909427 2.794648
0.9788159 -0.1441107
0.6186408 2.358406
1.321279 -0.4952424
1.063101 -0.7111163
0.1548677 2.231802
1.142795 -0.8085456
-0.2145345 2.533106
1.609511 0.101686
0.5299526 0.2090908
-0.4147942 0.6642618
1.667406 1.759268
1.804932 -0.07024548
1.018667 -1.12273
1.679384 1.337232
1.997958 1.766644
-0.8921943 0.03719602
1.063942 -0.0473741
0.6610008 1.626653
1.634442 0.9785742
-0.2451433 1.665203
0.7084387 1.819302
-0.3823865 0.9192055
0.9726537 0.4395518
1.030275 0.8604256
1.227811 0.5031092
0.2630063 0.1705375
0.55188 3.817085
0.1427903 2.040946
1.279471 2.976298
1.705555 2.756763
2.564638 1.464162
2.108419 -0.3444274
-0.2472073 2.016513
0.7603571 0.4398172
1.24961 -0.9883802
1.438109 0.8197321
0.9825585 1.095704
-1.047029 1.682224
0.1975247 2.297332
1.912394 1.879234
1.21005 0.9675833
0.03273913 0.726183
1.23732 3.333248
0.0964612 1.517994
0.5275803 0.7527516
1.464016 1.321907
0.1025267 -0.2897043
2.451777 1.449797
0.6345992 1.710876
1.539426 1.421041
1.991087 0.9689051
-0.2579075 1.931043
