0.7328918 0.6982508
0.5861123 0.9088649
1.307388 -0.6241416
1.414151 2.218199
0.7256063 1.490339
-0.7349344 2.140275
-0.7165152 -0.1054056
1.086015 1.508598
-0.3095543 0.3411256
2.398706 0.5351681
1.042974 0.7483947
1.418854 1.941221
2.487909 0.4448067
1.096477 2.23421
2.055062 1.417451
0.1683487 1.204888
2.456734 0.4853439
0.3878586 1.011976
1.635927 2.320605
0.971528 1.446365
2.371255 0.1591271
1.895281 1.126573
0.4779482 0.5820505
1.750715 -0.02631857
0.1889593 -1.265252
-0.3697955 1.610028
2.822108 0.8636456
1.695102 1.585947
0.5503462 1.420481
1.493995 -0.2639437
1.440967 0.3094682
1.24417 0.7509132
0.3329632 1.561765
0.824734 0.5375074
0.2320901 0.2467453
0.07496909 1.009486
-0.261521 2.580896
2.049598 1.280945
1.488723 1.47906
0.7615937 1.305054
-0.301606 1.556843
0.8157779 1.295846
0.8595069 0.8413426
-0.3471933 0.9472096
1.987007 1.768529
0.8709921 -0.4850522
1.327471 -0.7731345
0.6223466 1.658433
0.06419992 1.579325
-0.5114953 0.6476849
1.17959 1.403717
-0.07456827 1.12201
0.2956641 1.247839
1.635354 1.169712
1.063195 2.572825
-1.106513 1.735509
0.6970122 0.8914597
0.6289993 1.983498
0.5117659 0.7929231
0.4037911 0.8745684
-0.1914462 2.689268
1.162146 0.5331741
2.179555 2.522354
0.2634299 0.2472133
1.866114 -0.7979082
1.696975 1.635191
0.3795296 1.598836
0.705012 2.975568
-0.0516548 0.9800137
1.164279 0.9947199
0.967732 2.770852
-0.6723721 3.360995
1.018468 2.719445
0.299311 2.116933
1.390745 1.843457
1.558638 0.451297
2.097069 2.519898
1.996542 0.1231711
0.7480989 0.6743602
0.9846524 1.769247
0.4977043 1.623509
0.7242714 0.2347938
-0.8103223 1.736945
0.9884441 1.707866
-0.0104221 0.9096307
-0.6318622 3.547649
0.3371528 1.279425
1.036351 0.8599859
0.008633801 0.4642925
0.6825461 0.4038971
0.5267345 -0.7285169
-0.7542397 2.558617
2.724672 -1.003157
1.997253 0.7543494
1.608227 1.448699
2.511637 1.438722
0.5934592 -0.8472627
2.609044 1.483731
1.454489 1.810388
0.01568277 -0.4727332
0.576832 -0.342819
-0.01716556 -0.9566804
1.835638 -0.8670993
0.1356088 2.467061
2.446263 2.627754
1.819628 1.20378
0.4662043 1.089042
0.4501677 -1.281194
0.7987563 -0.1094061
0.6337909 0.6746476
0.4813554 4.03241
0.07630779 1.487454
1.843543 3.17557
2.698993 0.2932255
0.2140679 -0.2573241
0.9660009 -0.01293608
2.559838 0.7376456
2.759193 0.5484153
0.1678802 0.3306722
3.107144 0.8681287
0.2076937 0.1484987
0.7247299 -0.5927102
0.8631125 0.04551895
0.5223772 -0.4101956
-0.1798697 0.3756965
0.7401085 -0.7855649
0.3076603 0.4311046
-1.234442 1.047965
1.49716 0.7750622
2.5775 1.140615
0.26656 0.4426654
-0.3806588 -0.4317714
2.226363 0.8562421
1.564897 1.417342
-0.9407596 1.083429
-0.04078029 -0.9889343
0.7658681 2.046968
-0.04170862 1.219327
1.529069 0.7701841
0.9756039 1.829829
0.3517259 0.9796331
1.308288 -0.6990297
0.4542082 -1.13968
0.8118661 0.3278087
0.4475603 1.279541
0.4644868 1.009767
-0.2809096 0.08423908
1.277822 0.9235481
3.362542 0.5448648
-0.9068317 2.152195
2.635601 -0.7440098
3.203592 2.085226
0.24146 1.333623
0.2673426 0.4114757
0.6092714 -0.1741559
1.01539 -0.5422602
1.552594 1.460682
1.911473 1.701886
1.431267 -0.137115
-0.4566903 2.095283
0.7972746 3.085204
0.9778862 1.131849
2.955178 2.746784
1.180484 2.334401
1.964373 -0.434524
0.09731564 1.900194
0.5292698 1.398611
0.8067413 0.7816056
0.3504918 0.6536583
0.8204222 2.521451
0.505705 0.5345737
1.151832 0.2920169
0.0749057 0.9049815
2.108999 -0.8310987
0.6317042 1.82455
1.030734 0.9917588
1.97586 1.387209
1.604641 0.8981642
0.1356408 1.520416
-1.095543 0.4692305
-0.1507173 1.219278
3.5429 0.8469185
1.176515 0.8386701
0.3329184 -0.6568823
-0.1942665 2.043868
-0.3107573 1.46476
-0.5624708 1.461714
-0.006601732 0.08430197
0.4418273 1.228126
2.378459 0.69205
0.4295061 2.418439
1.875765 2.409838
0.02815487 2.010004
1.478089 1.238765
1.521017 1.529427
1.500839 3.896926
0.9824695 1.676613
1.957137 0.6228895
1.53185 0.9435427
1.360958 0.9202074
