3.468279 1.226908
1.245098 2.033676
1.505476 0.6304708
2.058177 0.03639276
0.7867194 1.996811
0.8112403 0.08314696
2.416157 0.9180569
2.189477 -0.4042238
-0.8337223 0.1954883
2.568961 2.065569
1.521324 -0.529714
0.3998248 1.33396
1.373626 0.5907508
0.8263637 2.876603
1.073026 -0.02031253
1.88598 1.243017
2.003366 1.807987
2.03288 2.186924
1.589168 2.130142
3.436211 1.136007
3.22279 2.215725
2.065242 0.8770244
2.139937 1.143565
0.3519031 1.768068
-0.0899219 0.6649803
1.249848 1.590228
1.677746 1.239659
0.9687484 -0.4695308
0.4667187 0.6408515
0.48544 0.4372875
-0.6030094 0.1593269
0.1945 0.1203129
-0.08038873 2.952922
1.513521 2.160958
-0.1785644 0.6425897
0.2448067 2.098248
2.001987 1.431326
1.592444 1.566248
1.605149 -0.1182056
1.385895 1.134915
1.328374 0.2900481
2.456552 2.209553
2.184873 -1.016445
-0.03121465 0.3698546
1.694126 0.4005761
0.6407053 1.447707
0.7757718 0.7271942
1.111743 0.4677636
0.2644165 2.356018
0.1747321 1.687696
0.1162511 2.568293
0.2884573 1.77085
2.201297 0.581293
1.338605 1.181723
2.435885 -0.02386996
1.426234 1.525514
-1.31035 2.387792
2.558726 1.41041
-0.230908 0.7109377
2.658878 2.41672
0.5487779 0.3248274
0.555632 1.342899
0.4967782 0.5423369
0.1456608 1.347195
0.5758007 1.800348
2.569508 3.489211
0.9768234 0.7957571
-0.8245645 0.3395018
2.057666 2.062208
0.6088881 -0.5074021
2.181322 0.860076
1.025378 2.985972
0.4264775 1.40275
1.170981 0.0677642
2.416422 0.3283403
-0.03794907 -0.6548241
0.8890074 2.749877
-0.6551995 0.7311959
-0.8148001 2.303517
1.44401 2.726027
2.108124 1.408866
2.712132 -0.3331549
1.136419 1.278073
1.307468 0.4021761
1.807337 1.604196
2.421496 1.165106
1.130989 2.99546
0.2749303 0.8781673
-0.1750941 0.6904895
2.225302 1.009229
0.4331778 0.8385991
2.33169 -0.6284837
0.9780318 0.6208702
1.119376 1.840183
1.828464 2.071418
1.012986 1.916156
1.557604 1.648219
2.143481 0.9767259
-0.5756471 0.7642911
1.058944 0.8406589
1.553603 -0.3043293
-0.4464171 2.898562
1.655277 -1.444916
1.048178 0.9709051
0.01520884 -1.352105
2.746196 0.6066561
0.2792396 2.52256
0.375834 1.859536
-0.6870833 1.124721
1.109931 1.563604
0.192563 1.791012
1.644865 1.682817
1.608037 2.28045
2.249991 2.895631
0.8135817 0.5322064
0.6077437 1.303986
1.703934 -0.4967588
0.5842319 0.6610102
1.15161 0.6574563
2.096269 1.428779
1.422485 1.506019
0.4180132 1.268583
0.1531626 2.404196
-0.4671344 1.223537
3.269043 1.745409
0.07886364 -0.1830933
1.105966 0.8092336
1.071675 2.705116
1.844361 1.276068
2.235172 2.183733
-0.9315122 0.6844669
2.529745 -0.4769554
1.408716 0.07426302
0.9350244 0.5277261
1.575093 1.748914
0.9594971 2.098027
-1.083478 1.855201
0.8338642 1.871769
-0.2158404 1.59883
-0.403833 1.236435
2.79902 2.799058
-1.111019 1.269986
0.04138899 1.990408
-0.6843912 2.046882
-1.570488 1.264375
1.383016 2.019752
1.169012 1.877718
0.2172211 -0.6341122
2.144252 -1.874587
-0.2972044 0.7440216
1.834188 1.701026
2.667523 -0.9767015
-0.7476064 1.370498
0.1833392 2.983692
1.836787 -0.6873349
2.625803 1.522531
3.141503 0.936231
2.617747 1.210514
0.5166667 1.661027
0.7309175 2.32614
-0.8607162 -1.276116
0.9396835 -0.6121754
-0.5853283 1.205544
0.3775575 -0.9104892
2.135623 0.742187
1.608892 0.4967227
-0.1360736 2.599099
3.234224 1.821953
-0.6625907 2.293182
0.1619092 1.395855
-0.3487788 0.2537493
1.76989 1.888814
1.2197 1.328856
-0.3072896 0.5945393
1.473772 -0.6348865
2.700582 1.757508
0.8155318 -0.1154468
2.681797 0.7374532
0.4529905 1.427315
0.9731518 2.31478
1.719167 1.738992
2.584605 0.5382285
0.7566243 0.2414995
1.776793 2.082462
2.274428 -0.5562606
0.5960267 1.905647
0.3602604 2.901848
0.5655117 1.427669
0.96969 1.936952
1.878057 1.767807
1.212052 0.5950022
0.02427971 3.317344
0.9967554 0.8515945
0.2434112 0.4119237
0.484903 2.199363
1.241817 -0.3287609
1.620148 0.2737061
1.821825 2.942562
-0.999334 1.389375
0.4058475 1.747312
