-0.03986948 1.135591
2.392788 -0.2972055
1.014307 2.013407
2.437818 2.418942
-0.0163356 0.05709037
1.789092 1.431564
-0.1067081 0.5753542
0.2991191 1.632827
-0.02652057 -1.246498
-0.2797701 2.962524
0.74932 1.722474
0.9512686 -1.140106
0.8910275 0.3969108
2.743972 1.014535
-1.075784 2.199763
0.7580873 -0.06414304
0.7593166 0.5018267
0.08891675 2.802395
2.187981 1.246355
2.129602 2.480535
-0.078705 1.150413
0.4402353 -0.05170608
1.528512 0.8472122
1.104922 0.2207568
1.239371 2.311813
0.8234157 0.5170114
0.5018138 1.347357
0.697111 3.357764
1.714147 0.3238761
1.893096 0.3342331
0.2514616 -0.3995568
0.8089023 -1.116884
0.8585475 0.2684422
-0.7848186 1.325476
0.2719767 0.8341243
-0.3483802 1.709769
1.780747 1.233205
1.035361 1.58784
-0.2501579 0.6589128
1.480608 0.4064693
2.695698 0.6511568
-1.379781 2.267087
0.3837623 1.625526
0.3771325 0.3866036
1.358424 1.469917
1.65381 0.9415428
-0.005487687 2.180378
-0.5333861 -0.3074251
-0.5839985 1.363601
0.9168488 -0.5885671
0.5330578 2.793847
0.503265 0.3047795
2.450497 -0.1583716
1.327068 0.6396896
0.2807225 1.475725
2.259849 1.397219
3.327095 0.7980428
-0.08579169 0.6807189
0.3501253 -0.228999
-0.2210392 0.1820722
0.4824541 1.938011
0.4600322 -0.01091744
2.20155 0.2843841
-0.7412444 0.9305379
0.4272028 0.1947119
0.5309292 1.44527
1.111113 1.041169
0.2863968 0.543037
0.3468454 0.002940175
-1.339825 2.959042
-0.5146596 1.692085
2.712924 0.6399982
1.579928 0.364352
0.609448 0.806855
-0.3909426 1.628021
1.172394 1.411697
0.03080417 0.06270273
-0.3634544 -0.8187788
1.786601 -2.234907
2.665664 1.575926
1.404559 1.905005
0.7383998 1.052479
1.022942 1.423318
0.1537032 0.754733
0.4824767 0.8408808
0.7649252 3.815493
0.2601718 1.085678
2.222039 0.9002264
1.79423 0.9761893
0.7768945 -0.4205643
0.6729754 1.10804
1.616397 0.8329946
1.925674 1.075442
2.619144 -0.9077449
-0.2141067 1.815764
2.233697 0.01109859
3.372254 -0.4187842
0.5079156 1.65795
0.7194807 1.169134
1.307468 0.3451499
1.913124 2.909649
1.158172 2.258348
-0.3737467 2.566802
-0.4809556 -0.08990226
1.348961 1.507238
2.622182 -0.793477
0.5779591 1.627208
0.754457 3.018288
0.9212686 3.084184
0.7868087 1.626029
1.191698 2.296828
0.5177533 -0.1413845
0.03053362 -0.05136857
0.304485 0.9220225
-0.06002335 -1.134902
1.197659 1.982502
1.858213 3.075122
2.184327 2.039326
2.7354 -0.05229382
0.6616007 0.4022669
1.625235 2.727582
1.484522 2.329594
0.1101796 3.029418
2.910342 1.317119
0.1308728 2.331345
1.917256 2.496386
1.17176 -0.08468106
1.022958 -0.1886074
1.573414 0.0888627
0.5918657 1.41713
1.631956 1.914841
0.5210744 0.9292975
0.7176011 0.9158395
2.549295 1.838643
1.539143 1.41085
0.8543426 0.1692036
-0.6206924 0.6005751
0.3536445 1.797581
0.8343697 0.5245132
-0.01242066 1.430221
0.3962241 1.070954
1.69655 -0.2416103
-0.312218 1.549433
1.490899 2.048689
0.117416 2.49778
0.9630138 1.409082
2.221728 2.350797
0.06608773 1.050446
1.746039 0.8683212
0.381147 1.36733
0.436597 1.270243
0.5420658 -0.3289717
2.155602 1.34319
0.2808669 -0.3300289
-0.1444534 1.555178
1.027675 0.4557815
2.199154 0.5578166
2.209622 1.092566
1.273314 1.643764
2.749368 2.68923
1.493017 2.04713
1.672968 1.322697
0.2834806 2.225192
1.861734 1.478375
2.008634 1.193182
0.7319671 2.042921
0.1542305 -0.2183287
1.652757 2.766664
1.477747 2.093504
0.25643 0.6931529
1.605054 0.5995131
1.155462 -0.5655592
-1.13372 1.618258
1.190166 2.683664
0.4667224 1.412145
1.032973 1.540178
0.9292225 2.09359
1.386396 0.9943927
0.5422557 1.194913
-0.5369564 1.811483
0.2369422 1.493043
2.017926 -0.7114491
0.4836628 -0.3871061
1.316879 1.272169
2.366975 -0.8215453
2.030952 0.7385922
1.740595 1.685987
2.176365 0.4197316
-0.4306281 0.9067205
2.245034 1.880237
3.404655 1.0486
0.3461522 1.576169
0.6891426 1.803479
-0.3280588 1.055027
0.7008955 1.271333
0.9484416 1.471987
0.1993337 1.664554
0.5591129 3.265346
0.623573 0.1445075
2.877169 0.6834937
