-0.5821833 1.295592
1.49557 1.984402
0.3448358 2.046299
-0.9032678 0.8362509
1.734237 0.1616474
0.6531212 1.687655
2.413419 0.9804862
1.41949 0.9828492
1.078847 -1.310396
1.088541 1.029669
0.6151335 1.884823
1.387751 1.24942
1.248384 1.48749
1.660152 2.764685
0.3931319 2.099142
0.6287864 1.472551
0.7531645 1.984467
0.4937699 1.967558
2.914349 0.6782544
1.928273 1.061239
1.585642 1.542877
-0.1636305 3.082284
-0.1898033 1.536923
1.20997 0.7667536
0.8850173 1.839341
1.631138 3.230894
0.1189952 1.966347
0.4495349 0.1016866
1.126306 0.3180697
1.223737 1.77948
2.110963 1.299403
0.09141299 0.9821157
1.413608 0.5430569
1.903879 -0.07641974
2.192927 1.94634
-1.28222 1.636206
0.6059126 1.163358
-0.04733447 -0.5665293
2.864119 2.364865
1.087022 -0.03134291
-0.322631 0.04357795
1.249597 1.653131
1.342308 2.07327
1.043339 0.3843119
2.641672 0.565834
0.2640208 0.9403296
1.331026 0.4205328
2.232991 0.297839
-0.9623399 2.394285
0.3692346 0.3240846
0.9934102 0.3432574
0.3361542 1.790385
1.512753 1.44917
0.7214997 1.797463
0.8515784 -0.7070357
0.6484053 0.1999119
0.169907 -1.542307
0.8075842 -0.7280216
0.2951259 0.4722226
0.1197909 1.791849
1.138922 0.5592139
0.8431346 0.9861549
1.340295 -0.5921219
0.9111467 0.4803321
1.534792 0.9201952
2.33013 2.467961
1.51334 0.3258151
0.8113163 0.7920493
0.09414619 2.248867
2.284911 -0.7524854
-0.2754919 1.123734
2.46126 0.2027308
1.507556 1.602041
1.558901 1.577214
0.6489231 -0.487251
0.8989805 -0.2905974
2.588557 0.6082767
-0.004840606 0.981487
0.6287402 1.391988
1.369863 -0.5362761
1.493089 0.5538917
-0.1706284 0.3137212
-0.1441273 -0.03382442
2.029493 0.7186659
0.1415333 1.736858
1.735822 -1.81245
-0.01998743 -0.1093789
1.862696 -0.1208488
0.3839566 2.926748
-0.1278563 1.937053
1.00029 -0.8260145
-0.008270677 0.1328681
-2.005263 0.3649822
0.9588378 2.251016
1.756987 0.9671482
-0.04587832 1.875271
1.87645 1.659621
1.48074 0.5902979
2.417672 0.2452155
2.487771 -1.41179
1.368449 0.8926564
1.172712 -0.9498647
0.8510605 -1.137437
0.8432903 2.230302
1.660578 1.968829
1.017377 0.9013716
0.8470973 0.2671837
-0.4805221 0.6757173
-0.29214 1.571637
0.8643914 1.20167
-0.6220404 1.168253
0.3931672 -0.8286908
1.074022 0.6151662
3.479687 0.2012258
0.3975727 1.641939
-0.7460079 1.643755
-0.2930061 0.7829005
1.769387 1.823006
3.151377 0.5774351
1.176215 1.024523
1.216608 0.4754471
0.7759937 2.311481
2.104806 0.7096023
1.136975 -0.2337833
2.173136 2.667929
0.9297301 -0.1137959
2.27803 1.388677
-0.4394555 2.327782
1.706874 -0.3258391
1.723532 0.05145072
1.143243 -1.835602
2.173693 2.858518
0.7602288 1.121388
0.2114979 0.3645889
2.60872 2.126525
2.889511 2.043907
-1.868219 1.207785
2.475088 -0.2292447
0.008244257 0.06951835
2.407963 1.265411
0.3911407 1.582796
3.310925 0.8272454
-0.5054616 0.1525842
0.2241972 0.7661329
0.5741911 1.060905
0.5902458 1.022502
-0.5042906 2.992336
0.8833125 1.414544
-0.9862866 2.188985
-0.4397046 1.689763
2.107913 1.11218
1.601983 1.519478
1.997296 1.04312
0.1431242 -1.259773
0.3678754 0.8675565
2.62913 0.8521528
2.594847 0.7246823
1.896462 1.105485
0.6132645 2.011895
2.516866 2.494124
-0.4972932 1.855996
1.752392 1.693341
2.40311 0.1225324
-1.31027 0.8885015
-0.3378715 0.9114247
1.372162 0.7823206
1.004063 0.7865075
1.869095 1.312502
0.7466492 1.808683
2.118959 1.320182
1.528282 1.193612
0.02204404 0.5734221
-0.2812063 3.279138
-0.2018412 0.8667999
2.092896 1.800543
-0.1761488 1.002482
2.319668 2.220801
0.45142 1.200239
0.9532233 -0.3184862
1.25181 1.054283
1.222893 -0.03902206
1.017817 1.49337
0.3506734 0.2305573
2.379515 -1.204328
1.758441 1.676566
0.5580783 1.673691
2.153814 0.8052894
-1.463416 0.4998037
0.8159989 2.226825
0.7188913 -0.8117802
2.419159 0.5280437
0.1988708 2.769286
1.223663 -0.005500968
0.260304 1.451617
1.518063 0.8814058
-0.2618707 0.1372042
-0.04086402 0.5973384
1.418069 -0.2976399
-0.630874 1.128035
0.5619728 0.1398761
