1.875877 1.884921
1.399247 0.6473214
0.5012262 0.1955309
1.202543 0.2605622
0.3442573 -0.4791299
1.72537 0.6071802
0.6445599 -0.8575911
0.2675376 -1.152328
0.2390214 -0.1966643
0.7101888 2.506099
2.800108 -0.03462102
0.1328476 1.460486
2.178599 -0.5281155
-0.9056791 1.15791
0.9853319 0.4740368
-0.02605009 -1.634496
0.5322251 -0.2700267
1.480512 0.08027249
1.347645 -0.1136369
0.01210063 0.3513124
1.471286 0.6237918
-0.5015254 1.218906
2.826831 2.212721
-0.2595445 -1.383043
3.128346 2.332452
1.243106 0.3224985
-0.5112993 2.378275
1.69658 1.093156
1.090577 2.425376
0.05183452 1.354727
0.5816239 1.322489
0.6228761 -0.2833847
1.009457 2.10717
1.733931 0.9429528
1.542714 0.8147236
0.2763661 0.8612353
0.3940141 1.474488
2.382473 1.054464
-0.6919994 0.06115666
-0.1949303 0.2246411
0.4013933 0.07751438
0.09363501 1.209056
1.737434 0.2190554
-0.8768726 1.201703
2.453323 2.000225
-0.1185554 0.5281612
1.301873 0.8741054
0.03836609 0.9432897
-0.5617337 0.9794644
1.128017 0.3380908
0.7838866 0.8709897
1.66378 3.607058
0.335729 1.114605
0.5317554 2.404581
1.02086 1.349769
3.898102 -0.9415818
1.150603 2.021811
2.010267 0.6242163
-0.3071326 1.027837
0.654658 1.181663
0.4131585 1.518886
1.353809 0.3179456
1.563716 0.6039226
1.164454 0.6875455
0.8214832 0.9949187
1.981323 1.567293
2.312396 0.9188081
-0.1633364 1.785583
-0.8623671 2.254477
0.9626831 0.6460298
0.874484 1.142661
-0.3530659 0.4532858
0.9163736 1.7576
1.79726 0.3147718
1.412332 2.027041
0.6489026 1.669719
0.5554779 0.4816966
2.75757 1.683302
1.858941 1.977594
0.766484 2.045525
0.1911087 1.359138
0.3562772 1.542212
2.423516 0.02303506
0.2937887 -0.1042932
1.439934 1.460744
1.796167 1.085347
0.5677035 2.67216
-0.08847961 2.034799
0.4543856 0.7138718
0.2255608 0.8547567
0.03871395 -0.3776881
-0.7427205 0.2279065
0.7745578 1.283473
3.400177 0.8730744
2.991992 1.286795
-0.7487902 0.1145383
1.892292 0.4489118
-0.9770352 1.051742
0.8051618 2.785934
0.9084374 1.873403
0.04211567 2.84382
1.189107 2.312554
1.7918 -0.1125603
0.6065942 -0.1225674
-1.058012 -0.2217245
-0.9367586 0.3569541
0.6298092 2.126134
2.233619 3.709499
0.8817052 -0.4378345
0.4283565 -0.6976535
0.009117721 1.143103
1.816184 1.139025
3.402674 3.227556
2.569346 1.707928
0.7924121 -0.5029907
1.749953 1.310578
2.628682 1.060094
1.029624 1.065468
2.486624 1.845565
-0.2920109 2.022172
2.003275 1.683907
1.577614 1.697863
2.489077 1.717819
1.609822 1.241579
1.443424 1.339019
-0.451536 2.690579
1.824523 0.5981063
0.7674023 0.5421105
-0.5255972 1.285183
0.9084409 3.126319
0.3663276 0.1981528
0.4421234 1.108197
1.610095 -1.96822
-0.05618602 0.6973199
2.570657 -0.05373822
2.027171 0.2816936
-0.1737816 0.3254099
1.364981 0.8784149
-1.095108 1.333503
1.563656 -0.2376234
1.495475 -0.4303638
1.762403 -0.2517528
1.605905 -0.08806561
0.403971 2.635604
1.656908 1.288623
0.2162244 -1.035005
-0.9547883 1.586909
0.08375945 1.249378
3.176353 1.137943
1.971849 1.543881
2.265117 1.899674
0.5546364 0.6950357
0.176945 2.461867
-0.9470123 -1.66203
0.9917081 0.8140778
0.1504383 0.7472783
1.412786 0.7389161
-0.2112163 -0.1815203
2.156628 2.925237
1.312947 -0.8161792
2.835201 0.8480639
-0.1840998 2.535967
1.514036 0.4139789
1.638929 0.5277773
2.817267 -0.4973751
1.764723 0.9506525
2.524836 -0.1475832
0.9359747 0.4622746
0.6301274 3.371736
0.6966237 -0.9619845
0.9025337 -0.3547391
0.8578563 0.7739151
0.9834856 -0.2339029
1.570384 1.81514
-0.01396356 1.757698
1.012633 1.821336
1.3711 -1.389157
0.7692247 1.428047
-1.028149 1.58631
0.8753124 -0.1240128
0.7879856 1.197908
1.61425 0.7251214
0.2457884 1.825867
1.832782 0.8644597
1.898054 1.329537
1.437336 2.46687
0.348631 1.415085
1.977329 -0.04169982
0.764304 2.362107
0.3879384 -0.2140309
-0.3579337 -0.3642653
2.091468 1.464873
0.350111 0.9402505
0.8648188 0.9377885
0.615909 1.301422
0.4609229 -0.1184532
-0.4529657 0.02945984
-0.4919495 0.5559079
-0.608582 3.407211
1.94219 0.292397
