1.512131 0.5442054
1.307301 -0.01806957
-0.04995327 2.36363
0.4895256 -0.4819451
-0.9666649 0.7722759
0.2597105 1.952155
0.585344 0.7643056
0.4344857 0.2164087
1.773818 1.31452
0.5046406 -1.141608
0.6331377 0.2547968
1.348529 0.906546
3.729887 0.9005367
0.6830328 2.694536
0.9830113 1.00181
0.5773095 1.207402
-0.2370255 0.627831
-0.003634131 2.268921
1.214396 1.626903
2.115722 1.033198
-0.2863372 2.55736
0.1855759 0.9752281
2.886684 -0.621897
0.9268995 0.263051
0.7096955 0.3228919
1.527401 0.3277802
0.4212407 0.6667733
-0.07561516 0.9272139
1.260902 0.9069902
1.15707 2.175663
1.661105 1.592059
1.039415 1.468988
0.05655108 1.333594
-0.1357461 2.445857
1.405454 1.089437
2.607557 0.7979348
0.6698413 2.46357
0.3613917 -0.0341448
-0.3872463 0.9315438
2.263572 1.145097
3.211952 0.2626043
0.04630034 -0.07473561
0.9955465 0.3872772
1.140771 -0.6928697
0.6300245 1.262079
0.377993 2.9335
-0.2524607 1.372343
0.1834193 0.827098
0.2566006 0.3263648
-0.3760258 0.7997814
1.221209 -0.701898
3.152216 1.561895
1.178796 2.238166
-0.3031822 2.613717
1.174075 0.7629875
1.292072 2.101505
1.258119 1.166639
1.247503 0.4067734
0.558519 1.616964
-0.2896593 0.03753934
1.262936 1.05891
0.339243 1.123657
0.977286 1.902635
1.305526 0.1506344
1.69844 3.22219
1.490507 1.272264
1.727576 0.0141937
0.2814256 -0.9505817
1.02929 0.1262869
2.404341 0.2412225
-0.08092997 -0.7331785
0.7582325 -0.1480841
2.263704 1.692552
0.5292334 1.275396
1.480106 0.4532968
1.275698 0.338516
1.314012 0.3504489
2.429747 0.8215413
1.594892 0.7363792
0.1564642 -0.06110775
1.86596 -1.116536
1.2919 1.386141
1.042106 0.4296586
-0.2715525 0.2124937
1.079845 0.9352865
1.971394 1.084659
1.271788 1.605956
-0.2138794 3.167615
1.450152 1.832256
-0.3173548 0.6170489
0.1844597 0.8420714
1.004685 2.902108
2.001297 2.325517
-0.5212768 1.692086
2.016269 1.382687
0.6239608 1.209661
0.9979664 1.09021
1.553221 0.4869456
0.6184107 0.8339426
0.5722245 1.42221
1.287077 0.9388878
2.044546 1.356523
-0.587703 0.575159
-0.08310782 -1.590432
0.5725131 1.457431
2.060329 2.143245
1.789444 0.7026806
0.6695335 0.3258119
2.277775 1.732278
2.236835 1.093041
1.800541 -0.2053493
1.37183 0.3183686
-0.3645766 -0.8277284
1.069292 2.626254
1.019967 1.480241
0.9918984 1.024143
3.442815 1.404146
0.8043813 1.338614
1.710206 -0.6418177
1.197315 -0.7652129
-0.3637222 0.8903406
1.999081 2.220693
1.807767 0.907935
1.333309 -0.3478649
0.9588477 3.283787
1.996859 0.8555756
-0.5103899 -0.4799845
1.217953 0.4846244
1.526196 1.230878
0.4490109 0.9609267
2.195117 0.5803685
0.7182256 0.0779134
2.47424 0.3912315
1.423303 2.473883
0.3376072 -0.5771008
0.1119425 1.483344
1.309649 1.182312
3.562496 0.85068
2.773138 -0.3229815
1.058132 1.182296
1.352312 -0.9004291
1.376517 2.078796
0.1434781 1.224231
2.195527 2.594201
0.95804 1.891126
0.5343943 1.354563
0.4181596 1.232607
1.219549 3.086089
0.538214 -1.065587
1.266552 1.186358
2.501252 0.5284278
0.2884659 0.6560224
1.541843 -0.3121128
2.834259 1.011376
1.610415 0.473526
1.138208 -0.5567366
0.4183795 2.452391
0.8119027 1.328497
0.3551014 0.9393519
1.270895 0.04060459
0.6500795 1.118649
1.292875 1.685561
0.5547149 1.345342
-0.968038 0.9702966
-0.8214151 0.4544457
0.4193447 -2.744473
2.275612 0.7355577
0.4195332 -1.090948
-1.047474 -0.01781291
1.852654 1.694466
1.163983 0.7734794
0.9437938 0.1713417
0.5098682 1.569861
0.5934695 2.408035
-0.6740192 0.4454568
0.6159856 0.7012346
0.7066743 0.3589741
-0.9132586 1.85914
1.401277 1.10284
1.145437 0.4489456
4.151969 2.11004
1.058373 1.463325
1.378017 0.8359074
0.9826767 1.879955
-0.2305852 0.184734
0.556212 2.025813
2.751119 0.7974632
1.606743 0.5317512
1.831099 1.252829
0.2742597 2.41994
1.077704 0.3517122
0.8165213 0.2465054
0.4927335 -0.246507
2.188716 -1.648773
1.447948 2.07841
0.03132041 0.7225749
2.035249 1.547333
1.798223 2.098482
0.9618383 0.8893078
1.535593 0.6936896
