0.5280413 0.618848
0.6022789 1.314646
1.193652 0.1937556
1.126297 1.536406
0.2866221 2.074195
2.994713 1.5387
0.7950424 -0.05542834
1.420934 0.8492711
0.6431498 -0.2039876
1.626216 0.5838574
0.5988082 0.2664351
1.543007 2.41453
0.8007455 0.4400439
-0.2356809 1.961163
0.04355252 0.8757927
1.01391 0.7260758
0.3000558 0.9607834
0.8867841 0.8200903
3.303913 3.042446
0.8192772 1.708619
2.172116 0.3359549
2.106171 0.6307961
0.6919035 2.047528
0.9338638 1.37837
-0.02163372 2.035692
2.301525 2.010296
0.7815169 0.6655623
3.69864 1.466537
1.821624 -1.559013
3.218451 0.3864834
0.4027483 1.224089
0.3756278 1.355208
0.776652 -0.2577004
0.4348996 0.003445651
0.9770861 0.6543165
2.329484 0.4042296
-0.8026885 0.9074721
2.050253 1.597309
-0.8278979 1.388912
0.9379807 1.43912
-0.3571505 0.5523943
0.9597239 1.243049
1.369669 2.331089
-0.1964018 1.074157
0.7423888 1.284499
0.8405647 2.546712
1.291874 0.0419684
1.377653 -0.9828904
-0.6438143 1.645135
1.222455 -0.3926142
2.439705 0.1474016
0.9088414 2.834147
0.2457653 0.503444
0.6216762 0.3568117
1.613364 0.3449364
0.953623 1.411279
0.8150542 1.380124
-0.4277285 0.1780385
1.238281 1.685008
-0.139256 1.029182
0.8351006 1.29774
0.7223514 0.8406467
0.09455699 0.8486398
0.9733129 1.739482
1.698236 3.011791
2.252822 2.290537
1.810979 1.713989
-0.245954 0.1396921
2.540643 0.1492215
1.324645 -0.8342237
0.4481415 2.290849
1.234732 -1.536261
1.67511 -1.119391
0.5260457 1.150828
1.542518 1.238349
2.163272 -0.07844304
1.296582 0.9349767
1.108157 -0.5345975
0.8654698 0.3042504
0.01096955 1.06942
-1.674205 1.614964
1.501039 1.365198
2.771116 0.2000212
-0.7837389 -0.7196644
0.8861761 1.671293
1.939397 -0.4544202
0.4751852 0.9606808
1.127764 0.678155
1.273803 -1.116587
0.1839378 1.671333
1.100486 1.788329
1.406303 0.5963516
1.234457 -1.500042
0.3225113 2.126579
-0.07161118 -0.18295
2.151983 -0.7554649
0.9836855 1.069665
1.70235 0.6174672
0.7824663 0.6193013
0.3070323 1.085382
2.095185 1.522298
1.637197 1.434688
2.390764 1.773023
0.9651598 1.526143
1.511853 0.6658095
-0.4932875 1.575978
1.337091 -0.7828036
2.653847 -0.6243939
2.006787 0.6327683
2.427695 0.5057512
2.197562 -0.8985936
1.215915 -0.6709913
1.378394 1.916527
1.38742 0.01477656
0.2648714 0.4066281
0.8009401 0.7120074
0.6010801 0.8831808
-0.7802758 0.1500672
1.896757 1.336427
0.220736 0.875725
0.3701979 0.8801969
1.047801 -0.6984107
1.203845 1.807287
-0.9224869 1.011103
0.06045283 2.357434
0.2765805 2.048939
1.209723 0.9973825
0.02926195 1.497791
1.029701 -0.05237646
1.727873 -0.8661066
1.619532 2.303766
-0.4908396 -0.3247111
1.667932 -0.3810906
0.2746439 0.7857013
1.782795 0.7953544
0.3469357 1.659799
1.119952 1.174955
1.107755 0.5078268
1.741646 1.909022
0.222373 0.8206413
1.554233 0.266748
-0.4554145 -0.02874145
0.4895208 0.7606037
-0.3070003 1.666476
2.531364 0.1317304
0.6466108 -0.1041279
1.362594 0.747458
3.360309 1.186479
0.6824695 0.4446446
1.448646 -0.5556668
1.131063 0.6696653
0.5371189 1.861578
0.5436954 2.85517
0.4371588 0.5903957
2.000863 3.082521
0.8560835 1.718438
1.434714 -0.9220444
-0.2873519 -0.3352841
2.968956 -0.01142886
-1.118387 -0.06708524
2.376056 0.4779174
0.9380139 2.162005
0.9181665 0.9788823
-0.8728032 1.142732
3.453173 0.1275036
0.5458855 1.073073
1.089085 1.882059
0.4649533 0.1496712
1.100882 2.048626
1.376663 1.364907
1.123822 1.02208
0.9550583 1.341757
0.7611853 1.59263
2.725808 1.86288
0.5348896 -0.03437003
2.151142 1.416462
0.7002055 2.103266
-1.113518 0.889583
2.730288 1.731783
1.373067 1.271634
0.9432844 1.010754
1.101773 2.206359
1.000238 2.047421
-0.1852452 0.461884
0.1442965 1.135143
1.029137 1.855578
2.791124 1.617522
1.431365 0.7286582
-0.837817 2.110356
0.5196985 1.305725
-0.4107372 1.024102
1.565929 2.046901
1.585465 -1.546358
0.006225987 1.368809
2.772665 2.715403
0.9578949 1.598437
2.698407 1.268631
1.816329 0.3402912
2.498761 0.835292
0.5088566 2.852383
