1.629352 0.367096
2.881109 0.9349948
0.9480684 1.157234
0.5925712 0.9325639
1.183183 1.448473
1.1582 0.1572235
-0.09128142 0.2838685
0.04717339 1.922104
1.315503 2.004543
2.640619 2.057051
2.39931 1.310301
1.251523 0.164671
2.257765 1.694548
1.959426 0.6858798
2.906435 0.9981507
-1.601804 -0.4821093
0.9199221 2.307782
-0.1471079 0.4637358
-0.01412982 0.1085554
1.122677 1.75762
1.233702 1.761948
0.9318984 -0.434097
1.061171 0.697407
0.08313777 2.910743
0.183569 1.2469
0.2958937 1.644096
-0.1662116 2.232526
2.626907 2.763804
0.2442029 1.92426
1.364627 0.821465
2.595159 1.229892
1.443451 1.934087
1.088706 2.774133
2.024049 2.322413
3.692016 1.221331
1.6067 1.569501
-0.6590277 1.048788
-1.180811 0.9615124
1.705431 1.100395
1.331777 1.722359
1.936267 1.016083
0.8966309 -0.8235938
2.549817 1.105042
-0.561706 -0.04447108
2.392047 0.5790201
-0.01642264 1.545665
1.72539 1.273586
2.387085 1.915611
1.525298 1.148182
2.160031 1.192472
0.4608781 1.493337
2.617209 1.524047
2.294869 0.6802393
1.631753 1.895474
-0.1247805 0.4935237
1.463205 2.051005
0.9524628 0.4552512
2.270779 0.5031301
0.3684009 -0.1693623
0.385902 -0.2425427
-0.6728534 1.383122
1.528241 1.885693
0.3140549 -1.214297
1.163573 2.338625
0.5222011 0.4324261
1.253775 -0.1937122
2.290912 1.519509
1.730587 0.624403
2.393052 0.6180898
0.6543767 2.236897
0.4516397 2.778695
0.9428127 3.059018
1.266911 0.5066342
1.486932 -0.7597581
-0.4712073 0.6065345
2.872739 1.180971
0.5310674 -0.06104201
0.6986508 1.522373
0.7059297 2.404928
2.002348 1.695393
1.007459 1.196135
0.7591483 1.209165
0.6559744 0.8092999
0.07834516 0.3671131
0.7508608 1.255977
2.118284 0.5928281
3.384877 2.71789
1.523106 1.681679
2.221832 -1.13494
1.326702 0.4542302
0.7941881 1.210128
0.03628158 0.1875866
0.930025 -0.5578979
-0.06346177 0.05524022
0.3603815 0.3920628
0.7357229 0.6352996
-1.513339 -0.05272283
1.722449 0.3958634
1.179508 0.9806672
-0.06216512 1.560519
0.2432696 1.480029
1.100509 0.2617526
0.3175971 0.4694621
2.655629 0.7541094
2.229403 0.301419
-0.3005053 -0.6828875
0.9696953 1.078933
1.80547 0.3603615
-0.8651559 -0.5484469
1.189078 1.642215
0.859005 1.673465
0.08604014 2.470266
1.120163 1.383872
1.219777 1.126479
-0.5880469 -0.08615127
0.9470991 0.3749027
1.365325 0.7766452
0.264089 1.091635
0.341495 1.172299
1.160973 0.214079
1.51374 -1.129158
1.250943 1.028809
2.381672 -0.6739801
1.686067 -0.3087629
1.045572 1.431526
1.906778 -0.404282
1.234697 0.964843
1.796736 0.6092358
1.532413 2.298885
1.067952 1.115525
2.406383 2.501082
-0.06721064 1.582667
1.502712 0.1497241
1.473598 0.9173495
1.094095 2.943107
-0.2457761 1.596197
0.1948257 -0.9051513
0.7260409 -0.075447
2.652417 1.196197
1.992416 1.580481
0.602282 -1.088041
0.3599748 1.331956
2.461984 0.9960215
0.4627985 1.919027
0.6535416 2.030134
0.802374 -0.05953265
1.855913 2.968757
1.212033 -0.1667071
-1.282821 0.537036
0.029053 1.767028
2.474759 1.969976
2.678016 2.406531
1.27011 1.840836
0.7204077 0.75784
1.736268 1.10954
2.477381 1.244033
1.936023 2.129505
-1.019458 0.7399339
-0.417676 0.7059557
2.639913 1.596671
3.525508 -1.816433
0.9756318 0.757824
1.452587 2.091827
1.418786 -0.4016538
0.8809642 2.514805
0.5096748 -0.2807334
1.59157 2.279846
0.5044526 0.3175748
0.7430113 0.4005703
1.643389 -0.7490502
0.9624153 1.660713
1.116406 2.089182
1.007469 1.175133
1.915648 1.371814
1.962012 1.604247
2.022819 3.330656
1.243223 1.29335
1.406001 -0.270099
2.171434 -0.0596761
2.21707 -0.8176031
1.676142 1.632217
0.9297376 0.4342263
0.994849 0.6876635
0.7713681 1.318772
1.027548 0.8103055
0.3955074 0.260675
0.3251664 1.55537
2.268676 1.803208
0.8811109 -0.632302
0.685367 1.596491
1.580718 -1.274916
2.246974 -0.4231164
0.9857599 0.9102092
1.13326 0.4628501
1.968547 1.107738
1.314262 2.523146
0.6814865 1.612788
-0.784034 -0.579901
1.302334 1.690533
3.12161 0.8396596
