0.3843435 1.48867
-1.140016 1.583157
0.2684947 -0.4337823
1.766292 1.270464
2.970646 -0.8327652
1.48103 1.770848
1.469658 0.6248283
0.05403653 -0.61837
0.3146725 0.3382892
-0.6233034 -0.2044076
-1.469938 -0.2039339
0.9945718 0.1422219
0.5394659 0.2440887
2.201754 1.756792
1.282353 0.499918
0.5772675 1.176771
1.01523 -0.2218002
1.631229 0.05256128
0.7571116 2.923414
-0.377322 2.954253
-0.01358889 0.6688251
1.563245 1.541842
-0.3238856 0.3226651
2.252642 1.406065
3.394359 0.9260135
2.522072 1.631272
1.483688 1.410922
1.181194 1.364313
2.990118 1.762439
1.88028 1.01694
1.514376 -0.3132117
0.8844013 -0.04031246
0.1284178 1.245667
1.554306 0.9560471
1.468622 -0.5693694
1.464664 -0.1247406
1.402459 -1.523144
3.552555 2.612461
-0.9273638 2.187342
1.377687 1.415897
1.903497 0.501491
1.064358 -0.6698739
0.6584449 1.165284
2.136175 1.306275
0.7393191 -1.294823
1.509746 0.2362392
0.8444915 1.653087
0.7578133 0.03292384
0.02797361 -1.25623
0.7360046 1.165059
1.398366 1.77819
1.964639 1.653992
1.757372 1.201346
1.474438 1.487231
0.5475077 0.3458187
-0.7723518 1.167938
0.5217295 0.9198012
1.905154 0.2516502
1.801697 -0.02629593
0.906101 1.839214
-1.472813 0.3111057
1.650166 -0.4805669
0.6757853 0.9512739
2.833048 1.008358
0.9863648 0.3434911
0.8463176 0.6120295
1.530172 0.7121859
1.155943 1.537219
1.3669 0.8623627
2.431268 0.1051064
-0.1354092 0.6197235
0.1953859 -0.1348351
2.752888 -0.9257899
-0.08312977 1.055074
0.8720297 -0.09378037
1.688319 0.5666335
1.372755 0.9896672
-0.3617616 2.224636
1.938686 2.040962
-0.05194478 -0.6054381
-0.8314532 0.8097777
2.3968 2.732657
1.479591 0.09384837
0.5119051 2.359913
1.708446 0.8204884
0.6621341 -0.1952261
1.598798 2.700541
0.8194334 1.66971
0.9689803 -0.08756466
1.000796 3.392582
-0.7721828 0.06932922
-0.6901213 1.376128
1.950342 1.379477
-0.1331691 0.6060718
-0.0743795 1.069341
-0.6591591 1.211132
3.077191 -0.5442283
3.867866 1.508542
0.4446811 1.022449
0.9267798 0.1133252
1.287937 2.047231
2.385141 1.398577
2.318934 0.6034462
2.309727 0.6631993
1.551662 1.639611
2.457522 1.86426
1.308997 0.7578781
0.5018592 0.7732302
-0.4470807 1.567064
0.9967987 0.4558949
0.9916902 1.200478
1.015873 0.602917
0.8784178 0.8781888
0.27574 0.7674167
0.9028482 0.6342597
1.754127 2.14004
0.3311402 1.918952
1.558934 -1.350311
-0.4129146 -0.06762779
-1.365422 0.8600364
0.1102871 1.548211
2.70512 1.602238
0.1117654 1.570467
2.762554 1.764391
2.391078 0.2331706
-0.2376641 1.228044
0.7447393 1.766138
0.2222152 2.018587
1.554163 0.5326422
0.9419949 -0.05969476
0.8334873 1.600253
0.7674283 2.6242
0.3711566 0.1527277
1.151503 0.007191026
1.133966 0.1886241
3.862162 1.650017
1.079802 1.120493
-0.4980143 0.4751737
2.315736 -1.617519
-0.1236336 0.9685552
-0.700942 0.1298335
1.346311 0.3276843
1.621331 1.261331
2.388231 -0.3079419
0.7554083 1.192815
0.3232718 1.473596
2.064409 2.104796
-0.3695649 0.1972953
0.9562725 1.510015
0.8560107 2.496851
2.700023 0.5380516
0.6628329 0.05325787
0.2513124 1.721533
2.252942 0.951761
1.201099 0.9658533
0.4814087 2.283854
-0.4239334 1.149092
-0.3445128 -0.07909707
2.825623 -0.6900236
0.1528217 -0.3039443
0.7374072 2.764323
0.1258554 -0.3625423
0.9662102 2.369559
1.834594 0.9402219
0.6722612 2.712084
2.332592 2.721955
0.7242649 0.7056109
1.671591 0.8130146
0.007079844 2.148969
1.657457 4.189824
1.479905 0.8344789
-0.2709555 0.4117398
1.244337 0.2582091
2.833965 2.232054
0.750979 -0.1050687
-0.3801663 0.5737096
-0.7953096 0.7416278
0.7418146 0.795616
1.404022 -0.451591
0.9280347 2.169597
0.8110306 0.4100614
2.323093 1.343377
1.697547 -0.02229243
1.006127 2.333323
0.0007988196 0.7757424
1.628253 0.9888915
0.04021615 0.4648693
0.8520605 0.6935108
2.330349 -0.1790057
0.5198788 0.1871536
2.125561 1.639235
0.5650323 2.143582
2.170073 0.3706789
0.9764841 0.7054445
0.3375591 1.018155
1.826775 0.1864928
0.7476797 0.3421294
2.662667 1.592869
-0.9549631 0.9684921
2.202224 3.297431
