0.4991177 2.060637
2.207649 2.02874
0.7587575 3.046726
-1.883711 2.179543
0.7352511 2.190324
2.658008 0.1483633
1.147281 1.498444
2.056926 0.9193939
-0.3775608 1.205456
0.1447644 2.977049
0.5756436 0.667352
0.7165931 1.511184
-0.7137461 3.270091
0.9479456 1.575031
-1.004763 -0.8087069
1.501251 0.563008
0.4091605 1.418163
2.849177 0.6874779
1.516353 1.195544
0.7001506 -0.7050375
2.320635 1.997067
1.523623 0.3032714
0.2865906 2.812853
2.176307 1.776646
1.283031 1.877438
1.830282 -0.925205
0.2640453 2.736228
0.9793294 1.090666
0.4011479 -1.455095
2.074246 0.1818181
0.798902 1.220899
1.055285 0.004041739
0.3727353 1.127926
1.495557 0.2106229
0.7922599 0.7573963
2.663391 0.3032397
1.813077 -0.1032351
-0.9236188 1.113256
0.8070871 1.874407
-0.7002908 -0.1240838
1.110466 0.2885409
1.58303 -0.5273884
0.9819947 -0.4514056
2.196409 -0.6101398
-0.2273513 -0.807466
0.9143248 0.5149346
1.672098 -0.3376228
1.140794 -0.1392867
0.6619245 1.994298
1.284842 0.9000704
1.793954 0.7369681
1.710786 3.439183
2.676382 -1.06815
1.380049 0.2751822
1.143195 -1.207791
-0.4300256 1.986251
0.5147143 0.08381067
1.129902 1.295129
0.3880437 0.6877524
1.333448 0.6801313
1.038134 1.551926
1.56052 0.3957599
0.9706323 -2.010561
1.898892 -0.3081904
-0.02559201 0.9168348
0.9488595 -0.2405233
1.130533 2.789085
1.202896 1.849919
0.1855637 0.6407831
1.150751 0.4683033
3.034513 0.9094965
2.455039 1.569948
2.648663 0.4795298
1.477083 1.11036
2.078536 0.6143317
0.2417929 0.7377888
1.456467 -0.3293004
0.1184041 1.751511
0.7479934 -1.734304
-0.3890642 0.1912959
-0.2953592 1.692391
2.143135 1.976786
1.82109 -0.3843467
0.3477471 2.427768
2.010793 2.363732
1.826103 0.571469
1.757554 -1.387225
0.7788784 1.186845
-0.392566 -0.1808165
1.970762 1.656087
2.04373 -0.4278791
-0.2158517 1.14794
1.861458 -0.3861969
3.656552 -0.03377014
1.755737 0.7245218
0.4084909 0.6211487
0.836293 -0.05344746
1.255511 0.8320032
0.8919993 0.09512031
1.056183 1.265464
1.199926 0.7109523
0.2816954 2.12436
0.2693918 2.320461
0.2093518 -0.5042081
-0.4453553 0.5071631
0.6023665 -0.3483821
0.05523345 -0.2443084
1.587902 -0.7477757
0.8911405 0.490997
1.224394 1.718994
1.149885 1.112045
-0.01336471 0.8794366
1.478259 1.361999
0.7632017 1.354392
-1.436419 -0.06991198
0.1580145 1.517576
1.069013 1.375655
1.827566 -0.08312819
0.4856451 -0.05897427
0.1713492 1.687303
1.238275 1.170812
-0.2385734 2.735499
0.2532743 -0.06747947
3.366376 1.509945
0.7972649 -0.8819376
0.4768157 1.767049
1.139671 0.7021479
-1.190029 2.188585
2.313628 -0.1157299
2.792575 0.5380303
0.8455579 0.3026644
2.067277 1.259653
0.9895561 1.713052
1.580947 2.10177
1.167672 -0.1040116
0.1313602 2.585247
1.129306 0.3547424
0.3557496 -0.2311553
0.439164 -0.6277362
1.362395 0.2408503
-0.5947171 1.04053
-0.856921 1.037919
1.692025 1.580973
2.13132 2.797616
0.5567924 2.03459
1.594978 1.156768
0.4018643 1.609767
1.946041 -0.6973217
1.892768 0.213051
0.5945641 0.8485501
1.775423 1.453546
0.8534609 2.871612
1.505838 -0.1449853
0.53019 0.6714942
0.4448374 1.262207
1.139281 1.951994
0.04844772 -0.1245021
1.83195 0.7482565
1.7976 1.963112
0.150683 0.6705715
2.325373 0.981353
-0.5588171 0.8409365
3.525072 1.727655
-0.2990774 1.673919
1.533151 1.148935
1.038206 0.7377467
0.6731269 2.429856
2.743138 0.265559
2.13797 -0.3771126
0.7357322 0.6881735
1.59877 2.288319
1.128253 1.236196
0.2641565 2.212829
-1.989679 0.09627147
0.473203 -0.3671462
1.163974 0.7418594
1.039144 1.0158
-0.009099862 0.9299834
1.418543 0.7395596
1.799057 -0.04695864
0.1283869 1.778509
2.557967 1.980142
-0.8737419 0.4775731
0.04903273 2.466823
1.89857 1.749705
1.076654 2.088842
-0.3700236 1.082935
0.2745541 0.7719804
0.4641491 2.014917
2.649007 2.695271
1.255148 1.059515
0.1077021 2.193192
-0.1097585 0.1290702
-0.109637 -0.3488359
0.03233999 2.651953
-0.311279 0.7320604
-0.06051861 1.923747
0.1096987 0.7395177
0.6211282 0.5464148
1.141127 4.466715
