0.8513001 1.4196
1.121913 1.800115
0.7236329 1.333794
-0.1358918 1.454524
1.291812 0.6756401
0.834932 1.364441
0.5619838 0.499811
0.1230958 0.6712243
-0.296227 2.129366
0.7822225 0.7935574
0.2231993 0.9102416
2.524177 3.402452
-0.2278279 0.4881836
1.28722 0.9274137
0.2819467 1.469473
1.081604 -0.1823732
1.289748 -0.04983344
-0.3050809 -1.130617
0.6628106 2.050591
-0.07681496 0.7340906
1.26895 1.747959
0.301377 0.8100759
2.03641 0.9121074
0.6186677 2.008361
2.162023 1.110968
2.568051 1.603413
0.05205572 -0.1208956
0.05689834 0.738548
1.010291 0.1600776
1.163775 1.045144
-0.8891733 1.122956
2.997401 1.422544
0.2256846 1.80796
0.9497766 1.103482
0.9532486 0.7102913
-0.7211558 2.331326
0.193406 2.561887
1.488699 0.7412643
1.126768 0.7967907
1.817962 2.344233
0.2279688 0.6001429
0.07175251 1.539849
1.385423 -0.4971013
1.414635 0.07121991
1.1166 1.4354
-0.06188904 2.359845
2.590172 0.2253785
0.7724926 -0.01904042
0.9876656 0.4920965
0.8888601 1.453161
1.64727 2.961282
1.235527 1.291725
1.546901 0.1110112
-0.6196525 1.419704
1.693672 0.09842181
0.8278433 1.647381
0.3156295 -0.9382689
0.5648061 0.08103807
3.795337 1.626526
1.718593 1.112436
1.949725 0.54634
-0.8044167 -0.5952479
0.2095043 2.522361
2.674538 0.7505149
2.049425 1.1793
-0.3437252 1.70717
1.137749 0.4848256
0.7720772 0.7917643
-0.9665295 0.9651814
-1.139418 2.322933
1.275351 -0.7309904
-0.6663657 0.3139937
0.1102714 0.7095087
2.096756 0.1061705
1.483108 0.5597851
3.333723 1.61031
2.697319 2.395011
-0.08902976 2.316112
3.613779 1.350103
1.712313 2.237138
0.3726763 2.629351
1.451999 0.8798336
1.797033 0.161437
2.449536 2.062579
1.792309 1.501613
0.4048836 -0.2061508
-0.3857853 1.284963
0.6154943 -0.3539346
1.307244 1.455667
3.04435 0.9669307
1.304707 0.07295729
0.4060005 0.5149715
1.753664 0.302943
0.4256225 1.530475
0.7513834 1.195975
0.9494463 0.879938
2.981455 0.2330158
-0.05682965 2.576447
0.5019065 -0.05491405
-0.005408606 0.7987994
2.080158 2.514319
0.7638302 2.078844
1.415665 0.2673169
1.357442 2.143853
0.8314033 1.026193
2.882334 0.50362
-0.4967303 0.6193864
-0.3492553 0.7475985
0.4167547 1.849085
-0.5009146 0.6173053
0.357731 2.50247
-0.2895278 2.936661
1.372913 -0.001593518
0.1880638 -0.0699831
1.277952 -0.1128292
1.93733 1.435849
0.5939879 0.261541
-0.0006034517 0.7650609
0.7879458 0.8784112
1.760165 1.082522
0.9626123 0.7408531
1.047788 -0.1219761
2.388661 0.1374715
2.07947 0.629415
0.8016274 1.956407
1.198765 1.290747
0.3938461 2.462656
2.249182 -0.975336
1.49385 2.229407
-0.3154946 1.511425
0.142177 -0.9221638
-0.5275227 0.1684071
0.07965218 1.33993
2.617714 0.5438549
1.596782 -0.6672916
-0.6430223 -0.404416
0.7640165 2.159722
0.3298395 0.7104317
-0.678805 0.9641898
1.500067 1.3024
-0.09419301 -0.5589553
1.767533 1.402833
0.1866097 0.867638
-0.6392552 1.350072
1.338721 1.619303
2.228556 0.2963606
0.2856568 0.3875062
1.437757 0.3235901
1.252908 1.742336
1.375765 3.318566
-0.1573535 2.643899
-0.4655194 0.2943753
0.6427082 3.114221
-0.1272262 0.488667
-0.3074849 1.408498
2.605829 0.9116282
1.532152 3.166983
2.178448 1.849097
0.5950227 0.1669712
0.5809432 1.494389
1.347867 -0.2291909
2.334871 1.583244
-1.266818 0.8817578
1.192068 0.4031522
2.635392 -0.0672946
1.50716 2.092433
-0.8608276 1.779454
1.803217 2.760431
0.5417485 0.9592862
1.541264 1.815699
-0.3538932 2.447494
0.6368205 0.9221524
0.553128 1.470836
2.078936 0.8681278
1.31802 2.041674
1.242078 0.7430025
-0.3443889 2.173947
-0.2301705 1.442296
1.908966 2.32087
1.508765 1.900969
3.734163 0.1898268
0.9168965 2.021624
0.4720659 2.572636
1.617996 2.732834
2.523881 2.751928
1.982964 0.3418492
0.278908 1.987055
1.953337 0.8213674
0.8047491 1.024102
2.021839 0.04729042
-0.4260318 1.794781
1.280745 0.4072525
0.9737362 -0.5539108
0.4252881 1.128859
1.318883 1.667715
0.02323549 1.31221
0.5354483 0.7384275
-0.01027812 1.912708
0.9755612 -0.2851196
1.332159 0.715965
