0.06769848 2.86052
1.815431 0.9985288
0.4338758 1.530259
1.179139 0.6666646
2.035708 0.1960689
-1.63053 2.403335
1.280678 1.643552
1.135286 0.9468647
1.458967 0.1230307
0.1369147 -0.1796807
2.051355 1.238365
0.02626877 -0.5904383
1.110547 0.9404476
1.230988 0.5341014
0.06378461 0.7958715
0.997816 0.8224774
1.566502 1.615663
1.233234 0.9794736
2.424252 0.9902077
1.900355 0.5318454
1.406891 0.7264951
1.249175 3.009697
1.66707 0.8877533
2.743711 2.092713
1.14645 1.448495
1.385118 2.337113
1.492484 1.136022
1.698505 1.762454
0.1862028 2.711619
1.603869 2.687899
0.789651 2.516371
1.032396 2.096858
0.01672271 0.003963471
1.362864 1.193943
0.4711163 1.099563
1.405707 -0.3293057
1.26948 1.993732
1.450099 2.193133
-1.043635 1.617149
1.387797 0.4385143
0.4589851 1.133561
1.518812 1.949063
-0.6259393 2.073981
-0.4782032 2.143278
2.337246 -0.09472489
-0.0635362 -0.5555258
2.918374 0.6046515
1.622382 0.05062427
1.060874 1.050418
1.071742 1.840736
0.5980484 1.740684
2.072331 1.178042
0.7921967 -1.17342
0.7330003 0.7146027
0.7015642 2.475549
-1.076709 0.8172259
1.833721 0.4095105
0.7760838 1.478235
0.9882353 2.265503
0.1558116 2.588592
1.370593 0.6923307
1.671715 1.943093
1.023734 -0.1971729
0.1056595 -0.3413378
-0.09642732 0.6252356
0.3324269 2.678718
1.439402 1.653682
0.6292192 0.9361709
0.5036041 1.395906
0.501955 2.333008
0.803154 1.741762
1.738109 0.03581061
2.230028 0.3822293
1.424159 0.2644392
2.545032 1.319706
-0.09756028 0.6141165
1.225884 1.935121
1.174072 0.2390613
0.5599474 2.417417
0.3597714 -1.332221
1.52033 0.008655806
0.1506286 2.389876
0.8135253 -0.516068
2.101957 0.7480289
1.911828 0.4037609
1.397551 0.2400284
1.133346 1.66735
0.9343844 0.6168952
1.642994 0.5711407
1.527524 0.5754265
1.688101 1.9944
-1.081641 1.197178
-1.431255 3.530664
0.3982484 3.536124
3.005375 -0.3911053
1.527478 0.9006084
0.4554912 1.654462
1.428744 0.1905636
-0.2645036 0.420917
0.3351141 0.8276656
2.476974 0.8566348
1.201877 0.8956828
0.942467 0.2489263
0.883344 0.9363335
2.110485 0.4974748
1.825109 1.493884
1.130344 1.527881
0.1166774 0.2100319
1.465238 -0.6999287
0.9461528 1.763178
2.338916 1.893621
0.844031 0.6763366
2.976717 1.855953
2.075731 1.711429
0.4807971 2.088333
1.402835 0.7073524
0.5064112 1.82355
1.101812 -0.362385
1.047042 -0.5468007
2.286968 0.4175138
1.945988 2.578469
0.4212045 -0.07143011
2.06471 0.1679424
1.736135 1.812574
0.6199838 1.380503
-1.276061 1.516351
0.004043289 0.02080061
0.9917647 -1.060059
2.319747 0.1201797
1.607241 -1.462565
1.667231 2.546978
2.1686 -0.1263597
2.633267 0.1204314
-0.1745808 2.576987
1.326721 1.074063
0.7723503 0.1074195
1.723006 1.807623
1.774877 1.704191
0.2340284 2.121664
2.116957 0.5502766
2.404566 2.233546
3.014748 2.210129
1.555559 0.4579046
2.820743 0.4577367
2.994758 1.493543
2.009233 1.611958
1.397842 0.5891683
3.53022 1.651256
0.5236813 1.140072
2.174795 1.154701
1.676907 0.5440853
1.383279 1.525485
0.3276593 0.656945
0.6966294 1.26004
-0.6871134 1.336338
2.629261 -0.4291654
2.911424 0.9588212
-1.310629 1.277322
1.463591 1.593585
-0.4225212 0.1707469
2.323293 1.170245
0.4134262 1.021917
0.9870296 -0.1305337
0.7466578 1.929353
1.515792 1.318422
2.236717 0.6893453
1.395235 1.922448
-1.468786 0.6265922
1.040268 0.9226372
3.247954 -1.429866
2.096462 0.6646833
1.390476 0.0002935109
1.080504 -0.02053585
1.391609 1.111682
0.1648736 -0.5148344
2.082515 -0.7622728
1.847216 1.839476
0.6887656 0.7431875
3.76069 1.036007
-0.269433 1.574981
-1.530937 0.4910677
-0.6562603 1.187308
-0.6588191 1.27634
-0.3404426 0.6328689
1.081917 -0.1215553
0.2062582 1.292244
1.121888 0.690181
1.886463 0.5535957
1.424342 0.2645611
0.7679667 -0.004955164
1.854573 0.4040002
2.11562 -0.02596701
0.4157647 1.200919
0.6861199 -0.0605209
0.4933628 1.087882
0.2243782 3.36789
0.7641014 0.519204
-0.2237773 0.2024853
1.928418 1.375586
-0.5356417 1.00704
