1.319174 -0.5122852
1.236656 1.426265
1.204099 0.5160952
-0.7053433 0.5384794
1.100355 0.8323908
0.2882116 3.184686
0.09357482 0.2302489
1.055841 0.174733
-0.9273362 0.6308486
0.5154297 1.796975
0.6282397 0.3074091
-0.5192146 1.184011
0.6955147 1.069145
1.598274 2.160754
0.7802871 0.8522008
2.448896 1.559477
1.062714 1.834306
0.8241816 1.146561
-0.3182327 -0.2387708
1.023734 1.776915
0.6656445 2.540794
1.448609 1.440406
1.013329 0.4973652
2.357896 0.4635831
-0.1508761 0.1179142
0.7754785 -0.1383201
-0.5332193 2.620509
0.5252114 1.320658
0.861585 2.15277
-0.6634462 0.721217
1.491455 1.254084
1.454585 1.290001
3.169227 1.396973
-0.4101989 1.40574
0.2540995 -0.8434625
-0.6870038 -1.519548
-0.6992118 1.851053
0.7583957 1.847153
0.6970128 -0.1269774
2.383303 0.9659759
2.396492 1.85799
1.01011 0.7033515
1.025207 1.819623
0.404815 1.72346
1.501166 1.672933
0.2321594 1.42725
2.995732 1.717783
0.4897057 1.741696
0.3691955 2.304668
-0.7806166 2.810791
0.5897654 -1.459298
0.7420449 1.921073
-0.5244011 -0.757235
0.8253331 1.846048
1.417927 0.8370139
2.509107 0.2803823
1.373875 0.479607
2.41173 0.2018281
0.8222382 -1.748458
1.445048 0.4140232
0.73769 0.8219433
2.406497 1.892569
0.6904772 1.740471
0.5595068 0.6038996
2.747486 2.712647
-1.352804 0.3787967
1.458076 0.4139029
2.408482 0.03792936
2.085201 0.1461664
1.709134 1.413384
-0.1149555 0.8731114
1.41233 0.199354
0.838931 2.913153
1.568107 1.775395
0.1524856 0.2601569
1.114606 2.143163
0.9626479 0.8503692
0.3013566 3.052194
0.9231278 2.122136
0.03486115 2.565665
2.007666 1.522856
1.225954 -0.1498248
0.3778661 -0.6986864
1.176987 -1.770683
1.903863 0.1860616
0.782601 1.009861
0.8264737 0.531924
0.9799316 0.2316124
-0.4665594 0.2441842
0.6586245 1.192786
1.955566 0.00507083
1.425411 1.531186
2.496058 -0.5770526
-0.3466071 0.8299723
0.8716307 2.061199
1.147653 1.007386
-0.8172784 0.1321329
1.675183 -0.6126436
1.09736 0.5508336
1.753706 -0.6065263
2.167451 0.8232864
2.024903 1.698931
2.2381 0.3981745
1.769659 1.867045
0.5857256 -1.372756
1.25087 2.661763
2.818244 -0.6906348
-0.2466146 1.850132
3.584934 -0.5891958
1.244824 1.164466
0.2272802 2.583215
-0.8764995 1.251164
-0.4482687 1.699063
2.014455 -0.6701441
2.182605 2.725863
-0.3350744 0.1796555
1.895743 1.16409
1.585158 1.749479
0.702483 -0.9049509
1.930469 0.4052405
0.5158168 2.205164
0.8605493 0.4595309
0.9648564 2.662706
-0.290339 0.1740808
1.415502 -0.07370654
1.812926 1.859983
1.11052 -0.7287268
1.344328 0.6867566
1.684763 0.7101476
1.361115 -0.5291235
1.323513 -0.005560827
2.376157 1.147814
0.5871486 2.40314
2.182583 2.762506
0.8503563 2.14858
2.400597 0.2227331
-1.223514 -0.3929814
1.564086 1.580832
0.9371885 2.476516
0.5268649 -1.022593
0.7807906 1.732861
0.7006304 2.734949
-0.1806938 -0.4297855
1.818645 0.7486227
0.6587879 1.966076
1.029478 2.536073
1.709976 0.8058249
2.092697 0.5895399
0.0495992 2.380759
0.6787358 2.648522
-1.397749 2.55023
1.842728 2.141355
-0.8048805 1.757096
3.074596 1.494903
1.315334 1.625814
2.605966 0.7429682
0.6094904 0.4959779
1.719867 0.7694172
0.6759051 0.4690757
1.538373 2.214968
0.09776656 -1.346782
-0.6257689 0.2639665
1.516414 0.7242723
0.8107538 1.777336
0.9575764 2.097794
0.9671504 0.4804741
2.189704 0.5153257
-0.1071953 1.508823
0.5106644 1.050547
0.9708999 1.548666
1.371918 -0.06284235
-0.4079094 1.903298
-0.4097379 1.700295
1.912453 1.150486
1.619532 1.130348
1.517725 1.747467
1.216366 2.884277
0.8207022 0.9788418
-0.2371796 1.183794
1.439758 0.3576436
1.607475 0.8678857
-0.3869835 0.4054195
0.525156 0.9766227
0.9556171 1.850102
1.169122 0.3113611
2.085237 0.9840184
0.7341233 -0.6089944
-1.583423 3.364597
0.8700224 0.5841552
1.437408 -0.2782709
2.551407 -0.9005398
1.865742 -0.3127478
0.8889576 0.2949183
1.54649 3.533974
1.498173 1.362853
0.01243069 0.2267899
0.3159809 1.058682
0.686397 1.257339
0.7697562 2.139896
1.901962 0.1775527
