1.00688 1.881606
1.138735 0.7835277
2.87948 -0.003001333
1.978092 2.910821
-0.353924 0.257498
2.361702 0.2340976
1.916115 1.740798
-0.5977877 1.652262
0.1286662 1.148394
0.1146955 1.32151
2.617444 1.119357
1.596277 -0.06765344
2.194068 -1.553896
0.08517706 1.311072
0.4383666 1.151556
2.551559 0.6497307
1.188511 2.163644
2.512385 2.375834
1.670705 0.03567671
0.3583284 0.7932768
1.81321 -0.06202252
1.815714 -0.1142844
0.003049137 1.505314
3.588974 2.037475
-0.06598109 0.4613673
1.070684 3.10532
2.988596 0.750421
0.7569761 2.391484
0.4441114 3.198525
0.5335245 0.8333776
0.4211671 0.09297012
1.254937 1.56396
0.7641906 1.274165
-0.7043762 -0.1335246
-0.3418062 1.205316
1.911047 1.317816
1.087623 0.3673347
2.197787 0.6578131
-0.03506675 2.063214
-0.1830229 0.9326453
0.3256666 -0.2557831
2.379837 1.845075
2.216175 -1.052203
0.7765136 -0.02683918
1.375414 0.4982807
1.132574 1.435811
1.415914 0.4478476
-0.08523264 0.150033
1.377878 0.9727774
1.224599 0.8741033
0.5541968 3.278387
-1.551947 3.032752
1.758756 1.336255
0.9977194 0.1670604
3.531342 0.7099513
0.7936135 3.668407
2.378259 1.258373
2.49544 1.528475
-0.1365157 2.739172
0.445928 1.210608
0.6121713 0.7962025
0.9148567 1.01954
2.097738 2.36951
0.7932522 1.959513
0.406731 1.326302
2.157147 1.417547
1.208252 1.818798
0.4762263 0.3846687
1.324958 0.6194959
0.9284056 2.010505
2.383016 1.555068
2.522556 1.385886
1.585611 2.835245
-1.077031 2.672313
-0.466562 2.123751
0.9172602 1.331194
1.554106 0.007953752
-0.7365984 0.3723572
-0.7235984 1.572567
1.105704 0.9364729
0.8287616 1.070349
-0.5783664 0.7370124
0.4921091 1.231518
0.7374996 0.9743094
1.275594 -0.1964723
0.008312953 2.224144
-0.01477193 1.873101
1.600917 1.367432
0.8583476 -0.569936
1.950083 1.953026
1.77551 1.509995
0.374273 1.52935
1.23701 3.119154
1.965914 -0.03988835
0.6349115 1.88792
2.809826 1.024489
0.5126353 1.384193
0.0200679 2.60319
0.2892281 2.298681
-0.1079056 2.261416
1.529523 1.247555
1.005396 1.327837
0.9610369 1.682431
-0.851136 0.7421614
0.6247294 1.770302
1.770544 1.136782
1.166985 0.2085385
-0.1324823 -0.007956139
0.8180485 1.620064
1.033933 1.970981
1.115672 0.3086547
-0.2278667 2.534646
1.344718 2.112329
0.2009693 0.1973658
0.6295371 2.000787
0.5582387 0.4011867
0.473295 -0.402417
0.4876968 1.236176
1.247731 0.6282736
-0.5733016 0.5029872
1.42479 0.7024007
1.067922 2.028431
1.482798 2.6258
1.820721 0.3502865
0.7237227 2.797976
0.1461866 0.4092077
0.520424 -0.9215811
2.563192 0.4162757
1.199442 1.62975
0.7232311 0.8716224
2.888879 1.163691
2.354167 3.547752
2.049242 0.5087793
1.506794 2.814642
2.322166 0.3081757
1.053208 -0.5618912
1.850324 1.296473
0.2680702 1.136235
0.9331375 0.2891832
1.65851 2.665788
2.498656 0.9104311
2.109073 1.709743
0.4585163 0.7136606
1.483868 0.8893382
0.5112532 1.112363
-1.062297 1.523053
0.7876852 0.5846911
-1.92923 1.780678
-0.6016671 1.243504
0.4111208 -0.03847336
1.331281 -1.264435
-0.7030461 1.081899
1.57666 0.8718318
1.087246 0.3951496
0.7568695 -0.09216461
0.3844692 -0.4347421
2.463837 1.732904
1.045706 1.177149
0.4730487 -0.6912459
-1.229763 -0.9906578
1.417896 0.687829
1.533156 -0.09368071
1.815192 1.589789
0.3007583 0.3701847
2.049935 2.500413
-0.3202157 1.019105
0.122481 -0.9201821
-0.2904549 1.265903
2.079721 1.707336
0.1106335 -1.131757
1.813121 0.4641054
0.8651832 0.2197781
2.526233 0.2319955
0.4719682 0.9091471
1.716303 -0.02419876
0.8946481 -0.1846315
2.030244 0.2002678
0.1402609 -0.4099694
0.2478786 1.006707
-1.810705 2.048928
0.1173636 -0.2347875
0.4190699 1.255832
0.2991579 0.3458976
1.344194 0.08055762
1.34993 -0.00850886
1.262918 0.498619
0.2486828 2.741877
1.624351 0.8330478
1.885058 0.5036338
1.211399 -0.8109583
2.077146 2.61573
0.3137464 0.5844064
1.510189 -0.1440496
1.857523 1.074599
1.563623 0.7271809
0.3997537 0.5322576
-0.5231034 1.888544
1.039196 1.055924
2.222934 3.052721
0.4567304 1.047018
