1.582919 2.219759
0.4490135 1.716841
2.128038 2.012241
1.124138 1.339263
0.8175874 0.3683047
1.218417 0.2242208
-0.006826685 -0.03207684
0.05570092 -0.9677743
2.212641 1.928834
0.9709128 0.5308044
0.8224053 2.315218
0.229568 -0.605262
0.6874646 3.008368
1.447862 -0.1388894
1.165144 0.1904237
1.253815 2.651311
0.08317028 0.745745
1.277508 0.7205043
1.057034 2.23462
0.08670489 1.636832
2.704094 -1.128111
-0.3368902 -0.01317223
3.279806 1.26798
1.815739 -0.2247646
1.616799 3.363263
1.234907 1.795193
1.206317 2.126341
1.779758 1.07119
-0.9472599 0.9849185
0.6267859 0.8539506
0.6428463 1.075079
-0.09585853 0.8681408
0.1604585 0.4224569
0.3458886 1.221412
0.3005402 1.295143
2.130639 0.3070116
1.301073 0.7285599
-0.9730309 -0.955625
2.394348 0.8844454
1.775359 -0.4046809
1.609516 0.2418777
2.403844 2.296379
1.169077 1.599596
-0.2274429 0.4830008
2.375734 1.581402
1.877692 -0.03173614
2.962518 2.075373
0.8564046 1.632585
2.387502 1.096162
2.161351 1.904083
0.5387988 1.701093
1.032839 1.135871
2.713332 0.1876409
1.539963 1.447764
0.6794549 1.145339
-0.9799363 0.3719509
-0.3234239 2.370076
2.100834 0.6915142
1.471563 -0.09356902
0.6943655 2.905322
2.712815 1.26175
-0.7319783 0.7796447
1.088432 0.4515089
0.655592 0.3822013
1.025754 2.326456
-0.2922279 -0.9276053
-0.05999213 -0.6824072
1.31387 0.8537295
-0.9130218 1.401613
2.41129 -0.09545897
1.897445 1.292197
1.914991 1.608105
0.5904857 2.770507
1.268613 -0.9127065
1.918523 0.8268462
0.4421852 0.5927219
1.46759 0.6233755
1.511874 0.3512719
-0.3353373 1.029825
0.1804409 1.727333
1.491095 0.7927385
0.9242085 0.6128898
0.9392668 0.874124
0.3906316 2.781847
-0.7725508 0.2687428
0.3129796 0.2147545
1.88724 1.74551
-0.6048538 2.10386
1.190986 2.067053
0.9900541 1.326675
1.87482 -0.6513044
0.5070713 1.114333
1.034705 1.533766
0.6384582 2.223939
0.2608608 1.618018
1.480013 0.472669
1.414354 0.7445972
-0.2403645 1.783764
0.6698232 0.5954322
1.280419 1.566965
1.360501 1.564133
0.05870167 0.9921211
-0.9816892 0.6248783
2.366808 3.055324
2.592109 2.50239
1.626035 2.479446
-0.04877183 1.773884
0.9434689 1.007104
2.12133 2.617791
0.2594211 2.074123
1.224578 0.890941
-0.3392212 1.789458
1.053349 1.649548
2.153652 3.014579
1.470235 -0.6324142
1.014118 1.597412
-0.05144471 1.491664
0.7662803 2.028812
2.0202 0.1653724
2.258349 2.288663
1.486247 1.179221
0.2076748 -0.05502618
1.09008 -0.253288
0.6263208 1.578431
-0.5272786 1.793143
1.47966 -0.6962005
0.2300239 1.500766
-0.2757056 0.824734
0.6627148 -0.2780814
0.01562273 2.029973
0.951005 1.130606
0.4305847 -0.7191964
0.5038202 2.498523
0.4570616 1.978272
1.922034 1.70113
0.8620125 2.956028
-0.1024246 -0.2132692
1.214111 1.544444
1.643319 0.9594463
0.3383029 -0.7777905
2.549222 0.08861873
1.326429 0.302222
-0.28529 1.727855
2.119073 2.16098
1.28024 1.506999
1.24618 0.9910314
1.692201 2.634821
0.5342397 3.005188
0.1091087 0.8334598
1.124375 0.2702277
2.184162 -1.115967
-0.6708446 0.2721091
-0.3847913 0.9197241
-1.733155 -0.3215369
0.644499 1.77216
1.268402 0.6329556
0.2622721 1.296886
0.1788093 3.000068
-0.7382408 1.700218
1.765632 2.838501
2.468821 2.41646
0.8971306 1.051434
0.1424628 1.050555
0.3776054 1.898422
1.61619 2.01176
1.0135 0.9283421
-0.2392357 1.540286
0.4852256 0.7698445
0.8845161 -0.03315589
-0.8671316 1.274033
0.7377779 0.6630293
-0.793079 2.276734
-0.1701316 2.440229
0.1911587 0.942706
-0.9876252 0.07036162
1.073781 1.679054
2.395671 1.190556
0.09365115 1.165218
1.23197 2.291386
0.3300705 1.023726
-0.1522329 1.467795
2.671644 2.095293
1.343962 1.807482
1.524076 1.260331
1.046679 0.05835709
1.23262 -1.13335
1.889183 0.5539856
1.680648 2.34568
0.1562399 2.847906
0.2520127 1.315879
1.316769 2.424185
1.537475 2.681306
0.6822636 0.4861006
2.283046 1.37088
1.000276 -0.142405
0.4406152 -0.04338058
0.1536572 2.64536
1.659572 1.521997
2.374809 2.103754
1.081704 3.013021
