1.131908 0.9965869
1.669743 1.57868
0.7146703 2.75654
0.7894906 0.2432088
2.298517 -0.004427885
2.351911 0.9090787
1.756611 -0.02373749
0.9488802 -0.3327325
0.1173663 1.528134
1.334302 0.2397536
1.663519 1.562578
1.091955 1.702817
0.3285713 2.697635
-0.3176012 -0.2055749
1.798352 1.602386
1.416725 0.387668
2.543465 1.30303
1.45975 0.6045537
1.240142 2.532286
-0.4501195 2.020129
0.8665516 2.449773
2.239269 1.003742
0.5073092 2.348808
1.402511 2.421708
-0.6947465 0.5569958
0.4768997 0.9853556
-0.101864 0.2746996
-0.1787604 0.8566094
0.08144012 0.94923
2.456042 1.577213
0.9774889 1.619447
-0.3916411 1.0697
1.51708 1.402472
1.857072 -0.140278
0.02226722 0.2826327
1.510966 -0.07201477
1.243712 0.08249856
-1.953237 -0.1268538
0.4565551 0.50252
0.3529217 1.234934
1.450716 0.9395581
1.968164 1.408433
1.346704 2.928787
1.992216 0.2665441
1.493669 1.266067
0.555361 1.964966
0.9973184 0.5971565
1.974678 0.06997424
0.8333291 -1.46379
1.281039 1.630909
1.422683 0.917218
0.03494323 2.03557
0.7880182 0.739833
0.3455129 1.670163
1.165213 1.177479
-0.675079 2.523129
2.918736 0.3541307
1.08848 0.1960384
-0.6404938 1.728804
1.477583 -0.06631924
2.65839 -0.4153109
0.7978736 -1.92527
1.482213 1.523174
1.539787 0.8480635
2.523148 1.215954
-0.04074581 1.618035
0.5952815 1.505832
1.54187 0.6768917
-0.2348984 0.5749101
1.081898 0.742713
0.9795242 -0.1945769
0.6074506 0.05987077
1.195949 1.859121
1.669691 2.177439
2.045508 -0.06817193
-1.430314 -0.9130461
-0.01128491 2.156496
0.3657177 0.7114788
0.8739755 1.343885
0.9456408 0.400875
-0.7219812 0.8055147
1.40143 2.502635
0.5289487 2.219337
2.668204 0.2359934
-0.4183925 2.138599
0.6433897 0.9945865
0.8605077 1.432498
-0.7392759 1.418068
2.814653 1.295417
1.840099 2.186466
0.1289405 2.174915
1.455295 0.6495569
1.618128 2.024044
0.8220202 2.483758
0.2294601 0.1438769
1.44308 0.1920339
1.146977 0.4422668
0.4431495 1.480591
2.17706 0.8118568
1.602414 -0.8325761
1.883388 1.188464
1.455951 1.40817
1.987246 -1.672055
0.6946615 2.264227
0.9372832 2.433494
2.843852 1.384049
0.9717714 0.2548689
0.5992395 1.524578
1.900683 0.09675204
2.227609 1.345803
0.1501487 0.1353775
1.807401 0.4625442
0.344849 3.305491
0.2575768 1.212257
-1.1728 -0.4702576
1.836877 1.670412
2.941616 0.0929106
0.7823979 0.578593
0.7980487 1.334994
1.671615 0.05146682
1.033592 0.4638726
-0.01738328 1.001905
3.13059 2.06629
1.099193 1.26969
1.438632 0.2772144
1.556655 0.8349636
2.032798 -1.641379
-0.378979 1.527221
1.352488 0.1065037
0.5129027 0.2803425
1.073289 2.188841
0.1614298 1.587078
0.8007698 0.5932565
1.385208 2.560415
1.664539 1.261485
0.004607868 1.310065
-0.2648358 0.1620654
1.146712 0.5858576
0.1480292 1.815843
0.4784397 -0.003810067
1.271118 -0.2421566
0.0811072 0.14196
0.7157445 0.9824639
1.285013 2.565785
2.214642 0.4975305
-0.02213155 0.1529493
-0.1496947 2.099392
0.3471593 2.206605
1.406141 0.1680196
2.875048 1.164396
0.6105129 1.079415
1.427749 2.038258
1.772857 1.45704
0.9945477 1.712525
1.739018 0.198072
1.296123 1.438805
1.018316 -0.4671975
0.5395383 -0.01129689
2.427885 0.3555458
1.599513 1.71174
2.356205 0.718532
0.07866398 0.1300638
1.304067 1.909497
1.180576 2.891119
1.882456 0.7461581
1.60641 0.4371022
0.8364099 1.218869
2.288807 2.183612
2.120718 2.670089
-1.999677 0.344396
-1.894322 -0.2617074
-0.8268859 0.1257662
1.534831 0.4644841
2.41629 1.433657
1.493013 0.6786878
1.112698 1.111743
0.5052645 1.735007
0.5065637 0.8268652
2.626275 0.5046233
0.5405793 0.7853804
0.2444698 0.3851232
1.637893 -0.4901736
2.204813 0.9690917
-0.2940915 -0.6720288
0.8552495 2.682166
2.210781 -0.1668546
1.088392 2.097381
1.769734 1.38292
0.9782408 0.7787311
1.191461 0.7646418
0.4824228 1.872277
3.073871 0.5609643
0.6624766 0.5907291
1.350807 2.123283
-0.2351378 0.8993183
-0.4853303 0.2567161
1.263585 1.928903
2.095323 3.154473
0.7253994 2.117966
-0.7471453 -0.08270353
