1.798545 -1.146544
0.6266588 1.436228
1.251902 3.633014
-1.500626 -0.2736623
-0.7991713 1.640246
1.000476 -1.523013
1.473358 1.654015
1.612176 -0.1682669
2.583131 1.153503
0.3904433 0.4062981
0.9272267 0.3110769
1.559625 -0.7376953
-0.5560906 0.8759291
0.3353194 0.5964504
1.200926 1.034005
0.7968715 1.416276
0.7544185 0.6171178
1.698895 0.8040703
0.196291 -0.3923368
0.0214509 1.847502
3.619091 1.378656
1.782993 0.7244998
0.7740542 2.239349
1.254103 1.113971
2.072583 1.354352
0.6175198 0.3628021
1.164659 1.978218
1.667061 1.82741
1.255825 1.79971
1.883863 -0.01389726
0.5120587 -0.1745196
0.04879095 2.515184
0.6740479 0.5704732
1.979985 1.601963
2.056126 0.4341123
2.557138 0.2564903
1.170901 1.055895
0.09868234 0.6884324
-0.3186434 0.7930433
1.679014 1.154447
1.635376 1.793705
1.47826 1.4496
0.4965333 2.312147
0.1025757 2.698524
2.089645 1.529522
0.1481839 -0.6242325
1.819478 2.484205
-0.6134847 0.126933
-0.1080632 0.04909088
0.4177986 0.1806651
2.261785 -0.4411469
0.6660148 2.030922
0.7530588 0.4439508
3.094583 0.01230071
2.00048 1.333309
0.6131402 2.021212
1.906517 1.698324
1.12936 1.908514
1.13882 0.425479
0.03178512 -0.4103868
-0.2543282 0.3967574
1.81903 -0.02993053
0.7736121 -0.6408513
1.939269 0.6036409
1.452009 0.4805396
1.523928 0.236183
-0.7422907 1.435166
2.167927 0.7192296
1.170786 0.04714718
3.51315 -1.354694
1.50612 -0.2715926
1.048362 1.79678
2.06842 1.149845
0.7437071 0.6541654
-0.1191178 0.6995133
0.3788657 -0.8751876
1.168645 1.770171
-0.1405449 1.743093
1.710477 1.517118
0.2514148 1.351379
2.909678 0.6850367
-0.1761211 1.068592
2.0846 1.730336
2.202791 1.618546
0.6109372 0.800388
0.8947885 0.9337752
0.3523854 0.9552003
-0.532427 0.2688574
0.689441 1.542318
0.8677657 2.593798
2.794201 1.241543
1.376281 0.4630571
0.4843974 1.624451
-0.2748713 1.037546
1.597797 0.3428688
1.363014 0.7497065
0.9937819 0.5828975
0.5010563 2.307248
1.927017 0.6640203
0.2473847 2.067025
1.482718 1.680284
1.675042 0.3697024
0.5274823 2.617436
2.35309 2.662826
-0.3674251 1.660751
0.3473345 1.495401
0.2831697 2.243083
0.6914091 0.6430801
0.5665856 -0.03657974
0.7672982 0.650586
0.7879557 0.9785088
0.2851448 0.07404656
2.678467 2.819767
1.216793 -0.05374456
1.260382 1.529313
0.1193789 -1.20503
1.399686 2.77747
1.346346 2.437822
0.4827951 0.6018208
0.7305077 1.431569
0.7679799 0.2119384
0.520403 1.112361
0.2691062 -1.019648
0.7664723 -0.001718226
1.748118 1.830241
1.958932 0.03630661
1.241016 2.033633
1.303929 2.114568
2.545702 -0.1077085
-1.746101 1.289151
-0.1318672 2.96227
-0.04536101 3.055341
1.235707 1.843824
0.665749 1.15498
1.659739 1.647083
0.4662906 0.1044102
1.278393 1.988851
0.9356953 2.076105
1.107562 1.729521
1.914202 1.36035
1.746141 0.6676946
2.010892 0.9008075
0.3580327 -1.085613
-0.2306597 1.712499
1.947387 0.3254043
2.16929 0.8388532
0.5092542 3.294715
-0.2598756 1.201727
0.3366628 2.447991
0.2221464 0.936715
1.557936 1.47977
1.670589 0.9751989
0.8050477 0.6136411
1.275584 0.1819063
-0.1492693 2.22166
1.748532 1.006053
0.3236125 0.265796
-1.689458 1.156949
1.234125 1.735696
2.825884 1.709254
0.240766 1.331228
0.241194 0.8082878
1.166714 0.1511983
1.408564 -0.4557978
1.279218 1.575014
1.002432 2.517155
0.7707138 2.500325
0.1482791 1.792824
1.668092 1.371862
2.26246 0.6631862
-1.573846 2.492371
-0.9796725 2.069784
1.709925 -0.8341498
1.966488 1.887818
0.09049353 2.615929
2.103894 -0.1059974
-0.3523943 1.761367
0.3465977 0.3131222
1.603172 0.2795418
2.118704 2.453028
0.966421 0.1103572
1.150658 1.127312
2.146573 2.076852
2.154898 1.409942
0.6088953 1.882232
0.7656473 0.6274248
1.680589 1.328828
-0.2709763 1.085145
0.2097376 2.134061
1.40498 2.627859
0.3161913 2.238619
0.2479287 1.167701
0.2394349 1.695462
1.081306 2.684567
1.339445 1.19413
1.33123 1.866012
1.953334 1.782029
-0.2889848 1.356871
-0.6446301 -0.7994365
-0.1716955 -0.06573975
