1.014013 2.516231
0.9666452 1.663644
0.9799284 0.8822678
0.4404803 1.062466
-0.1796918 -0.1898938
0.2213342 1.772483
0.1650384 1.756965
1.999636 1.528506
1.076076 -0.3098805
-0.2293805 0.4115989
2.006067 0.9908782
1.028421 2.016674
1.276876 2.128731
-0.04894378 1.134621
1.257036 0.9569267
0.3916954 -1.211642
-1.113119 1.747801
-0.05678081 1.756916
1.772578 0.180975
1.927387 0.1613211
-0.1083587 0.3971739
0.5344949 0.4356463
2.187303 0.9907782
1.675713 1.08802
2.255847 1.395104
0.8372825 2.809305
1.577712 0.4700881
-1.673934 -0.427575
-0.8085943 2.283747
0.5075981 0.3139595
1.401936 0.0344629
0.5460146 0.8563936
2.104108 1.126022
0.2696424 1.086045
0.2491518 0.02324015
0.327262 1.436861
0.1677934 0.9400234
1.282089 1.58398
2.067327 -1.573037
0.9325119 1.194393
1.590821 0.6731972
1.23477 1.02208
-0.9116666 0.87181
1.669222 1.371159
0.4519837 2.447578
0.2767312 0.638674
0.5309206 0.7488854
-0.2600065 1.775949
0.1326044 0.9480132
1.594824 1.869447
1.580271 0.9335329
2.451108 1.647111
0.002686572 1.707408
0.4649103 2.011027
0.9008809 0.2475032
-0.3801729 0.884992
0.8120318 2.7235
0.7640695 0.687813
2.612975 -0.2278358
0.0116758 -0.5953988
0.5446568 1.407494
2.366704 1.889416
2.130327 1.715751
-0.3183401 1.519095
2.05416 0.4408658
1.589422 -0.3123758
0.7782211 0.7954841
0.854724 0.5865188
1.423062 2.372855
0.2856982 1.595233
1.518601 0.4799371
1.751566 -0.211394
1.543132 0.7943049
0.8011711 2.351685
0.6160339 0.6858443
-0.2528202 2.845502
1.200255 -0.9511089
2.339612 1.625426
2.090978 1.099738
1.071978 1.105294
1.259547 0.8628137
0.7227842 1.425143
0.1802703 -0.2536026
3.252865 1.195622
4.386843 0.3778155
-1.092716 0.6606274
0.3471578 0.4402157
-1.499867 0.740572
-0.7308876 1.803707
1.30843 1.145243
2.179889 0.1254954
0.5301494 0.08032762
0.2633334 2.906231
2.189623 0.3703745
2.472153 1.053833
1.00451 1.324745
2.201684 1.050136
0.7465576 -0.54124
0.3605083 1.413968
0.5349282 2.177288
2.614176 1.388488
0.9477388 0.4193459
0.8818907 0.8694441
0.3866256 1.80217
0.7961689 -0.12834
1.380167 2.632532
0.9493745 1.447425
0.5062622 0.4564456
1.647013 -0.152746
2.555702 -0.1191624
0.7617408 1.2376
1.466633 0.07058224
0.08002863 0.6569662
1.079588 0.1833676
1.641711 1.478301
0.2466686 1.944429
0.8540694 0.9364866
-0.03651223 0.3417932
1.68746 1.771719
1.154311 -0.5345973
0.6634016 -0.03519717
1.633867 0.5837495
0.9317708 2.012027
2.783061 0.3562557
3.006992 -0.0524659
1.243923 -0.3575692
2.388575 1.327356
-0.2797954 1.731426
2.428741 1.627444
3.035226 -0.07119824
1.296057 -0.2753234
1.513811 1.466189
-1.416052 1.056756
2.757395 1.188813
0.4636149 1.402102
0.924696 0.8953281
1.818209 0.9817843
2.0318 0.7607818
0.307976 1.914715
1.162303 2.981548
-0.2050169 1.471565
-0.4498966 0.1225534
0.9435928 0.9870291
-1.081041 2.22405
0.3819721 0.6175593
1.941773 0.816864
2.196998 0.3503927
2.78594 -0.222643
0.1284182 2.492791
1.188598 0.1231444
-0.2577447 1.048087
2.361102 -0.4106693
0.02877401 1.201668
1.051827 1.716874
-0.129094 -1.037281
1.812425 3.070012
1.061463 1.581443
0.5531097 1.334133
1.379318 -0.1537649
0.6629487 1.266755
-0.5802663 -1.233416
1.651475 0.6811259
0.0505526 2.169214
0.1451714 1.382332
0.9149433 1.148362
0.6963381 -0.4026513
0.986921 1.69214
-0.5501295 1.481029
0.9083265 2.785606
1.842125 -0.7096319
0.9707107 2.754732
0.8127812 0.8827964
1.19249 1.234545
2.988912 1.418109
1.029464 1.926364
1.519624 2.853857
1.306613 2.164328
0.7693246 1.256243
2.777348 1.062611
1.449026 0.4762442
0.6553903 1.082106
1.390162 0.2448612
-0.0503209 1.352247
1.133311 1.105882
1.66972 0.6995434
-1.7589 0.8511366
1.148948 2.19683
-0.1706156 2.553398
0.06467575 0.728469
-0.6019883 0.511532
0.3636677 0.07350856
1.462737 2.138766
1.500979 2.008464
0.9254436 0.5790849
1.750502 1.969732
1.814757 2.48351
1.391327 -1.023561
-0.2998536 0.05189874
1.528227 1.415144
0.009431429 1.235124
