2.01976 -0.957439
0.7104645 2.070314
-0.3243281 -0.07302008
0.2189006 0.4612615
-0.5220824 1.841678
-0.6268786 1.880468
-0.1372944 1.168235
1.505796 0.9032682
1.097695 -1.758382
1.891257 1.89268
1.382081 0.3041813
1.124991 0.264673
-0.9660892 2.884494
0.4108964 2.140615
1.79711 1.308769
0.4225674 1.255548
1.850139 2.244161
2.595866 0.2364925
1.727212 0.4857099
3.118144 2.092658
-0.797604 0.2192545
2.202411 0.2788218
1.045966 -0.5967876
2.907355 1.02374
1.042389 1.582728
1.949424 0.696118
1.008164 0.563924
1.085765 2.119356
1.725995 1.373966
1.770257 0.002158236
1.834154 1.516182
0.9251226 0.713147
0.7801968 1.75867
2.30804 0.3929342
-0.9045239 1.30382
-0.3945755 0.6231302
1.3405 -0.4962253
2.332634 0.1965459
0.7576303 0.4123339
0.5974589 2.76864
0.01224175 1.919827
1.594341 0.3468796
1.321411 1.123677
1.113001 1.554127
0.9339522 1.588092
-1.422972 0.2503236
1.738643 0.5720406
-0.7795676 1.426186
3.39909 2.167276
0.8238172 0.304794
0.3608451 0.9823248
2.314757 1.60212
3.007918 -1.850931
1.518868 1.418035
2.260683 0.06960683
3.478867 1.26018
0.4875402 -0.01541109
1.820898 0.708171
1.00157 1.457542
1.639125 -0.03699209
1.616309 1.246371
0.6486748 1.500147
0.3213412 1.394367
0.5857338 -1.011347
1.774256 1.281079
1.885153 1.252722
0.0178628 1.148166
1.025168 -0.2933986
0.9643432 1.988501
0.09523378 -0.09535657
1.067746 0.588875
2.825814 0.1188101
1.699941 1.322763
1.021459 -0.8518398
1.381933 1.478573
-0.5079714 1.090194
0.6285474 -0.003398119
-0.3665249 1.104034
0.5880078 1.073736
2.116293 0.6009924
0.8824687 0.373255
0.7880651 -0.3251838
-0.1131006 -0.3746039
0.2572367 2.154721
2.425632 1.5253
1.423487 0.5964217
0.7681229 1.269202
1.57124 0.9240399
1.253708 1.740558
1.567538 1.232449
1.573151 1.201379
0.6849558 1.00646
1.992128 0.0123129
1.968123 0.6215912
-0.009971299 0.8402951
1.906576 -0.004628023
0.6964849 2.948374
-0.9207397 0.6078313
0.938914 0.8241452
1.64886 2.206313
0.6522146 2.437546
1.351803 1.617787
-0.6987051 3.423171
0.8061241 4.232905
1.366923 1.336523
0.9692274 0.1989001
0.1861885 2.614044
1.9736 1.877668
0.357698 1.267737
0.418174 0.7874298
1.212858 0.02497446
4.029299 -0.1181696
-1.905901 0.3317365
1.227247 0.4581302
2.573052 1.068519
-1.210605 0.6798556
1.256939 1.493665
2.18938 -1.066545
-0.1891554 0.2847938
1.116074 2.914354
1.699561 2.562389
2.301261 1.880814
1.15297 0.1721575
1.916579 1.438746
2.689627 1.588754
-0.5544267 1.41337
1.78302 0.7882555
0.6329113 0.4111635
-0.7757981 0.1610507
0.4393097 1.093668
1.173327 1.217256
1.921731 1.762768
-0.7680701 -0.4741608
0.886762 -0.6985443
-0.8177397 0.6016024
0.6460268 1.380303
2.078484 0.6577217
1.016169 2.556522
0.1136809 -0.1589849
0.9211794 1.082524
0.8762007 -0.01067072
2.010706 1.859901
2.422354 1.63426
1.063145 0.5841191
0.17487 0.9238573
0.08920128 1.46899
1.758851 1.0841
-0.588548 2.170639
1.692585 -0.07394412
0.3995218 1.415536
1.954574 1.328181
0.2625586 -0.2219542
0.9306936 0.379325
-1.37749 0.1517302
3.64329 1.585992
0.3906455 0.9459973
1.17623 2.128148
1.092284 -0.9827627
2.073282 0.9102219
-0.5715016 0.3659122
2.513605 -0.05634531
3.174841 -1.4414
1.746563 -0.6677559
0.2151577 1.590279
1.369807 2.267279
2.261983 0.7703994
1.346424 0.9881208
1.936163 -0.1206785
0.6675794 1.228073
0.7650922 1.597097
-0.1301926 0.9383018
1.480363 0.1743003
0.8312674 0.4335287
1.794724 2.041461
-0.7788413 0.7571316
1.682128 0.7685851
1.418668 1.25672
0.5947823 -0.4353313
1.907623 0.9679365
0.6673317 -0.2945325
0.6769287 1.451497
1.013986 1.833492
1.214323 0.9536506
1.875691 2.715279
0.7664742 1.127064
0.5232371 1.074003
1.592902 0.8901992
1.072909 2.279631
1.472797 2.776206
1.162077 2.367937
1.542004 0.9886884
-0.3319858 0.3533696
1.352703 -0.1594397
2.064728 0.2578446
-1.506272 1.432493
-0.4786671 -0.5983772
0.100741 1.527886
0.2070745 3.070045
0.8146659 2.153892
1.693061 1.305752
