-0.4202337 3.36842
-0.187802 3.070688
1.010454 -0.3818182
1.4783 0.8412921
-0.782504 1.0946
0.3303332 0.1780261
2.075052 0.3370339
1.424258 -0.3490149
1.72788 0.9686346
0.8379906 0.3678187
-0.1025483 2.120931
-0.872682 1.232413
-0.487847 1.187185
0.4484842 0.7750973
1.169527 0.2962312
1.516889 2.891435
0.02562731 1.948602
2.074954 0.2189746
0.9786431 0.3597785
-0.2044997 3.076706
-0.1859809 2.122393
1.440684 1.424584
1.549855 0.09442881
1.308899 -0.04942173
-0.4554789 1.555956
0.3134067 -0.7628183
0.2973123 1.861224
-0.3345639 0.4623865
2.085081 1.578131
1.228917 2.13234
3.08632 0.3523053
0.7589154 1.362854
2.006973 -0.2647258
0.004129573 1.755061
1.516831 -0.1861622
-0.1426072 0.8705542
0.8271187 2.42692
1.098567 1.204562
1.619361 0.985904
-0.1112728 0.1456519
1.011989 2.087395
0.3016363 0.6676943
1.117923 1.737691
0.3174933 1.534644
0.6897615 1.176463
0.6977995 1.937551
1.086416 -0.6589716
1.373755 1.079727
2.827472 -0.3780547
0.1110632 -0.7378571
0.9330844 0.7312471
1.151465 1.024318
3.113284 1.439204
1.128924 -1.412699
0.6820605 0.9129075
2.848791 1.307437
-0.1861238 1.106503
1.469666 0.5402585
1.761994 1.7899
2.546669 0.8465078
1.23549 0.06763119
1.630169 0.3550201
0.1606117 0.5927113
1.567555 2.75094
0.6675081 1.798791
0.7462041 4.177694
2.658164 1.776916
1.466731 0.2224006
1.652685 -0.2700727
0.2431946 2.095123
1.59698 -0.8663212
1.912871 0.8961344
2.153426 -0.6133662
-0.2219858 2.268129
-0.3199013 0.2617212
0.6568643 0.1934803
0.4141466 -0.6626082
1.268326 0.6073443
1.180261 0.7136975
2.296103 1.802936
1.178394 2.231796
1.098365 0.9560413
0.4286281 -0.6997852
1.87903 0.4955015
0.03295464 1.64902
0.0742611 3.65924
0.379541 -0.127633
-0.6667708 1.946795
-0.3472443 0.8522512
2.073766 1.870435
1.783016 0.7725323
0.4639305 1.136089
0.5412874 1.403987
3.605369 2.235926
1.656445 1.276548
0.6280534 -0.2760699
1.496247 0.9429504
0.07507378 3.739848
1.760012 1.478172
1.005031 -0.4920194
1.580332 1.932457
1.324553 1.110439
2.55779 1.28489
0.4068392 0.2821704
1.767985 1.795876
-0.727035 0.9623049
1.231269 0.8614165
0.7359027 1.504038
-0.9226267 1.439312
0.4790925 1.541603
0.8061377 0.7949975
0.2849823 1.039375
-0.1779413 0.04386326
1.669557 0.5790086
1.20284 1.419936
1.227367 -0.3161459
0.1454655 2.554912
1.26562 2.532782
0.5667935 2.09029
-0.8096474 0.1307062
-1.584636 -1.356826
2.414623 2.337874
2.381581 2.195148
2.133895 0.1089042
-1.959442 0.9676791
-0.243003 1.40732
-1.170413 1.740298
2.124215 0.363305
0.7160344 1.62447
1.527574 0.0106162
1.326635 0.732023
0.274044 -0.1085391
-0.0637189 1.713562
2.328646 2.579819
0.3352534 -0.1879144
1.277217 -0.1689975
-0.02144363 1.391912
2.086846 1.530425
-0.3963624 1.109916
2.6207 1.143554
2.059968 0.5108429
0.6861548 -0.2900639
1.883548 1.779156
0.7064507 0.9812213
1.307262 1.228469
0.6824615 0.9241922
0.2408524 -0.5185554
0.5671153 1.283382
2.577523 1.209757
0.8332474 2.330388
1.312186 0.1702451
2.366695 0.8764517
2.133479 1.503577
1.054558 1.903311
1.426841 1.153415
2.037745 1.627013
0.375743 0.7983876
2.284481 0.7193522
0.2646593 2.425726
3.54692 1.166255
0.988322 -0.621086
1.54453 1.188799
2.002054 0.8417655
0.668629 1.555823
0.8462679 1.096212
1.371391 0.8418035
1.882268 0.9453155
0.08935098 1.607136
0.8679937 0.5979892
1.526432 0.78831
0.5797255 2.592167
0.6375099 0.1594604
3.198683 0.185873
0.05752424 1.94596
0.3919078 0.9497058
1.329528 1.287554
-0.7404533 2.649612
2.242957 1.137328
2.252755 1.333434
-1.731017 0.5380772
2.148894 1.224156
0.8421126 1.034018
0.9930066 0.6617681
0.6039518 -0.3999667
1.504082 -0.9886989
0.01169033 -1.326752
0.9971419 -1.200679
0.05902741 0.3973923
0.1224052 2.674085
2.041844 -0.3359129
0.5934561 0.3987733
2.186767 0.6975036
2.599746 1.554059
4.307142 1.226905
0.7558068 1.727439
-0.4480626 1.072664
2.746251 2.485633
-0.1598036 0.7213816
0.2506552 -0.1033711
1.543872 -1.002488
