0.46296 -0.7423537
-0.4733355 2.197235
2.010241 0.7594677
2.376783 0.8353971
1.475718 1.055952
0.6379724 0.9926271
1.436357 0.6653838
0.5967035 1.935522
3.672294 -0.06099277
1.162158 1.491887
1.936942 2.503468
1.243064 0.9442738
1.291695 -0.4990903
-1.242033 1.047313
0.4142002 2.300911
1.166139 1.945513
0.4374876 1.111244
1.733741 0.3652686
0.168597 2.823915
2.084139 2.64526
-0.04674286 0.3348071
1.18469 -0.3743376
-0.1004764 0.2002212
1.56277 0.6860429
-0.109679 0.8542248
1.404842 0.02246875
1.269514 -0.4655296
0.2961857 0.8830862
0.8205711 0.450979
0.5190901 1.346402
0.53986 0.3547691
2.029542 0.055008
-0.8491909 0.07777968
2.337822 0.2139349
0.5907131 2.802222
2.522439 -0.4226858
-0.4089944 1.080543
3.313527 -0.5192313
1.254898 0.293869
3.393449 1.528489
3.072542 -0.1459955
0.8296088 1.103322
-0.6120962 1.722989
1.000836 0.5176402
-0.2021716 0.6529521
1.001522 0.1311363
0.4888471 0.8193648
1.419841 1.409073
2.226768 1.068044
0.2278167 1.789018
-0.1645427 1.705471
0.9341335 -0.3249989
1.291336 1.520807
-1.216813 0.6697032
0.8690304 2.41956
1.312928 3.12675
0.5100746 0.0442068
-0.4425834 0.5702
1.628901 1.405167
1.840812 3.176556
2.479391 0.8267191
1.911785 1.649815
0.3613224 0.3895204
1.509091 1.836096
0.8283292 1.264648
0.5296297 0.5351704
1.317779 0.8000544
0.3601231 0.755949
1.508117 0.178502
0.7510686 1.002306
0.691666 2.013214
1.731068 0.8982705
1.820804 0.9690262
1.484279 2.632072
0.3952773 2.224173
0.6311098 0.5129442
0.6128048 0.8266441
1.29473 2.681267
0.9080332 -0.1811556
-0.424116 1.375425
1.313336 2.656284
1.925038 0.1194487
0.8977654 -0.7155721
0.5504156 3.497326
0.001458418 0.4785645
2.866303 -0.1904581
-0.09550672 2.908282
1.829779 1.667499
0.8988273 1.675618
-0.003758113 -0.4033935
1.396279 1.759102
-1.102317 0.8138187
2.066465 2.007809
1.72371 1.665414
1.146427 -0.05705713
1.475836 1.234828
3.546873 1.356424
1.87458 0.3578159
0.293217 1.448297
0.2791872 2.746907
1.802342 1.889871
0.2977567 -0.4448742
0.9692399 1.831877
0.5563387 1.89503
0.7156915 2.264309
1.497409 1.530747
0.1808432 -0.07692702
1.870544 1.328538
1.145196 2.280192
0.8706394 1.120013
0.9688188 0.5434546
2.230297 2.057438
0.5362178 1.461646
0.3658681 -0.5305018
1.305058 0.7853998
0.5305446 1.300304
-0.4057948 1.747738
0.1292482 -1.102455
1.583841 -0.1544035
0.720209 -0.836522
0.1098262 -0.03102653
1.020285 2.563112
1.420182 0.5276367
2.699639 0.5286216
1.360342 0.6569676
0.9266953 0.01400376
1.99764 0.2906406
2.12956 -0.9456369
2.553765 2.636602
1.645098 -0.4260953
1.162153 -0.07009737
0.5457618 1.143866
-0.07104861 0.5844194
1.452074 0.6123658
1.500573 -0.2567288
0.3122981 1.522983
0.8740589 0.7159849
0.1320639 -0.471692
1.753687 -0.6330501
1.52749 -0.01395934
1.433517 2.749983
0.9804165 -0.2901836
1.16982 0.2655844
0.9000676 1.846831
-0.3101424 -0.4857881
0.08345587 -0.361475
1.297676 0.5541709
-1.226554 1.28012
1.912131 0.4080178
1.354347 0.5687772
1.426916 1.570461
-0.007437882 -1.204364
1.017855 0.1495834
2.075497 0.1193287
0.799625 1.789026
1.799678 2.222729
1.213709 -1.377463
1.067736 0.2284188
0.09596698 0.7280472
0.9252791 0.329437
0.2356895 0.2091398
1.58754 1.122278
1.378277 1.348609
0.6656984 0.8174536
-0.4963426 0.7899524
0.3908742 0.7163566
-0.4662088 -0.3783373
1.558948 1.654774
1.161345 2.095542
2.115201 0.2960037
0.7962717 -0.5125742
0.8996338 2.413125
-0.06993739 1.919552
-0.9314201 0.6235883
1.575809 2.001895
0.6855894 2.49707
1.014953 1.593606
1.405099 2.04343
0.8156523 1.726209
1.992686 1.750764
1.116861 1.474037
0.6148976 1.118318
1.64588 1.033911
0.6218342 1.681053
-0.2398678 1.73955
1.426486 2.136584
1.197457 0.3464697
1.008767 1.021986
0.0131064 3.471353
-1.231081 1.36602
0.7965691 -0.587939
1.24907 1.809687
1.439811 0.6103287
-0.2721949 1.263813
-0.5931598 0.6226065
2.440435 1.070111
2.020307 2.241274
1.902515 1.343699
-1.055738 1.132332
0.9474231 2.339297
