1.174322 2.099203
-0.08987709 1.36281
0.821446 0.384774
2.11153 -1.83961
-0.2367247 -0.2880832
0.8901582 1.868514
3.354231 1.330512
1.93971 -0.2763927
1.274211 0.9217955
1.246961 0.129491
0.7947611 -0.0315701
2.30924 3.028057
0.6673892 0.2497496
0.3435839 0.7593837
-1.392436 1.828718
2.043955 0.3973523
1.233202 -0.03375644
1.267338 0.8491149
2.026171 0.7616862
0.110879 1.561199
3.016254 0.5466979
0.7493229 0.8257998
0.7300079 1.257713
0.06326977 1.550468
1.694889 2.17632
-0.2790023 1.109109
0.5920078 -0.1366857
1.853134 1.522574
-0.8938002 1.160597
1.365544 0.493808
1.333335 1.666197
0.9716535 0.715715
0.5968892 1.195317
1.016841 1.325506
1.663358 1.297843
1.450307 1.126234
0.7211825 0.2412859
1.598223 1.183261
1.724728 1.18361
0.8273337 1.791542
-0.237983 2.509216
0.6574179 1.537379
-0.7800782 0.1226802
0.3841367 0.6327459
-0.04546354 1.032706
1.501815 0.3863607
0.3514898 0.9669831
0.3191436 1.016635
1.3536 -0.1385875
2.304424 0.9882294
1.485584 1.787207
1.466529 -0.2394675
3.138058 2.5115
0.1080507 2.45994
0.8736415 2.190997
1.558415 1.247273
1.315362 1.525065
1.277828 4.437045
2.871555 1.29207
2.899071 1.944751
0.4403685 0.1406295
1.964136 1.136682
1.018831 3.151023
0.9190377 1.501139
1.017635 2.049319
1.647895 0.4988985
1.146666 0.7043393
1.507326 2.59112
2.533711 1.23378
1.094923 1.012241
1.284268 0.9937881
0.5515245 0.2910752
0.9061425 -0.06612359
0.3058551 0.4155772
2.212137 -0.2314096
0.8812202 1.190225
1.427946 1.339423
1.910124 1.58125
-0.008132274 0.9395269
0.6503615 1.116163
1.418953 -0.4538739
0.4554784 1.47689
3.189174 0.4081114
-0.06258134 2.112507
0.7747883 0.4026488
1.42054 -0.3751157
2.034348 2.234454
1.239743 0.6523841
0.4732681 0.2042604
2.283796 1.11373
1.687712 -0.6588965
2.12999 2.047868
1.906203 0.1967776
0.5112515 -0.3681451
0.2314362 2.533789
1.686084 0.3414279
-0.5429105 1.596142
1.24578 1.177178
0.3920152 1.917109
1.349913 1.011004
0.7097029 1.028465
0.5217524 0.06502173
0.6499327 1.026843
1.625808 0.4733124
0.4208323 2.17916
0.9133344 0.6977835
1.428444 1.222256
-0.187485 0.4172782
2.211557 0.6275594
0.7322 0.965536
-0.2592343 -0.5818348
2.5108 0.4562952
1.938842 0.410896
1.542321 1.541088
1.256607 1.554164
-0.5171166 1.472719
0.2856256 1.333445
2.41989 2.43196
0.04254303 3.339429
1.01427 -0.5215466
0.8249165 1.986015
-1.013579 0.2745009
1.078451 0.4994441
1.168609 -0.3952348
0.8061649 0.9552494
0.2592339 0.2828435
1.176715 0.2048159
1.084274 2.013422
-0.8728098 2.479935
0.6383136 1.760615
0.6858751 2.525919
0.376432 0.1364359
1.214085 0.2626572
-0.7077299 0.7279578
2.563244 1.774447
0.03209513 1.338722
2.928335 0.3138921
0.5635098 2.695057
1.126994 1.006236
1.669486 2.994044
2.269655 2.299953
0.5982152 1.076932
2.711397 1.141363
1.2681 0.4207922
1.198455 0.7300181
-0.4397763 1.735532
0.9173374 0.4071237
0.3662743 -0.628902
1.021333 0.2476706
0.9928102 0.3606722
0.6132299 1.804966
-0.3896549 0.6844589
-0.5742257 2.025147
-1.555903 1.429829
1.537335 2.636422
0.8851605 0.4872751
-1.176601 0.6496336
0.5426186 2.122177
2.066668 0.9318098
1.14821 -0.1839825
0.2346567 2.436963
2.193273 0.03844658
1.044214 1.781344
-0.1982522 0.9311127
0.3565838 -0.01690714
-0.3261858 0.4780823
0.4513317 1.123487
1.298896 -0.3141485
1.798441 1.25663
1.746058 0.7060266
2.511529 -0.01622678
1.037191 0.4281001
0.7514155 0.8470459
1.04063 0.2434663
-0.4662925 1.557732
1.452799 -0.08723607
2.787772 0.9932159
-0.7321677 1.152752
3.203622 0.8866056
-0.6532373 -0.2233798
-0.1283535 0.0562511
2.292347 1.514621
0.8613306 1.813321
0.3945281 1.386959
-1.200342 -1.689621
1.035204 1.935651
1.072197 1.971956
-0.2131625 0.6889075
-0.3258179 1.248927
0.3372523 0.1716237
0.828699 0.7618628
-1.47226 2.838494
1.04152 1.26281
0.8744577 0.870568
-0.1323793 -0.6445175
0.4020006 2.066929
0.368263 1.503645
0.7401215 0.3136589
0.9236543 1.940688
1.95249 0.6668101
