1.926127 3.776341
1.217102 0.9647896
1.52492 0.2917376
1.66866 1.656905
1.316027 -0.4792995
0.6868682 0.838519
0.6441282 0.1966038
1.657419 0.2602331
1.670416 1.186108
-0.1897741 1.190921
0.7020636 1.606206
0.9429009 -0.03224989
-0.3822497 -0.2916373
0.3511114 -0.2674274
1.377302 1.400608
2.446052 1.685995
2.033006 2.506568
0.8326924 1.284428
1.826538 1.009436
-0.2199492 2.512169
0.911012 -0.009228198
2.426576 0.6448841
-0.2062123 1.650916
0.8137289 0.37943
1.279152 1.452312
1.932333 0.5954829
1.654557 1.368772
-0.6276251 2.178347
0.3320902 1.50481
2.91305 0.9826417
0.2833649 -0.5455518
0.3386965 -0.06720456
1.787584 2.634224
3.471991 1.629814
0.322346 -0.5598682
1.487773 0.9119074
0.9751226 0.5490769
2.370415 0.6786412
0.9343385 2.297157
3.054294 1.737568
0.08370592 -0.85358
1.936022 -0.3780519
2.026441 -0.6758856
1.894682 1.038195
-0.01939621 0.944752
0.3411685 0.4008237
1.490437 1.9576
1.203026 0.4641427
0.5780792 1.204164
-1.176447 2.184357
0.517925 -0.2446515
2.417939 1.563285
2.746587 1.33709
-0.9785574 1.901658
0.3017724 1.405845
-0.07031638 1.307959
0.1653734 -1.108441
-1.007701 0.1027478
-0.8959579 -0.1847999
0.4726231 0.2745283
0.8765165 0.2944253
0.5110425 -0.08489437
0.8746522 1.328009
0.9627755 1.048999
0.6719649 1.15636
1.637498 0.3468791
1.38735 0.3676896
1.378638 1.731303
0.574842 1.477976
0.1446105 1.536589
1.470761 1.194775
0.1679807 1.7607
1.004607 1.586387
1.023254 1.03462
-1.87195 2.809619
3.225704 0.1687493
0.9840501 1.386537
0.8967353 -0.07116883
0.2936711 -0.2100846
1.256101 1.222926
0.2759985 -0.2360159
0.9609418 1.085973
1.399689 0.6560057
0.2165684 2.253898
0.2728868 1.053625
0.06747402 0.1040726
2.615371 -0.3181489
1.912375 1.284177
2.071276 3.158655
1.140359 -0.2273218
-0.1924848 -0.3179962
1.108676 1.002821
-0.1648778 -0.791587
-0.1592374 0.3287572
1.300245 1.447779
1.083516 1.299381
-0.1462443 0.3675145
0.835418 0.731574
0.7710554 0.2837831
1.10636 2.096808
1.998805 0.2920647
1.042894 0.354382
1.278976 1.623776
1.771637 1.297654
1.597631 0.5148608
0.8861664 1.448599
0.4871225 1.03046
3.026035 2.320987
2.420609 1.093543
1.323169 0.2932553
-0.3361639 -0.3275627
0.7723911 0.2197691
-0.7960098 0.7361265
1.051612 1.859383
0.6994657 0.4014716
-0.8535702 0.4533418
2.951881 0.9667013
0.4572121 0.9104814
1.121676 0.8334488
-0.3944583 1.349479
0.4703304 2.805117
0.5076769 0.2898457
1.465908 1.569985
-0.849812 -0.1645741
0.683282 0.2652825
-0.1302008 2.014299
2.193255 1.785238
0.1194443 -0.4206773
0.6659162 0.8416896
1.662993 1.166735
1.219849 0.8558801
0.2711987 2.172458
2.477571 1.467475
2.822918 0.3275658
1.685976 0.3164418
-1.028887 2.795882
-0.05148216 -0.8742242
1.48018 2.121613
1.066963 1.917712
-0.2430676 0.003928244
0.8517553 1.02481
1.593734 0.9248326
0.8649657 0.989862
0.3559766 1.854242
0.2825186 -1.284744
0.1800407 0.7845003
0.6297381 0.9815954
0.5194101 1.352325
0.6293269 3.063879
-0.1981924 2.396785
1.308777 0.3615047
0.9885301 -0.516418
1.624939 0.1870891
-0.8603031 0.8527054
-0.117338 0.07520402
1.422317 3.765277
1.289229 1.640586
1.34551 1.343558
1.560613 -1.370557
0.8965278 3.564972
2.057486 0.05997162
0.7882654 -0.8228478
0.7707985 1.425389
-0.07061875 1.954076
0.5878714 0.9270715
2.116499 2.302076
1.044327 1.022007
2.796345 0.4126037
0.7336288 1.338995
-0.6964289 0.1523965
0.1776132 1.153952
1.309674 1.503145
2.058759 1.307749
1.548942 -0.325231
-0.2875912 0.3626743
1.35806 0.9210071
1.982959 1.037916
1.438655 1.280141
0.7406231 0.396186
1.461338 0.8778498
-1.232114 2.312592
1.244337 2.168166
0.6374942 1.622047
0.3806219 2.106495
1.901125 1.752041
0.6381418 0.9145285
2.431381 0.6731001
1.903483 0.248954
1.036298 0.8857458
0.3310681 0.8357794
0.6959653 0.1737099
0.5536355 -0.2724861
1.045669 0.1200477
0.8034582 0.7035104
2.725696 1.87582
-0.2485615 0.6995069
0.8446275 2.332474
1.394225 1.025429
2.221142 1.981286
-0.1349597 0.8182487
