-0.2244624 0.8925071
1.09781 1.678175
0.3199215 0.4899398
-0.4422456 2.648692
2.003155 2.052329
0.03097297 -0.8074239
1.830614 1.549384
1.820947 1.898735
0.7007747 0.2892113
0.694824 -0.93357
3.234155 2.23056
0.8203819 -0.1249537
-0.06092627 1.857923
0.1039574 2.603653
0.0614883 -1.85388
-0.813858 1.114394
1.550326 -1.772373
-0.0585735 -1.231952
3.062121 1.101143
1.544169 -0.3656028
0.6441245 1.416107
1.028479 -0.3276032
-0.482972 0.3157901
1.322925 1.75518
0.6373163 1.764949
0.2044453 -1.21123
0.577361 1.174099
1.21303 1.498884
1.753471 1.020853
0.7653444 -0.03856152
1.39043 0.8544467
1.749945 1.530142
1.166398 0.6203491
2.129981 0.1830816
0.7934577 0.7652795
2.251951 1.38437
-0.04693056 -0.3782255
1.490353 0.9786396
0.8625912 -1.098109
1.059904 -0.1089743
-0.9109059 3.093637
1.559022 1.601217
1.123125 0.9522184
1.576611 2.432342
1.91292 1.671337
0.4532743 -0.4176382
0.947182 1.357903
0.03235463 1.266733
1.379398 -0.08445546
2.59898 -0.97749
1.723366 0.09539881
1.097946 1.335899
0.3448667 0.9954716
0.1011155 2.112235
1.540568 2.697609
1.535893 0.1169706
0.3007181 2.076254
1.085637 0.620875
1.289947 1.248446
1.356635 0.3664274
0.0680419 0.9757173
-0.2206929 1.521303
2.021935 2.77475
1.654942 2.034933
-0.2340639 1.917189
-0.597789 -1.032739
0.1048449 1.466507
0.4657557 1.051905
0.6680741 1.96013
-0.04796962 1.763447
1.180397 -0.002358139
1.041922 2.873028
0.7157394 0.8810851
2.457791 0.9518112
0.968591 0.2935736
0.5276657 0.6809741
2.600916 0.8711903
0.1052442 -0.2818804
0.6314006 0.9496265
-1.025514 1.754208
0.6950409 0.03834076
1.398563 2.483429
1.705596 1.077841
1.370544 1.264327
-0.04630955 0.3983042
1.534251 0.3794341
3.096354 -0.2216365
1.378894 0.4419963
0.4407028 1.753502
-0.1997767 0.6073756
1.468221 1.460717
0.582342 1.325942
1.566238 1.959622
2.115378 0.3036323
1.20195 1.491715
1.329287 1.519461
-0.2398889 -0.9282697
-2.921625 0.8914384
0.7857026 0.2377609
0.4104591 1.027086
2.447588 1.3852
-0.09536009 1.562286
0.1691023 1.202728
-0.3234641 0.635643
1.084774 0.8057573
1.868047 0.2986369
2.175599 1.509011
0.0366556 -0.04258429
0.03309393 0.5239185
1.735208 -0.09133545
0.2398911 2.398324
0.001833295 -0.1859458
0.7506417 0.3418817
1.839961 1.390548
1.389367 0.5547089
1.651366 1.095765
1.085426 0.8680459
0.7447199 -0.7973712
1.749817 1.8611
-1.038712 0.7123028
2.526806 -0.3387848
1.839883 0.7406537
0.729918 0.1229317
2.515699 -0.9141568
1.232151 -0.3575928
0.7346182 2.474342
1.132356 1.993132
-0.5038627 1.387197
2.534299 3.044015
-0.443796 0.1940973
4.229816 1.683478
0.3163574 0.955423
1.78147 0.5641405
-0.07545654 -0.9946773
3.707887 0.8265328
0.5536055 -0.4797167
0.512112 1.317345
1.01593 0.8480911
1.216567 1.982552
2.467558 -1.806978
0.4044763 0.8881435
0.5905772 -0.421184
2.374321 2.612117
0.8451705 0.4702498
1.404261 0.5456281
1.754537 1.451514
-1.170022 0.870103
0.8661686 1.658708
1.774371 -0.4634747
-0.3545525 2.050094
1.893614 1.111202
0.8138154 1.742192
-1.062798 0.1268968
1.295606 0.1300405
1.237292 1.479103
1.004341 -0.01300414
0.3939484 1.023022
0.8083486 1.566704
1.409493 1.307767
-1.111066 -0.1426519
0.5888426 2.858034
1.201745 1.224604
0.7500768 -0.1062459
1.178125 0.3689857
1.167212 0.04385965
0.7301996 3.097156
3.686998 1.358596
-0.2333836 0.9205735
1.080777 0.3627969
0.8118347 -0.8451811
1.624998 0.9195347
0.6095663 1.039001
-0.1799418 2.896336
1.447468 0.2241153
0.4637981 1.81011
0.6749094 0.9935792
0.0001134875 1.133428
-0.0507169 1.536459
1.09752 1.379979
1.095425 1.603974
1.595071 -0.1433006
-1.352817 0.6854442
0.4852562 1.207191
0.2965637 0.9689219
0.4412083 0.5929524
-0.5515756 1.469435
2.814816 2.30232
1.199763 0.1446589
1.190111 1.810635
2.407281 -0.8141026
0.9541746 -0.5176452
0.3951947 2.0307
-1.076536 1.1043
0.01789026 1.710823
0.4668206 2.20809
0.9166226 0.358342
0.1967127 1.404748
1.259651 0.6119665
-1.380851 1.716599
0.3233692 0.4264653
