1.986794 1.549618
-0.2949697 -0.4934214
-0.4583083 0.3010518
0.5962252 0.01725238
0.1039272 0.3147753
1.651647 1.954151
0.5096867 1.642631
1.432002 0.6179506
1.810746 1.027994
-0.2263166 1.332487
1.795328 3.370256
1.705099 -0.5297391
2.12263 1.557882
-1.731871 1.317326
1.188585 2.705714
1.311065 2.39644
1.942954 -0.6128597
1.067489 1.403817
-0.5067553 1.697257
2.125094 3.152852
0.1838728 0.8804763
1.702398 1.384383
0.7972948 0.6048334
2.26309 1.388093
-0.08011206 -0.07299601
0.7554419 0.8096845
1.975487 0.2733221
0.2291135 0.4200828
0.4067337 2.395928
2.506676 1.000591
0.8642982 2.074965
0.3154273 2.461154
0.9901504 1.341362
0.07574116 2.706539
1.394573 0.6051823
0.176033 0.6181157
2.294687 0.4311993
1.287552 0.8399683
0.8722234 1.308604
0.2461902 2.512875
-0.8361624 1.674861
1.832948 0.5179689
-0.1950238 1.648289
-1.358785 1.020138
1.051162 0.7537757
-0.3206671 0.01006231
1.398349 1.155267
-0.442932 -0.03073139
3.940848 2.760621
1.655412 -0.2397047
2.026428 0.7742317
-0.04229484 0.8393542
1.389598 1.016247
3.365797 -0.8297239
-0.09371564 0.1468262
1.216146 1.545992
0.4066163 2.147171
0.6075026 2.224538
2.192807 2.150486
0.5901803 0.2698347
-0.1117545 1.995708
1.165525 2.085176
1.987083 2.694472
3.141306 1.417674
2.735654 1.735035
0.2917925 0.3263968
2.006442 0.6564203
1.284758 0.3545159
0.2201546 1.556113
-0.08397045 0.2544889
0.09719955 0.2919859
3.323284 1.118596
0.6249654 -0.1980506
-0.1039218 1.711688
-0.3492919 0.4111578
0.8978767 -0.202837
2.255743 1.243729
2.010822 0.1605097
1.333833 0.1403063
1.660037 0.8321389
0.9287016 0.5074685
0.6613999 2.5984
0.4749543 3.719063
1.230565 0.8442954
0.6892465 3.303242
0.8804809 2.496262
-0.1944827 0.7584462
-0.08570165 0.9097474
2.127239 1.759901
0.9391906 1.624579
0.7700846 2.096832
1.852005 0.467979
0.1136097 1.24711
1.792891 0.8732405
1.152276 0.5729501
-2.531571 0.7780475
-0.5544518 0.62495
2.590516 -0.4875973
0.04424484 1.359595
0.360602 0.2570171
2.245161 -0.3252269
0.3711324 -0.2623079
0.4888042 1.19763
0.6877002 0.2635934
2.544537 0.0543837
0.8329807 0.5971731
2.064364 1.12159
-0.227347 1.678089
1.068518 2.558396
3.196827 0.7108169
0.6557963 -1.661283
1.721397 0.2759305
1.203112 0.7659136
1.913523 0.1577505
0.1938844 1.141701
-0.434624 0.6332241
-0.4431528 1.18218
1.85333 2.007537
1.391824 -0.7506851
1.589175 0.3696018
1.260492 0.2675662
-0.2428467 1.737892
-0.541413 1.158581
0.4478021 1.953225
-0.7712888 3.896498
1.356835 0.4263938
0.3160534 0.3997119
-1.185317 1.223254
1.429998 2.888841
1.051153 0.8335584
0.6874662 0.9823856
0.8695048 2.223146
2.237281 -0.2022207
-2.112488 0.7018349
-0.09441474 2.122632
1.953406 1.968969
1.297459 -0.06116115
1.352667 1.544339
-0.214109 0.7739059
1.900795 1.091727
-0.007518005 1.273035
3.022262 1.117978
1.316525 0.4385076
0.709034 0.7485421
2.01186 1.715548
-0.9300967 0.1976739
0.4435397 0.8747798
2.00338 1.25323
0.6446365 1.897521
1.73114 1.247178
1.661528 -0.9214086
2.378018 1.049041
0.8203922 0.7051273
1.388834 0.7381467
1.277077 0.8954186
-0.8239836 1.072656
1.418337 0.8386017
0.6578042 0.8689638
1.409411 0.2533867
0.7638677 2.096441
2.456543 1.679293
-0.9347352 0.4038563
3.340699 0.8616338
1.741137 0.06844742
0.2109131 2.83732
2.331177 0.9125505
-0.1630286 2.48049
2.511479 1.941369
2.039415 1.006956
0.953224 0.6946877
1.336908 2.177836
1.753672 0.4629762
2.223613 2.041817
1.983758 1.24243
1.010299 0.4175638
1.432819 0.2087904
1.023238 0.8995936
0.4676624 2.139539
1.600142 1.442433
1.863928 0.5995887
2.262705 0.9155945
0.08117162 1.072893
1.768466 -0.472023
1.078486 -0.1950344
0.7810627 2.279437
-0.1679474 1.11354
1.604711 1.550373
0.9925112 2.738527
1.554323 2.97251
1.335307 -0.04416805
-0.1064647 -0.1559254
-0.514888 1.987171
0.4484875 1.014105
0.7679142 0.726077
0.006231475 4.149327
0.2010088 -0.4169566
0.9063052 0.8103099
1.718622 1.320987
0.2041649 -0.2116941
0.9028209 0.3063457
