1.5384 2.50891
-0.1341185 -1.381874
1.943441 0.7086062
0.9962747 -0.1487596
1.159801 0.5480396
2.181643 1.617887
1.517936 1.163064
2.723952 1.691188
1.256193 1.853303
0.05730493 1.822467
0.9524328 1.23529
1.39276 1.288066
1.51288 0.7637378
1.359044 1.527309
1.466521 2.138984
0.6247438 0.4923495
-0.26459 1.542991
1.755616 0.3605696
0.6406931 0.339664
0.5254397 2.707147
1.020067 1.654739
0.9310324 2.152688
-0.4611523 1.78166
1.744403 1.682228
-0.2101368 -0.472932
1.279905 0.3372706
-0.6477287 -0.9639822
1.937768 0.4240915
1.502014 1.214467
-0.5449893 -0.01264346
1.612305 1.129535
0.8191217 -0.1128516
2.611303 2.605369
1.931483 0.8386793
0.6155776 -0.03985177
1.985737 0.9085321
2.370616 1.332405
1.159478 -0.7307434
0.693465 1.2426
0.3990331 0.2844493
1.103685 1.194775
2.832896 2.666217
-0.05269453 2.428699
2.361779 2.402057
1.010888 2.11645
0.9991809 0.8289354
1.55214 -0.6136916
0.9737345 1.815494
1.395522 0.01201356
2.25711 2.486127
2.500527 0.1133571
3.575827 1.356279
1.808447 2.047312
0.760021 1.536396
2.190078 0.9468689
1.057088 1.891391
-0.6129907 -0.3144056
1.830794 0.4527757
1.490106 1.228066
2.095004 -0.3108513
-0.5212676 0.7602197
0.8366447 2.288632
0.3801321 2.980724
2.316004 2.405815
-0.6618869 -1.967756
0.5104846 1.621098
3.219282 -0.03402365
0.7431475 1.526813
1.238406 3.257458
1.014518 -0.000707702
0.6526374 1.832128
1.084383 0.9131436
0.7878596 1.339897
0.8766583 -0.4975169
0.09358531 1.85698
1.893259 2.260571
-0.6444946 0.2156915
0.7997177 1.001166
2.129199 1.000955
1.466397 0.5056776
1.930701 0.5922218
1.367556 1.404164
0.8567787 0.5826009
1.619868 2.265971
2.168923 1.201546
3.187309 1.090095
1.086397 1.763819
0.6037059 0.5231076
2.819926 1.246054
1.43548 2.165747
1.453886 1.612481
-1.061368 1.551844
1.167531 -0.0945543
1.657735 1.100204
2.47236 1.276165
3.875956 0.4123338
1.270183 1.777657
0.3742453 1.849662
0.9846552 0.7977799
1.521496 0.6079168
3.131427 0.4827542
0.8148198 0.9640352
2.091691 0.9000397
-0.006623784 -1.127625
0.03104076 2.45864
-0.2725159 0.1979545
-0.4804134 1.527789
2.431374 0.4912467
1.283093 2.326584
1.684918 1.345985
0.9763195 -0.4213045
0.4368456 1.323715
0.3370413 0.2511491
1.531353 3.14947
-0.9068261 1.096617
0.5726738 0.4946759
1.145763 -0.06675434
2.079083 0.1023904
0.6126542 1.658745
1.158467 1.015869
3.392286 1.567759
1.890751 0.1220137
1.152442 0.5170882
-0.6371653 0.7496456
0.05208787 -0.7728626
-1.110187 -0.5086589
2.192413 1.899917
1.288608 0.1493063
0.1503643 1.880757
1.562273 -0.2343488
0.1057589 2.085383
0.06195265 1.618154
1.329884 0.1737992
1.780415 0.5474199
0.5060163 2.14599
0.5007422 2.227215
1.767567 2.814916
0.6685585 0.4267784
2.289009 -0.9852919
1.887015 3.382504
2.602677 1.15232
0.4397688 2.595634
0.6330819 0.4128547
3.09957 2.610681
0.8215685 1.899241
0.3874438 0.600897
1.407627 1.477579
-0.5686961 2.190234
1.115537 1.623866
-0.2704622 0.3091105
0.1544168 0.4127097
-1.492838 1.041093
0.2044567 -1.114517
-0.2531938 0.504282
1.908084 0.3553806
1.162387 0.6588879
1.790297 1.610263
1.545452 2.094226
1.890073 1.522771
-0.1219873 0.3611185
0.3685362 0.6498606
0.6358605 3.012262
2.8203 0.6203918
-0.6466144 0.7062678
0.8528148 -0.08465913
1.587799 1.41126
1.367621 3.403831
1.482348 0.1826381
2.921188 2.213178
1.819737 -0.3178256
2.328112 -0.2883384
-0.84723 1.991343
0.2647188 -1.309057
0.7212639 2.668804
2.896473 1.185138
0.9612891 1.446994
1.336265 -0.07327567
1.924156 -0.02867712
-0.6174948 -0.9065999
-0.1714723 1.913339
2.076973 1.526668
1.89855 2.168313
3.310154 0.6218873
1.413292 0.9619946
1.641431 1.146437
2.338865 0.6157903
0.2764904 1.238495
-0.8757445 2.539521
1.672496 2.997217
0.4605115 2.706917
-0.5207688 1.923849
2.692003 1.164934
1.654763 0.7291385
0.8547177 2.29525
0.297503 0.9499319
0.2508966 0.586867
0.196538 1.56377
-0.8320763 1.90101
1.552004 0.7951666
1.212224 1.273987
