1.096938 2.117198
0.6882929 2.001003
1.617888 0.5312696
-0.854436 1.298206
1.843699 -0.4357054
1.597659 1.47025
2.513791 2.908602
0.8759216 0.4253619
1.366269 -0.08390801
2.158365 -0.3346365
-0.3623291 1.522887
0.1741209 1.695571
2.718749 0.3481518
1.051396 -0.09807423
0.2920767 1.153183
-0.03965707 1.18085
0.6283207 0.509351
1.090664 -0.6661236
-0.1855735 1.241546
0.9630275 1.059001
2.464472 2.148719
1.965781 1.138738
-0.04275735 1.583782
0.326096 0.8831742
0.913677 -1.666062
1.716688 1.631237
-0.7455434 0.4236102
-0.1298458 0.6871479
0.08642664 1.648766
-0.007526488 -0.480725
-0.09055451 1.767709
2.291154 -0.2627094
0.6496757 0.06713788
1.109287 0.6779908
2.457781 1.889112
1.486241 2.327742
0.8223584 1.636149
2.462115 -0.5588632
1.436563 -1.698564
-0.4694036 1.293373
1.926882 2.00128
1.201478 0.3566309
1.470166 2.343815
1.336246 1.066378
0.9254587 3.883317
0.4059507 0.4054271
3.111102 -0.4261703
2.44135 -1.252248
1.23978 2.249392
0.4403501 2.455033
-0.350043 2.323105
0.166823 0.3376271
0.9193364 0.1387674
1.167256 1.619106
1.330531 -0.3776846
0.4153602 0.5569562
1.510236 0.7477633
2.01864 0.6331898
0.2154358 0.4258843
-0.9882046 1.37848
1.314635 1.526462
0.5064482 0.2034165
0.1245695 0.03087364
0.6176293 0.7667254
0.2304926 -0.7264826
0.9979433 -0.5018138
0.7449054 0.1589621
1.07168 1.024235
-1.724114 0.6212139
1.208103 0.8376766
0.3189668 0.441788
0.6538368 1.538939
2.245858 3.570137
0.3121344 -1.038432
0.09254609 0.007708769
1.461631 2.037243
0.7862062 0.5128969
1.236663 0.0008579102
0.6834219 0.5540348
1.106989 0.7856369
0.6171597 -0.1818573
0.7229525 -0.1805163
-0.397391 1.733219
0.8407607 -0.6613453
1.140191 0.7217769
1.884586 0.3752248
0.6690634 1.179657
2.236957 -0.4800802
0.6109504 2.635769
1.613359 0.7722621
0.490287 1.577091
0.2784676 0.9351332
0.8605759 1.645185
0.5094363 1.395344
2.866896 0.136767
0.5502079 0.7827681
-0.2188776 -0.6533142
0.05012621 -0.7557023
-0.3966775 -0.7650831
1.389497 1.250847
0.2980136 -1.336671
0.2997106 2.23223
0.5013464 1.590388
-0.5367135 0.5496002
1.90171 1.153302
-0.02546371 2.096759
1.03172 0.5741462
0.9310349 0.6628192
2.119372 1.476464
0.8002058 1.208536
2.409133 0.3718123
-1.178658 1.894881
1.237441 2.288153
0.5659769 0.6745787
1.9405 0.4779866
0.9999872 1.013317
1.316813 0.6531046
0.09079327 -0.3869352
-0.6124664 0.897392
1.414012 0.6573824
3.142262 1.040936
1.683251 1.090784
0.656077 2.033813
0.5557064 1.336145
1.955354 -0.4014622
1.610019 -0.1155968
1.021172 1.916124
1.371655 1.9855
1.236898 0.5664836
0.9514049 2.01579
0.8049357 0.8594889
1.019805 -0.3194076
2.17397 0.4840875
0.4124449 1.375835
0.2573648 2.317904
0.21151 -0.02327976
-0.575503 -1.903839
0.7288227 1.752807
0.3147058 -0.1937491
1.243672 0.4275719
0.07921185 2.079042
1.128716 0.8009846
1.038459 2.97132
2.455128 1.238523
0.6104295 1.668915
1.690707 0.2412156
2.316695 1.241447
0.2682967 0.7111967
2.153804 2.645343
0.4505827 1.919011
1.26474 1.857743
1.404681 -0.6429472
1.733486 1.226385
2.918238 0.5313429
1.635866 -0.3598132
1.371442 0.3037888
0.6323757 0.1425605
0.5452434 1.223783
-0.3067967 2.091735
1.932349 0.1726801
4.729347 1.853614
0.3623897 3.550951
1.631746 0.2378221
0.5123593 0.9918243
0.6210064 -0.3846537
-0.1319688 0.8711888
1.284225 1.057458
1.854272 1.577022
1.645072 0.8035489
2.570616 2.811887
2.941301 3.881442
1.005041 0.6338201
0.48902 1.705128
2.136573 -0.8647782
0.186615 1.503136
0.02479986 0.9833616
0.9619456 1.125804
1.286817 0.848884
2.294833 0.6237532
1.729984 0.2034217
1.617569 -1.917505
1.188746 0.1397125
1.993033 0.8255301
2.19316 1.924205
0.8809449 1.056015
1.191915 0.7488873
1.038863 -0.4084083
1.040744 1.771859
1.29906 -0.08514201
1.882707 0.6722389
0.689759 0.1076018
2.523916 -0.3012697
0.545109 0.3701193
1.084272 1.12537
2.187453 1.140174
2.526939 1.223639
1.35633 -0.0925955
2.010365 0.9597378
-0.3997985 1.967196
1.578928 1.244959
