2.182206 2.639479
2.999888 1.283583
-0.4038904 0.5250344
2.972644 1.554703
1.197546 1.390034
0.573778 -0.918359
2.298188 -1.051215
0.02582125 0.8811065
1.571235 0.03848143
1.11631 1.838619
1.301007 -0.3515748
-0.4198803 -0.1848127
1.955963 2.02571
1.458273 2.233276
1.759586 2.212913
1.320365 0.6972449
-0.4099319 0.5776828
0.3257498 0.03330392
-0.4862355 1.490975
2.263333 -0.6549323
0.5951757 0.3600005
0.6218238 1.549147
1.37488 1.570709
0.964045 3.668077
0.8284415 -0.002102568
2.126435 2.791846
1.327102 3.363322
-1.069466 -0.3905404
-0.4189631 0.7408538
-1.26807 0.09398962
0.8345035 1.212657
1.108498 1.000395
0.5290249 0.6154048
0.9416111 0.3148673
1.068607 2.347756
0.8922525 0.7623779
0.4739655 0.808786
1.378517 2.196316
0.3114691 0.5205862
1.864286 0.4021686
-0.0507264 1.573357
1.561289 1.720081
1.614488 1.59939
1.8582 0.8411753
0.5008138 1.506224
1.026623 2.355414
2.169682 -0.4319199
0.3434354 2.332453
-0.06658698 2.249302
0.6118408 0.7089603
1.678252 0.7532132
1.011147 2.103126
0.3423043 0.8985005
-0.05222532 0.9836164
0.6549704 1.743179
0.8355571 1.12571
-0.5365764 0.9093945
-1.074154 0.1476433
2.168354 1.023787
2.399204 -0.7069833
0.3262326 -0.7371319
1.176396 1.411908
2.410643 0.9915223
1.611275 1.212943
0.8452787 2.302399
1.30268 1.404425
1.437083 1.162675
0.4274684 1.315411
2.899159 3.488825
1.120016 0.8220376
2.475372 0.7420678
1.945838 1.214724
2.37242 1.200167
1.718381 1.478172
1.53181 2.429443
2.832154 1.656344
0.421358 0.4065344
-0.3340802 1.144193
1.761423 0.727311
1.766492 0.4340993
-2.114955 2.182626
2.423401 0.2105399
-0.2276047 1.591699
0.02562516 2.418428
1.228472 1.273813
-2.158812 0.2747771
2.608333 1.638907
2.488501 -0.1381578
2.142078 -0.08891436
-1.098024 1.925317
0.4937252 1.098499
-0.630914 2.064581
-0.5965083 0.8933001
1.972242 1.605081
2.93844 1.056721
-0.4778815 0.02178316
2.313463 1.649411
0.03868343 0.5209153
0.8410305 1.47951
2.00609 0.3505758
3.037175 2.920786
1.469317 2.037169
0.8467665 0.6335503
0.1192992 1.4103
1.657976 1.118234
0.4693297 0.8674257
-0.2186048 1.150237
0.7573685 1.066182
0.3788171 1.401601
1.635944 1.287477
0.6783346 1.970385
1.396033 1.232318
-0.05490801 -0.4607917
1.194891 1.348251
1.785688 0.07281209
1.695217 -0.4632656
0.8874354 0.8677715
1.047917 1.794729
-0.8258143 1.698986
1.530891 1.612361
1.867292 -0.8215624
-0.648981 1.144172
2.702824 0.04051142
0.691533 -0.2535906
2.414374 2.866842
1.203665 0.7031564
0.5542472 2.486465
0.9486074 0.1196358
1.479877 0.3157615
-0.7226239 2.25999
0.487992 1.248502
-0.3954932 2.208157
0.7740904 0.7160204
0.005489753 0.1788632
0.9510874 1.382773
-0.3527602 0.1970872
1.509464 0.3200908
-0.1926489 1.837413
-0.60721 1.401173
-0.2299007 -1.018881
0.816332 0.5094461
0.3622443 2.469769
-0.1358029 -0.7413278
0.283662 2.562724
0.793835 1.469585
1.130983 0.2870682
3.426552 -1.752483
-0.4356615 -0.2755479
1.680394 -1.314797
0.6428845 0.2220143
2.530215 0.883035
0.4089013 1.594051
-1.30009 -1.100214
-0.6570191 2.089922
0.1420183 1.691555
1.21945 0.1320328
0.5095547 -0.4706248
1.292849 -0.1140326
1.547421 0.6426149
2.598725 1.492544
0.7907911 -1.053175
0.1394246 1.648597
3.147734 0.5002858
0.9396114 1.83466
1.423914 -1.054152
0.7470917 2.10402
0.9449626 0.8928003
0.713847 -0.4765143
1.353988 1.888397
1.550594 1.835996
0.6034669 0.9289809
0.376661 0.1231897
1.085951 0.7624586
-0.4573113 0.8046908
0.7255328 3.174507
1.655676 1.319361
1.489133 1.012066
0.1061363 2.256637
-0.005802561 1.351812
0.4552927 1.46422
2.483168 0.3014583
0.1209242 1.904783
1.22828 2.579562
1.118548 2.853675
0.6155368 2.688694
1.545883 0.6154068
0.3418547 -1.685231
1.788288 0.4172237
1.975682 2.235671
0.4430202 0.3610539
0.2237719 2.016563
1.833557 -0.6575278
0.5370049 0.2425971
2.290904 2.613186
-0.3018093 0.1299302
0.7506929 0.184814
-0.2600608 1.74849
-0.3039812 2.645742
0.3318741 -0.7519963
-0.09381323 -0.1391795
