1.112438 1.817065
0.4585972 0.8948822
1.772478 2.050424
0.798026 0.8451339
0.7472503 -0.1213121
2.124181 1.223541
2.260964 2.125776
0.7404836 -0.8646648
0.6040328 0.561133
0.2599096 1.637458
0.06891086 1.467866
2.402014 1.507905
0.9369368 0.3780171
1.136116 0.5986484
-0.037587 2.796628
2.001667 -0.7493798
0.6588766 1.716204
1.187382 0.1457012
0.830026 1.683731
0.02473192 1.820121
0.1119953 -0.604627
2.024023 1.269428
-0.1327644 0.1573174
-1.200462 2.271286
0.240432 1.018153
1.913716 0.962919
-0.922308 1.086032
2.878302 2.529391
-0.6883347 2.427564
1.080824 0.8704095
-0.132048 -0.6731167
0.8787587 -0.9734407
1.102884 3.201332
0.6020752 -0.1101699
0.7846509 0.4999178
1.672571 1.202423
0.848669 0.4028621
1.331182 2.684181
1.761206 1.148793
1.910821 3.020243
-0.8828941 1.487074
2.054921 -0.2856475
1.123593 0.5934377
3.309098 0.6192979
0.05994241 0.04889033
-1.044875 1.802665
1.281012 0.1695568
0.8246394 0.5495834
1.181093 0.4275795
1.8666 1.143422
0.7104682 1.014232
0.6129856 0.7173522
2.972167 1.904759
-0.4685516 2.151055
0.2432645 0.5334927
1.589567 -0.4404485
0.3980056 0.547884
0.2130667 1.099879
-0.148056 0.7678628
0.3904613 1.242564
-0.05836557 1.05726
0.9892567 1.038576
-0.5611232 0.8678023
-0.326549 0.9043852
0.7360031 1.027057
1.806271 -0.9287564
1.238184 0.2606799
2.959395 1.451677
-0.9618433 1.905085
2.672734 -0.3090241
0.3695346 0.9656214
0.3648574 3.696904
2.023377 0.1018271
0.5926782 0.05597349
1.52389 1.526228
2.240092 2.093673
1.203994 1.743823
0.04124747 0.1723558
1.99714 1.973821
0.7064713 2.20078
2.252036 1.670004
1.541192 1.228418
2.046987 1.580133
0.4859033 -0.4357988
1.54492 0.06446948
0.4880765 1.893429
1.563493 0.3478013
0.5228493 1.749654
1.372372 1.117781
1.451896 0.8010339
-0.973157 1.315098
2.154607 0.7636732
1.221149 0.09687097
1.021414 1.949796
1.076345 -0.6016191
0.7885346 1.439153
-0.531561 1.771482
1.687812 -0.7358083
1.187154 -0.5185233
1.371042 2.560331
-0.1134144 -1.065479
0.3654349 0.1333683
0.2691281 -0.03915215
2.73048 1.116207
1.3356 0.001805451
-0.7558383 1.079931
-0.3930728 1.446941
1.093126 1.079062
1.96871 0.1394458
1.600171 1.846423
1.530216 0.2661781
-0.5511259 1.699625
0.3960455 1.895996
-0.3866052 1.341317
1.556993 2.658874
-0.3829462 1.786588
2.220808 1.309375
-0.6141245 0.6201602
1.455225 1.13645
1.966667 1.462207
-0.1396735 2.740934
0.7619198 -0.3029938
-0.09066779 0.9178099
0.1492327 1.867856
-0.6225652 1.046984
0.494767 1.92682
1.876841 0.743066
-0.5703023 2.428657
0.5224303 0.9960457
1.645176 1.780947
2.00091 1.587893
2.098374 2.183974
-1.278894 0.925454
-1.425767 1.914028
1.640137 0.457056
1.014697 1.685107
2.235836 0.9421958
1.417595 1.534581
0.3756502 0.4304225
0.3063376 1.64821
0.2612545 0.3291856
0.7854698 -0.3334758
0.126526 0.7066987
0.5154381 2.01261
1.323504 2.546156
-0.4947959 0.4052982
0.9562233 1.795371
-1.208455 1.577059
0.8745511 1.387523
2.57034 1.481657
-0.8890295 -0.174179
0.9479247 1.389796
1.72268 1.959896
0.1681197 0.5137911
2.071546 1.150076
-0.1185979 -0.5287059
0.7884454 0.7764927
1.283777 0.8172763
1.742285 -0.7539994
-0.1280973 1.274978
0.3601254 1.487728
-0.7004253 1.393398
2.226779 3.150426
1.552387 1.71769
0.4695487 0.6367077
-0.5681202 0.02476164
-1.314984 -1.769108
2.436367 0.4934746
1.941531 0.1514383
0.674756 1.777642
1.105983 -0.52553
0.3523709 3.836607
1.50367 1.333426
0.6350397 0.6600392
0.8376562 0.07236917
-0.6898211 1.614753
1.13994 1.748249
0.8278701 0.5877493
1.095201 -0.7283456
1.966128 -0.2099535
1.324685 1.084039
1.286746 1.9765
0.3544924 1.501243
1.078879 -1.098679
2.818318 1.606524
0.4869994 2.297452
1.922997 1.498988
2.212152 0.8521157
0.2393436 2.872702
-0.2652302 3.130658
1.830652 1.024856
-0.1496377 1.694709
-0.2889239 1.159116
1.025372 1.28741
1.199301 0.6112184
1.867887 1.590531
3.774784 1.370543
2.303334 -0.1512481
2.426145 0.4409847
1.424401 0.5030506
