1.179274 0.2971094
-0.5270019 0.2754424
2.428209 -0.6226905
0.7933098 2.130951
1.3713 0.321922
0.5214826 0.8715736
-0.01457514 3.174381
1.867559 2.106173
0.9586553 0.6648319
1.035105 1.39138
-0.6251937 -2.052506
1.044886 2.400928
1.50964 0.182419
2.206658 1.010744
1.111628 0.8261022
1.082453 -0.03709851
1.592385 1.700002
1.181589 2.363799
0.4357706 1.687942
0.3478984 1.32514
0.01756169 0.6244008
1.17551 -0.4749579
-0.5732031 1.702794
2.345285 1.21455
2.809825 2.214232
2.901997 -0.3470887
0.2036218 2.105788
1.442128 -0.1754446
0.8464524 0.4216035
2.055749 1.13343
-0.06466636 1.842142
3.382496 1.914417
0.455935 0.6859057
2.648519 -0.2490101
0.1394475 -0.05701219
0.7699734 0.3220761
2.927776 2.770409
1.570449 -0.8893799
0.8342432 1.520718
0.7995592 -0.1108735
1.312988 2.738037
1.237493 0.6902394
3.157202 0.7537066
1.169945 0.6706513
0.989906 0.256216
2.402902 -0.08355113
0.1065615 1.171615
0.411581 1.587302
2.143522 -0.2216695
3.438561 0.3358679
1.287105 1.455482
-1.126755 2.258277
0.2347044 3.303708
1.98827 0.03823122
1.25282 1.979272
0.2546105 1.380506
0.8308561 0.8392189
1.095091 -0.08695016
2.341912 3.295545
-0.007137922 1.510128
1.47387 1.244869
1.97158 1.109974
0.2080997 -0.3231479
0.3368832 1.190414
0.1292542 2.31324
0.1829699 1.39629
2.843342 3.258306
0.2927982 -0.1212404
2.141721 -0.2711551
1.874445 1.410802
0.05650478 0.1091224
0.5475495 0.05061865
0.2988523 2.262254
0.6384125 1.133144
0.5077858 1.829927
0.7206048 3.078213
1.522353 1.175262
1.232082 0.5768933
0.1365077 0.5217386
2.101036 -1.481695
-1.533939 0.7505715
1.856192 1.59026
0.5911903 2.474159
2.618919 0.2377138
-0.17608 0.3374236
0.5414439 0.3312503
0.2450435 -0.292968
1.90733 1.329299
1.170874 -1.008512
0.3294999 0.3896499
1.12062 1.17071
1.703281 0.235004
0.2712592 2.223925
0.8391817 0.6442404
0.8392644 0.0322853
1.161361 1.83125
1.358052 1.855622
2.38006 0.8839943
0.9015666 2.065916
1.216484 1.023979
1.866584 3.113967
2.227109 0.4279012
2.453519 2.689305
0.1205929 -0.1302294
1.75392 1.005996
0.9750751 2.39451
0.5207123 1.971422
-0.09189923 1.253827
1.831041 0.8507256
-0.1354616 -0.5895426
1.286559 1.015014
1.272342 2.929956
0.001068918 3.178599
1.356062 1.409524
3.178654 0.94325
0.7521408 -0.541663
0.2229896 1.121286
1.105241 0.5879518
-0.9701488 1.656743
1.488936 1.753585
1.024374 1.589899
0.535344 0.4267084
0.4809126 1.232827
1.233917 0.41075
0.6378524 -0.8916041
0.4752517 2.732356
1.649823 -1.708854
1.658268 0.1823737
2.273282 -0.06552729
2.720357 0.7089718
1.472791 0.453754
0.8425731 2.092647
-0.8099533 -0.3433449
1.646856 -0.006328628
1.885402 0.6865266
0.8824838 1.19772
0.3381062 1.996001
1.02195 1.818769
1.074309 1.013618
0.2322608 1.800318
0.2045991 1.063578
0.1173655 0.5301901
0.7860901 1.024433
2.473816 1.968302
1.992667 -0.7871427
0.6655657 0.583712
2.018829 0.1696696
1.569283 1.846567
1.504849 0.8510588
-0.1956777 1.992474
1.091055 -0.2944923
2.674565 0.1663924
0.9568323 1.960817
0.4582899 0.1853799
-0.03711334 2.211361
1.721498 1.178008
0.320258 1.508298
-0.05850173 0.2133644
1.738481 1.851472
0.5568244 1.690889
1.761593 1.281754
1.518837 1.653368
1.101426 2.411443
0.9585615 0.2924125
2.474096 0.8500791
0.4587325 1.240686
1.169738 1.273088
0.3307385 0.3427916
2.086205 -1.185398
2.089865 1.172833
-0.1799121 2.022919
3.02299 0.4029285
1.388611 0.899942
0.658937 1.228909
0.5293006 0.29431
-0.9279402 -1.389793
0.5597314 0.7721235
1.075773 0.3761157
2.762716 1.476623
0.3217759 1.556331
0.2874615 0.506514
1.222224 0.3122863
-0.7098289 0.5915494
2.470217 1.908777
-0.4340518 1.269211
2.174996 1.044877
-0.6702025 1.872145
1.36508 2.112642
1.82434 0.3420381
2.09691 1.519268
2.12783 2.763969
-0.3814412 2.939273
0.05237702 2.426216
0.6975622 0.4005037
1.902926 1.620169
0.8360617 0.4080068
-0.1205301 2.363769
0.8256057 0.7412174
1.962439 0.9282893
0.2308325 1.626048
