1.333207 -0.216619
1.494142 0.2361891
-0.2945474 1.149832
-0.04605269 -0.01811211
0.2985559 -1.843328
-0.5267423 0.2437317
-0.6225324 0.9207295
-0.4098001 1.421651
0.9973147 -0.2657533
0.5326198 -0.1618006
0.136387 1.248184
1.649483 0.8003239
0.1470773 2.364693
3.269538 1.226086
2.053077 0.270502
-0.2364143 -0.6263514
1.276223 2.307233
2.123226 2.006454
1.864234 -0.8094367
-0.1650561 0.6131603
0.854914 0.9186616
-0.5336505 0.9272683
-1.139343 0.6492066
1.650287 1.644169
1.173733 -0.4359156
1.225366 1.3167
1.691652 -0.4096892
1.383203 -1.51232
0.941127 0.3188355
3.459435 3.040724
1.804141 0.8945176
1.574242 0.2318453
1.2041 2.411808
-0.5160127 1.880156
2.864076 0.5289997
0.565545 0.7530059
2.474973 2.206548
1.191567 1.392659
1.922672 1.600834
0.6253898 0.09728311
0.3021797 1.138596
0.4516802 0.9505941
1.821666 2.462101
0.6279217 1.628934
0.7074451 0.7330391
1.186432 1.736996
0.3215354 1.964449
0.4354825 1.472795
-0.06169889 0.8050354
1.011582 0.5533051
0.455386 0.795984
2.334494 0.3508859
0.2942541 0.3668437
2.750228 -0.2430021
0.6646169 0.9669212
1.484487 1.086373
1.789562 1.450629
0.4390129 1.459183
-0.1677488 -0.1084928
1.871733 0.7324219
1.490014 1.06231
-0.6261168 0.4815106
1.310026 0.5148423
1.347016 1.551502
1.673549 1.618856
1.44108 2.894447
2.721148 3.061671
2.437722 1.549492
0.3071358 1.925021
1.227557 -0.1702272
0.5532987 0.7106084
1.61222 0.1497091
0.5619749 1.380198
1.36695 -0.6801299
0.8776881 1.468879
2.571286 -0.7209947
3.445167 -0.07114433
0.1488066 3.491837
2.373002 0.08642966
2.390381 -0.419601
0.3019311 0.1327144
-0.3736781 1.845918
0.7207229 0.5334674
0.5348868 1.562462
0.2486546 1.037995
2.151635 1.394519
0.3984155 -0.1195773
0.4053516 1.777921
-0.1661218 3.289253
0.3731615 1.870298
-0.6706728 0.3165634
1.365287 0.5407786
1.283821 1.381539
2.184901 2.039807
0.3587122 1.08594
0.0902544 1.196211
-0.9351673 -0.1226248
0.9086965 1.295039
1.389819 1.643475
0.53239 0.4254413
1.797333 -0.9334835
0.6437103 -0.4039407
-0.2094091 0.8633159
2.86665 -0.6247331
0.8981889 0.2862651
0.7727747 1.390933
0.4149637 1.112076
0.3228936 1.816149
1.657735 1.398686
1.409142 0.7434022
0.3606905 0.4441375
0.03898883 0.7110328
1.147827 1.257076
1.234785 1.882592
0.8355155 1.740909
0.4485406 1.293741
0.6481525 0.9966852
0.5612503 1.519984
2.192106 0.9484791
-0.7328497 0.6209628
0.5990497 2.539043
1.37003 0.4546804
1.848388 0.407348
0.4303035 2.128318
1.215308 1.00318
2.586798 0.7230488
2.279383 1.443667
1.127728 3.387396
1.183854 0.9901327
0.7866319 1.436718
-0.1588353 0.2009086
-0.7525996 0.9261619
1.852646 0.06523673
1.312949 1.655939
-0.05531421 1.63344
-0.4806006 0.274193
0.3747695 -0.3110373
0.5350375 1.516444
-0.6048193 0.001677453
0.8065367 1.349686
1.462374 -0.9430852
1.754938 1.716347
1.78674 1.408982
0.1808577 3.199928
0.8891708 1.277083
1.689628 1.838929
0.4575143 1.707316
0.6514934 1.664917
2.735351 3.063186
-1.168904 0.6589324
0.9258405 0.4296065
0.6265189 1.947792
3.117013 1.203425
-0.8004312 0.1651021
1.232413 1.479284
1.59949 2.874493
0.9307226 1.794295
0.4671088 -0.04420199
-0.2168926 1.726319
2.791172 1.532106
1.013023 1.579327
1.655978 1.118788
1.340289 1.227895
-0.1804844 1.666199
0.6690482 1.611512
1.929178 0.7510958
2.257851 -0.2678476
1.260792 1.894929
1.981757 1.477953
0.4292905 1.711563
0.382571 0.4121745
2.08793 1.483093
1.690794 0.1256449
0.2038523 0.9668715
1.851549 -0.06585034
1.477234 1.921888
2.438728 0.6596134
0.9162313 1.590913
0.09890747 0.463715
1.309854 1.889562
2.489521 2.198323
-0.04790986 1.396579
0.914023 2.049905
0.6295552 1.387047
0.8317678 0.3090219
2.740777 1.720553
0.270956 1.236569
0.1245282 0.1402855
-0.2600832 0.247221
0.160187 2.060525
0.6650133 1.065591
1.288356 2.536058
0.6392898 0.0874022
0.7256504 1.062292
-0.01589586 0.9069221
0.6889072 0.6119708
-0.3852591 1.852308
0.7998366 -0.8585649
0.1077302 1.652793
0.5198711 -0.4969939
