0.3964671
1.138715
1.542221
-0.1728489
1.214562
1.253028
0.71263
0.7266841
0.717774
0.5549811
0.7614037
0.5008068
0.6118731
1.032229
1.479747
0.9448573
0.7444952
0.5444023
0.5814142
2.207918
1.067044
0.7546571
0.7797261
1.229795
0.6531399
0.2758975
1.287378
0.4881721
0.9924308
0.5320257
1.551149
0.7622035
0.64528
0.749371
0.1854533
0.4161904
-0.09001982
0.3295034
0.8528531
0.7670512
1.724748
0.4656786
0.5723177
0.8596885
0.50283
0.5157428
0.4463409
0.3740071
0.7380859
0.751575
0.09698437
0.708962
0.4455552
0.492519
0.9188452
1.281528
1.823909
0.6133233
1.802955
0.4210957
1.328294
2.274496
0.9826198
0.6651832
0.9961976
1.888542
0.4306961
1.683914
1.664782
1.168236
1.003446
0.7722656
0.816738
1.324143
2.035135
0.9233008
0.3046495
0.6382091
1.129131
0.8414704
0.911105
0.915003
0.3138491
0.9131064
1.425116
1.348804
1.274999
0.798634
0.9042031
0.4027361
0.9734206
1.127598
1.852982
1.500757
0.7522083
1.177775
0.432696
1.439102
1.486458
2.060559
1.207262
0.7626408
1.032997
0.7487611
0.5870007
1.083495
0.5518677
1.084093
1.177484
0.9739474
0.9020327
0.6754651
0.4451164
1.424637
1.011181
1.41557
0.3778561
1.084513
1.336583
0.9868618
0.9043039
0.6090467
2.029081
1.375251
1.912104
1.04003
0.6842954
0.2433559
0.6819501
1.113151
3.510952
2.9022
1.762441
3.234971
1.379919
2.407318
2.447105
1.141403
3.436046
2.201703
2.432771
3.816118
3.20934
2.613255
3.11101
3.019417
4.030285
2.920715
3.105018
2.978042
2.39821
2.778096
4.010996
1.999526
2.797408
3.789705
2.512303
1.857294
2.004173
2.387898
2.02212
2.491488
2.368464
2.553559
3.025645
3.199707
4.042565
2.645045
2.443328
3.876805
4.063464
2.734595
2.433874
1.242212
3.82901
2.029934
1.80099
5.135013
2.888017
2.673393
0.5142244
2.620168
3.480825
3.031095
3.429858
4.286986
3.635287
2.29301
3.263344
2.541267
2.269543
0.4153931
2.068283
3.090252
4.434426
3.100556
3.196168
1.927277
2.830124
1.03741
3.088181
3.257415
2.848411
3.260587
2.949345
3.30837
4.173971
3.58989
2.726131
1.808441
3.034446
2.379812
3.894794
1.414335
2.367399
3.037607
2.578611
2.215079
2.456223
3.203629
