1.052404
0.598581
1.115187
1.348988
0.3523991
0.4726599
0.02919626
0.3652197
0.5562806
0.8540421
1.705047
1.444321
1.136487
0.7166793
0.9798965
1.273806
0.7479833
1.529535
1.548727
0.4167477
0.6265443
1.603369
0.1563901
1.209855
1.116749
2.597951
-0.3648402
0.5796021
1.337014
1.837163
1.419844
0.2858158
2.119694
0.1213669
0.443492
0.9784298
2.112793
1.253158
1.365198
1.864039
1.49239
0.3876311
1.354863
0.94539
1.891304
0.8782777
0.2364465
1.245917
1.177252
0.9911868
0.4717248
0.5805427
0.9936871
1.519055
0.8177711
0.5642753
-0.3521015
1.247125
1.21367
1.654595
1.733361
0.928472
1.649257
1.000657
0.661795
0.5759017
0.8265294
1.11374
0.9862993
1.100439
1.099471
1.3573
0.8634091
1.817674
1.218847
0.4032321
0.8616751
1.257942
0.7944723
1.172498
1.217198
1.651739
0.674152
0.9915596
0.7161538
0.4364336
0.07551484
1.097765
1.300783
1.319579
0.3050036
0.4351611
0.4294229
0.6556643
1.085099
1.297242
0.5924837
-0.4321734
1.476912
1.307642
0.6495646
0.4631693
0.8500044
1.054053
1.3616
1.695048
0.5755583
1.145361
1.667088
0.5493289
0.8886183
0.114266
1.143711
0.6794041
0.5375312
0.6100113
1.222252
-0.0812345
0.7872446
0.4931412
0.5189405
1.237317
1.175877
0.9464898
1.268759
0.6989476
-0.01164882
1.577211
0.8846535
0.8174556
2.826014
3.312746
3.04087
3.441812
2.736908
2.296571
2.45964
3.358333
2.020585
1.937112
2.950783
3.189979
1.347133
3.327759
2.70954
2.554996
3.585564
3.883516
1.78208
3.509324
2.194345
2.805889
3.084741
2.806542
1.529708
2.294879
3.931731
2.838235
2.031341
2.175257
3.546053
2.976867
1.982251
2.705012
3.177336
4.078041
1.9946
2.396043
3.496888
2.332703
3.868213
3.534597
1.372767
3.039166
1.56467
1.528246
2.756337
2.745359
2.673833
3.711425
2.93599
2.161531
2.795671
2.288483
2.645511
1.78159
2.607804
2.782349
2.138605
2.732984
2.180985
2.184794
2.536449
3.092673
2.53573
2.852553
3.476019
2.471791
2.617105
3.109004
1.69347
3.135061
2.272029
1.789563
1.285597
2.128017
1.763838
1.757241
4.001833
1.730283
3.498008
3.136197
1.992169
2.211015
2.37184
2.852327
2.42134
3.361478
2.46585
0.967723
4.880757
4.529609
5.087562
4.750463
4.676952
4.781699
5.017046
4.516288
4.950763
4.705552
