1.447586
1.330106
2.136742
1.586749
1.143855
0.670115
2.45957
1.338708
0.6578398
1.093246
0.8378033
0.8626479
0.5332483
1.058423
1.15958
0.4612289
-0.6165761
0.8725627
1.014759
1.297137
1.029568
1.206699
0.4511139
1.355588
1.359444
1.125826
1.678637
1.202234
1.132182
1.134022
1.218465
1.530062
1.226095
1.331599
0.4318132
0.8147512
1.738485
0.3880481
1.129034
1.202501
1.487902
0.8255616
1.079313
0.1183725
1.169298
0.6667175
0.8806767
0.4061174
1.192468
1.33329
0.8476931
1.912506
1.33528
1.474316
2.024702
0.6744432
1.40431
1.49329
0.9969146
1.159526
0.494089
1.235084
0.6495148
1.406841
0.5942846
1.159699
0.5767387
0.8771184
0.2235705
1.064217
1.492722
1.091624
0.1168854
0.6897332
1.828022
1.904903
0.4124816
0.8166484
1.176813
1.159578
0.7100215
0.5233606
0.9102857
1.504904
1.011813
0.6754859
0.7478129
1.807196
0.7765201
1.381588
1.735859
1.221832
0.7891391
0.9799992
0.75386
1.613859
0.9252232
1.774992
0.7191937
0.6764414
1.071566
1.012094
0.7477742
0.2093016
1.015033
0.6417117
1.541305
0.5236573
1.563241
0.6754785
1.146235
1.449351
0.7406288
1.277219
0.9560132
0.4323935
0.8649602
1.809895
0.8929344
0.5911088
0.9729885
1.165071
1.477662
1.57198
1.050261
1.582288
0.61787
-0.1722567
0.7641583
0.7420723
0.8471711
3.149977
2.07298
2.519157
1.430318
3.138019
4.212982
1.997538
2.609953
4.25897
3.447053
4.230448
2.695813
2.578192
2.292295
3.847659
1.671329
2.945851
2.662945
4.501473
2.213573
1.492569
2.886105
2.668281
2.0287
2.805833
2.47958
2.156993
3.100669
2.43467
1.232016
0.578607
2.235534
3.863349
3.370504
3.672043
3.486004
2.952611
1.49435
2.864456
3.977782
-0.01685083
2.074918
3.581972
3.122996
3.331516
3.06568
3.131066
2.711714
1.966809
1.718548
2.728922
2.362886
1.980508
3.033953
2.822756
3.870626
1.802798
2.28577
2.640042
1.573768
2.472235
2.133463
0.9818888
2.47293
2.272742
3.606408
2.216745
3.146009
2.814103
1.710512
2.999315
2.615131
2.83285
3.226428
2.79117
3.968127
2.792443
1.696801
3.293492
1.721679
1.164885
2.052051
2.104258
2.213995
3.985408
4.00848
3.280873
1.680932
2.718517
5.097424
4.972594
5.034349
4.811041
4.742476
5.281553
5.053475
4.91832
5.065054
5.412496
5.072533
5.282281
5.273509
4.918565
5.152508
4.86976
4.705269
4.759667
4.970256
5.359412
