1.191031 1.780637
0.1939985 1.845754
-0.05198516 0.3008142
0.3428114 0.07877871
-0.2789659 0.02886504
2.685452 1.888579
1.430044 0.8329198
0.1320259 1.322423
2.829866 1.21934
2.26814 0.7249539
-1.607933 0.5161385
0.5460055 0.2293396
0.9258252 -0.6286901
1.879193 0.1360315
1.738496 1.501607
1.848615 0.6340656
2.521707 -0.1062274
0.1174212 -0.3394715
0.5911491 2.325424
1.916859 2.214671
2.254616 -0.5005639
-0.511608 0.7408073
0.8216725 0.2617799
2.227142 1.04133
1.041835 0.6464451
0.7796866 1.66814
1.41124 1.422822
-0.9207682 -0.588219
-0.3276108 1.273711
1.087412 2.183393
0.8903965 0.7818983
1.311479 -0.2012219
0.9195146 1.32349
-0.6822437 -0.5750875
2.174563 1.303941
0.2879076 0.1318021
0.7291145 1.62159
0.83644 0.8537868
1.416799 0.7831072
-0.3516043 0.7444886
-0.8608425 0.2721617
-0.2573738 1.43395
0.2391917 0.6789553
0.9058625 1.300796
1.812048 1.345992
0.7081439 -0.7502886
0.6056399 1.136485
1.14267 0.6837723
4.115946 1.215399
1.015483 -0.7077214
2.263009 -0.4547598
1.706949 1.373517
0.2274903 0.1259237
0.6468164 0.7293287
1.13722 1.298207
-1.512591 0.5341775
3.587286 -0.4766653
0.5946467 -0.07436263
-0.1391269 0.335901
0.3256068 1.74845
2.300133 1.512345
2.074655 -1.23668
0.4289697 1.65499
0.06894093 -0.4780804
0.9369096 1.10554
0.4702658 0.3085946
0.5182889 0.3812899
1.289386 0.6692422
1.176123 0.2607498
0.9395005 2.409693
1.789303 2.439079
1.127239 1.085985
2.448668 0.9627555
2.209684 -0.216278
0.5532621 1.030145
-0.3887355 -0.3398569
0.9209301 -0.03157213
1.343177 2.753939
0.2224679 0.7693882
2.883706 -0.4813549
-0.5186051 1.176517
1.916056 2.085564
-0.2967208 -0.3227356
2.273672 0.5210707
1.62591 0.7847458
1.338939 1.216086
0.141129 1.90226
1.611589 -0.7929265
0.2725387 0.8953007
0.9648907 0.2335444
-0.295422 -0.717483
0.8297874 -0.7314553
0.6752228 1.649549
0.5034225 1.21382
0.329736 1.448416
1.825388 0.9206749
-0.8101849 0.1240378
1.594888 1.155773
1.873285 0.4038116
1.279498 1.399725
