1.009748 0.1235209
0.1706411 0.04342312
2.042817 -0.8322326
1.497474 0.5731166
0.5635295 2.580942
0.6441823 0.1866671
-0.2982196 0.8521369
-0.7492475 1.492561
0.5645975 2.012657
2.295269 1.315045
0.4242325 0.2756515
2.806719 0.2905065
1.306305 0.2296775
-0.00422963 1.370366
0.9135883 -0.112572
0.1088226 -1.040535
0.6967838 0.8728119
1.473245 1.108872
1.148909 -0.9435487
2.178286 2.052088
1.800686 1.83749
1.402327 2.001755
-0.01078734 0.6133127
1.054831 1.85489
1.407658 0.8800171
-0.6918814 1.450839
-0.4957271 1.720364
0.3333289 0.6543968
1.233446 -0.5171117
1.315632 0.01303916
0.7739347 1.758156
0.9185335 0.8729762
0.4619414 0.6460588
0.694814 1.048144
0.8682071 -1.151945
1.378875 0.03308306
0.2400896 1.226986
-1.080303 -1.86021
0.2048132 1.495365
0.812667 1.586443
1.976731 0.7138115
1.498002 0.5212303
-0.8093773 -0.885367
1.488768 1.081271
0.9136265 -0.3741183
3.133586 0.1919472
-0.1102261 1.759915
0.6455423 2.225831
0.3940452 -0.07346884
3.044439 -1.480539
-0.6650805 1.337267
1.9162 1.210529
0.5709572 1.326723
-0.920633 0.909943
-1.699047 1.050742
1.335751 0.8739281
0.9839591 0.7864394
2.096338 0.6724024
0.7378544 0.4979395
-1.411338 -0.7308613
1.596462 0.3904987
1.568236 1.080495
1.501159 0.8327246
0.5633171 -0.3511519
0.3038695 -2.308648
0.803887 -1.150185
-1.284492 1.551777
-0.3720548 1.173468
0.2629808 0.4598105
0.8161632 1.147098
1.629119 1.037572
4.606939 1.179752
0.662045 -0.01011985
0.7937444 0.3780008
-0.7081741 0.8827488
2.127138 0.8467129
1.572107 0.3209077
0.3428167 -0.2440356
1.134821 1.235419
0.3742751 2.501658
-0.5039567 0.9746962
0.152342 1.409752
1.113248 1.635539
1.158282 1.060327
1.929421 0.19785
-0.1197098 0.928526
1.398504 0.07573052
0.9565187 0.2639003
0.3473723 0.1652691
0.7714482 0.3768826
-0.4361182 -1.100838
1.630763 -0.5234943
1.117329 -0.3651027
1.426081 -0.3433754
1.248085 0.7186748
2.031648 -0.3191748
1.153588 2.516373
1.087343 0.799083
2.160786 1.341094
-0.5250712 -0.1745151
