2.182206 2.787175
2.999888 1.219317
-0.4038904 0.5967665
2.972644 -0.1307008
1.197546 1.407976
0.573778 0.2193297
2.298188 -0.4686048
0.02582125 0.5073685
1.571235 0.1288171
1.11631 1.385944
1.301007 0.4283346
-0.4198803 1.146033
1.955963 -0.304908
1.458273 0.9448907
1.759586 1.535688
1.320365 1.445217
-0.4099319 0.6374354
0.3257498 0.7979166
-0.4862355 -1.075814
2.263333 1.280891
0.5951757 1.617292
0.6218238 -0.898981
1.37488 2.452824
0.964045 0.441533
0.8284415 2.164374
2.126435 0.9536654
1.327102 0.3042472
-1.069466 0.6986074
-0.4189631 1.229877
-1.26807 -0.9726239
0.8345035 0.237992
1.108498 -0.6454932
0.5290249 0.5240904
0.9416111 -0.2445102
1.068607 0.7010874
0.8922525 -0.6027602
0.4739655 1.259464
1.378517 -0.4426489
0.3114691 -0.85721
1.864286 -0.4799007
-0.0507264 0.566332
1.561289 0.1122443
1.614488 -0.3858029
1.8582 0.03366198
0.5008138 0.543835
1.026623 0.8809827
2.169682 3.176552
0.3434354 -0.6856615
-0.06658698 1.430394
0.6118408 0.3928845
1.678252 2.280215
1.011147 0.1589013
0.3423043 -1.55009
-0.05222532 -0.9070191
0.6549704 -0.1079817
0.8355571 0.9694501
-0.5365764 0.2595547
-1.074154 1.042849
2.168354 1.297421
2.399204 2.348725
0.3262326 0.5407911
1.176396 -0.1105754
2.410643 2.897734
1.611275 0.6896114
0.8452787 1.173914
1.30268 0.4970917
1.437083 0.6949626
0.4274684 0.463847
2.899159 1.103988
1.120016 1.300594
2.475372 0.3534669
1.945838 0.126661
2.37242 0.8359507
1.718381 -0.7073113
1.53181 0.4755328
2.832154 1.405676
0.421358 1.239133
-0.3340802 -0.1438637
1.761423 -0.2558026
1.766492 0.2052927
-2.114955 2.233168
2.423401 -0.1290758
-0.2276047 0.9782796
0.02562516 0.8685479
1.228472 0.3655368
-2.158812 1.295883
2.608333 0.0918547
2.488501 1.538288
2.142078 1.725682
-1.098024 0.1930202
0.4937252 -0.02622805
-0.630914 1.583557
-0.5965083 0.2870049
1.972242 2.040904
2.93844 -0.5518093
-0.4778815 0.5006929
2.313463 -0.5100608
0.03868343 -0.5539812
0.8410305 0.08187413
2.00609 -0.3438132
