1.455906 -0.03578428
1.596388 0.3491827
2.702164 1.081003
0.9001913 1.404264
1.395505 0.3395877
1.49366 2.166881
0.4536222 -0.09152715
1.164561 0.8427098
3.099579 1.278565
-1.444192 2.501309
-0.2764928 2.231018
1.840978 2.249773
1.252939 -0.4140308
2.314932 0.8122773
2.59694 1.45017
1.737925 0.6613895
-0.8455619 0.4286801
1.041574 0.7348491
1.410352 1.477854
0.05432783 2.532523
0.9230975 0.5027003
2.609409 0.7768176
3.480143 1.846358
1.174839 0.01526348
-0.7569412 1.717878
2.700056 0.2551379
1.613816 -1.154802
2.257154 1.033775
2.952818 0.1913535
0.02539648 2.536705
1.178958 1.595872
1.848411 1.007278
1.242911 0.1564846
2.012402 1.162228
2.611695 0.7087397
-0.4333334 0.4548874
2.016607 0.1075581
1.644222 0.6147744
-0.9620916 0.2264646
0.4325757 2.904502
1.215557 -0.01813446
0.1519808 1.911385
-1.020775 1.042434
3.046197 -0.7221824
0.8992924 1.280215
2.259599 0.6973401
1.354058 -1.46466
0.05007094 2.604384
1.421369 1.256323
0.6686117 0.2164614
0.7096714 1.59615
0.681502 -0.3083521
-1.504178 1.970269
0.65814 -0.2165726
1.872976 -0.1534175
0.453505 0.9822455
2.282431 1.029714
0.2716375 1.870385
1.146338 2.120267
1.575534 3.746119
1.060027 0.9296766
1.871455 0.01812932
0.4042093 0.7104098
0.4707335 -0.233514
0.003266399 -0.09364843
1.162693 -0.8248706
2.093431 0.318532
1.135714 -0.3693506
1.410173 2.003098
1.483343 2.353821
-0.2970573 1.848404
0.8465083 0.734952
1.47532 1.242395
-0.724622 1.217137
2.14788 1.956698
3.12968 0.09697891
-0.3188928 1.073826
0.6236673 -0.1081888
0.05695502 0.878933
0.27537 0.3347171
-0.03005556 -0.7491665
0.2008673 0.9758814
2.024197 0.6289957
2.167528 1.591817
1.060528 0.3967681
0.01564151 1.626509
1.759725 2.270531
1.389325 1.829481
2.343215 -0.5147302
2.09962 1.182193
1.445434 1.365119
0.5049146 -0.3659198
0.3179142 0.2545272
0.6687793 1.803701
0.2008504 2.775835
1.706217 2.819021
0.1859095 1.44893
0.1770772 2.98769
-0.5066787 -1.241819
2.655282 0.4818746
