-0.4202337 1.330332
-0.187802 1.074553
1.010454 2.30779
1.4783 0.1568392
-0.782504 1.517985
0.3303332 -0.977035
2.075052 0.9812691
1.424258 0.4859027
1.72788 -1.172627
0.8379906 0.2290925
-0.1025483 0.5561377
-0.872682 0.03498234
-0.487847 -0.4279413
0.4484842 1.419557
1.169527 0.9528405
1.516889 0.9773673
0.02562731 -0.1045345
2.074954 1.01562
0.9786431 0.3167935
-0.2044997 -1.059647
-0.1859809 -1.834636
1.440684 2.164623
1.549855 2.131581
1.308899 1.883895
-0.4554789 -2.209442
0.3134067 -0.493003
0.2973123 -1.420413
-0.3345639 1.874215
2.085081 0.4660344
1.228917 1.277574
3.08632 1.076635
0.7589154 0.024044
2.006973 -0.3137189
0.004129573 2.078646
1.516831 0.08525342
-0.1426072 1.027217
0.8271187 -0.2714436
1.098567 1.836846
1.619361 -0.6463624
-0.1112728 2.3707
1.011989 1.809968
0.3016363 0.4361548
1.117923 1.633548
0.3174933 0.4564507
0.6897615 1.057262
0.6977995 0.4324615
1.086416 -0.009147602
1.373755 0.3171153
2.827472 2.327523
0.1110632 0.5832474
0.9330844 1.062186
1.151465 2.116695
3.113284 1.883479
1.128924 0.804558
0.6820605 1.176841
2.848791 1.787745
-0.1861238 0.125743
1.469666 2.034481
1.761994 0.01465931
2.546669 3.29692
1.23549 0.738322
1.630169 1.29453
0.1606117 1.752054
1.567555 0.418629
0.6675081 0.5962679
0.7462041 1.121391
2.658164 1.632268
1.466731 -0.160649
1.652685 0.6179937
0.2431946 1.276432
1.59698 0.3297255
1.912871 0.3875099
2.153426 2.948683
-0.2219858 -0.1924758
-0.3199013 0.1419078
0.6568643 1.079528
0.4141466 -0.9904533
1.268326 1.992957
1.180261 2.002755
2.296103 -1.981017
1.178394 1.898894
1.098365 0.5921126
0.4286281 0.7430066
1.87903 0.3539518
0.03295464 1.254082
0.0742611 -0.2383097
0.379541 0.7471419
-0.6667708 -0.1909726
-0.3472443 -0.1275948
2.073766 1.791844
1.783016 0.3434561
0.4639305 1.936767
0.5412874 2.349746
3.605369 4.057142
1.656445 0.5058068
0.6280534 -0.6980626
1.496247 2.496251
0.07507378 -0.4098036
1.760012 0.0006551822
1.005031 1.293872
