0.07272514 0.05893938
2.00007 1.947788
0.7405408 0.7260306
-0.6078625 0.8736914
1.809285 0.5987033
2.022734 -0.4715665
-0.4060734 -0.2499359
0.9476124 1.991315
1.742393 2.31815
1.329308 2.171885
1.164623 1.559494
1.082 -0.2346059
1.812327 1.318304
1.953759 0.8919714
1.026985 2.223373
1.18422 0.5775769
1.444442 1.949392
1.614982 0.3235884
1.15626 1.037092
2.050653 1.75784
2.042992 1.802628
3.03195 0.4360496
0.8055325 0.5243622
-0.7953867 1.227551
1.531614 0.2560276
2.49316 1.049544
-0.94922 0.7659114
-0.4627326 1.360143
0.6860724 2.491075
-0.4106333 2.058811
0.8483387 -0.2956863
1.766154 0.3738566
1.180396 0.02915762
0.3578965 3.73203
0.639925 2.011311
-0.2337891 -0.3828109
2.669991 1.994277
1.12839 0.9357488
3.174592 2.83374
-0.1245745 -0.9831624
0.8729405 -0.495325
0.9245205 0.2848044
1.641235 2.910614
-0.3941601 1.405009
2.235574 2.483016
1.811682 0.02202612
1.398854 1.927924
2.234584 0.1690228
2.81305 -0.7890156
0.7318361 0.8702954
0.976187 -0.7017815
1.244902 1.074778
1.449411 0.9995718
-0.3024008 1.746053
-0.1947152 0.3936501
-0.4141731 1.718915
-0.1970846 1.203751
-0.06630551 0.0761155
0.9291896 2.629208
1.814721 2.544265
-0.1778227 1.572055
2.181651 1.831617
0.9925536 2.33309
0.423881 1.132346
-1.067055 0.1306791
0.9630881 1.727248
2.300604 0.4553337
0.7984707 0.575274
2.921034 0.4666232
0.6825189 1.046068
0.1132079 1.781687
2.229394 0.465041
3.376314 1.863294
0.7989924 0.7987736
0.5401185 1.849122
0.8883828 0.5457717
0.192229 0.3779417
1.964545 1.116873
2.158321 0.651474
-0.4535161 1.103328
0.2704485 1.983006
2.1824 1.746269
1.880447 -0.1550528
-0.001562476 -0.6144495
0.8282999 2.082057
2.695586 0.4620489
1.302009 -0.1931205
0.7660168 2.332094
0.1198818 -0.2279065
-0.09945059 -0.3100093
1.645459 2.600045
-0.1691347 2.326425
0.3306488 1.644658
1.507502 -0.3060214
0.06880656 0.3322241
1.708861 -0.02261099
1.824884 0.7068339
0.3010459 -0.4816607
2.447311 1.770868
1.083178 -0.004513709
