1.155761 1.007584
1.168676 2.24338
1.077643 0.5927698
0.440695 2.677141
-0.1295064 0.7194391
1.585258 2.092056
0.9435198 2.365533
1.506645 1.378672
2.065321 1.651653
-0.4589837 0.7936236
1.62761 0.5248673
-0.2218363 1.588184
1.892015 1.494723
1.176881 1.590755
2.023207 2.500697
1.208017 0.9821992
1.06896 3.913555
0.2340757 2.149895
0.696153 0.3136765
2.186588 1.948879
1.175834 0.8958654
0.8518773 1.043565
1.542887 0.9799103
0.5723197 0.4647908
1.007666 0.6152207
-0.3759002 1.49336
0.9434445 1.100653
2.391438 1.046424
1.336019 0.6479554
0.4551895 1.269946
1.031284 1.479152
1.553021 0.9106756
0.1381194 -1.485396
0.8283158 -0.6114259
0.5600068 -0.004896767
0.3636891 0.001849209
0.8366908 0.01778641
1.589756 2.606979
0.6791004 0.6774192
1.509878 -0.6759866
1.348319 0.7714689
0.4893702 0.2192896
-0.1302265 0.8697662
1.97476 0.9296409
-0.8934271 -0.7592612
1.395168 1.144419
0.03162454 -0.3259073
-0.56055 0.5466364
0.9555675 -0.04043642
-0.9831228 1.771989
-0.2295352 1.376264
0.6618099 1.590335
-0.09266274 0.018707
1.52296 1.713277
1.912818 2.641975
1.368984 0.4762329
0.1695984 3.726957
1.889774 2.610389
1.910804 0.1804346
-0.3668771 1.692579
1.082704 -0.6569525
1.086289 1.610965
1.386283 -0.2231982
0.1120449 3.044159
0.3824852 1.467522
0.5198029 0.8662106
1.499856 2.429063
0.1373934 1.224456
0.9305152 0.1816087
2.151667 1.059424
0.8528954 -0.4034257
0.05047155 1.876152
1.678222 1.394459
1.679856 -0.9715363
0.9112459 2.18851
1.373826 -1.284255
1.738367 1.918191
0.727015 -0.3050038
-0.4180116 1.159059
1.936976 1.650276
0.3548336 1.530731
1.663513 1.647435
0.5621852 1.702601
-0.02527377 -0.9634126
1.776454 1.509218
-0.002237068 1.031799
1.887073 -0.7772942
-1.240954 0.7764314
1.596256 -1.939765
-0.4017172 1.629209
-0.2650159 0.5870927
-0.860107 0.7848979
1.114304 1.450724
2.183864 1.19914
-0.2836329 2.122617
1.399513 2.088785
1.267924 1.333895
1.976542 -0.9807663
1.65142 0.5752381
0.02545605 0.9506493
