1.512131 1.287077
1.307301 2.044546
-0.04995327 -0.587703
0.4895256 -0.08310782
-0.9666649 0.5725131
0.2597105 2.060329
0.585344 1.789444
0.4344857 0.6695335
1.773818 2.277775
0.5046406 2.236835
0.6331377 1.800541
1.348529 1.37183
3.729887 -0.3645766
0.6830328 1.069292
0.9830113 1.019967
0.5773095 0.9918984
-0.2370255 3.442815
-0.003634131 0.8043813
1.214396 1.710206
2.115722 1.197315
-0.2863372 -0.3637222
0.1855759 1.999081
2.886684 1.807767
0.9268995 1.333309
0.7096955 0.9588477
1.527401 1.996859
0.4212407 -0.5103899
-0.07561516 1.217953
1.260902 1.526196
1.15707 0.4490109
1.661105 2.195117
1.039415 0.7182256
0.05655108 2.47424
-0.1357461 1.423303
1.405454 0.3376072
2.607557 0.1119425
0.6698413 1.309649
0.3613917 3.562496
-0.3872463 2.773138
2.263572 1.058132
3.211952 1.352312
0.04630034 1.376517
0.9955465 0.1434781
1.140771 2.195527
0.6300245 0.95804
0.377993 0.5343943
-0.2524607 0.4181596
0.1834193 1.219549
0.2566006 0.538214
-0.3760258 1.266552
1.221209 2.501252
3.152216 0.2884659
1.178796 1.541843
-0.3031822 2.834259
1.174075 1.610415
1.292072 1.138208
1.258119 0.4183795
1.247503 0.8119027
0.558519 0.3551014
-0.2896593 1.270895
1.262936 0.6500795
0.339243 1.292875
0.977286 0.5547149
1.305526 -0.968038
1.69844 -0.8214151
1.490507 0.4193447
1.727576 2.275612
0.2814256 0.4195332
1.02929 -1.047474
2.404341 1.852654
-0.08092997 1.163983
0.7582325 0.9437938
2.263704 0.5098682
0.5292334 0.5934695
1.480106 -0.6740192
1.275698 0.6159856
1.314012 0.7066743
2.429747 -0.9132586
1.594892 1.401277
0.1564642 1.145437
1.86596 4.151969
1.2919 1.058373
1.042106 1.378017
-0.2715525 0.9826767
1.079845 -0.2305852
1.971394 0.556212
1.271788 2.751119
-0.2138794 1.606743
1.450152 1.831099
-0.3173548 0.2742597
0.1844597 1.077704
1.004685 0.8165213
2.001297 0.4927335
-0.5212768 2.188716
2.016269 1.447948
0.6239608 0.03132041
0.9979664 2.035249
1.553221 1.798223
0.6184107 0.9618383
0.5722245 1.535593
