0.64651 0.3905016
2.77116 0.7343008
2.366091 1.556056
1.683302 0.7210057
1.255411 0.6060692
0.9678752 0.2581727
1.446676 1.63869
-0.08882949 1.194099
1.160549 0.8478262
1.042662 -1.6193
3.206853 2.090655
-0.6106697 0.4371424
-0.7970781 0.5435284
1.200139 2.375561
0.4843897 1.315801
-1.206187 0.9638222
0.3898098 1.279821
0.5805036 0.8589648
2.01465 1.063078
2.720646 -0.4957783
1.684099 0.3401407
2.180658 2.27159
-0.5709601 1.738102
1.440435 0.9477934
1.45188 0.3899015
2.642795 1.226056
1.725405 0.3833648
2.6745 1.277801
0.3332125 0.990074
1.357004 0.8465829
1.40236 0.1437143
2.145164 0.4234121
0.9393992 0.2998169
-1.379146 0.3452346
1.453859 0.959629
-0.1914959 1.936541
-0.5200487 0.4685868
2.31489 0.3786689
0.9852622 0.1213228
2.007665 1.007362
2.217192 1.415926
0.7572089 1.579656
1.267445 1.294887
1.525571 1.076233
1.240294 0.8787633
1.091773 -0.3705358
3.013743 -0.2324068
0.07525771 1.519231
-0.335945 1.087292
1.684313 1.149737
-0.006066944 1.623827
-0.3298833 0.2952243
0.3969724 0.08645523
1.591013 -0.5793356
2.256947 0.8408982
0.8470611 1.867834
1.164513 -0.5086519
1.535436 0.4336572
1.933555 0.9434205
1.330405 0.6400454
0.0896182 2.972507
0.9776832 0.05855943
-0.03161639 0.9536949
1.143961 0.7353726
0.5410716 0.3871535
1.352679 1.646856
2.750999 0.7766157
-0.4821053 1.042052
0.4491669 1.095131
1.015254 1.244205
0.09315202 0.8941729
1.35345 0.4076416
0.2900569 -0.1744918
-0.3543124 -1.346162
1.185592 0.004016535
-0.1978252 2.565603
2.202379 -0.6704804
2.203827 0.6981177
1.448233 -0.5285351
0.08139721 0.9542714
1.944161 1.462733
-0.2736379 1.093132
0.6580022 1.1096
2.4692 -0.6677923
-0.04766798 -0.4604983
2.127703 0.7898927
2.352689 1.566035
1.475118 1.681349
1.114952 -0.2244966
1.948986 1.251699
0.6709423 -0.1430088
-0.4129587 2.149756
1.002838 1.478828
1.114382 -0.873081
0.5953917 -0.7326021
1.739348 1.693105
0.2902676 -0.4658058
2.30495 1.275769
2.08778 0.2907047
0.1943833 0.6266057
