3.468279 1.553603
1.245098 -0.4464171
1.505476 1.655277
2.058177 1.048178
0.7867194 0.01520884
0.8112403 2.746196
2.416157 0.2792396
2.189477 0.375834
-0.8337223 -0.6870833
2.568961 1.109931
1.521324 0.192563
0.3998248 1.644865
1.373626 1.608037
0.8263637 2.249991
1.073026 0.8135817
1.88598 0.6077437
2.003366 1.703934
2.03288 0.5842319
1.589168 1.15161
3.436211 2.096269
3.22279 1.422485
2.065242 0.4180132
2.139937 0.1531626
0.3519031 -0.4671344
-0.0899219 3.269043
1.249848 0.07886364
1.677746 1.105966
0.9687484 1.071675
0.4667187 1.844361
0.48544 2.235172
-0.6030094 -0.9315122
0.1945 2.529745
-0.08038873 1.408716
1.513521 0.9350244
-0.1785644 1.575093
0.2448067 0.9594971
2.001987 -1.083478
1.592444 0.8338642
1.605149 -0.2158404
1.385895 -0.403833
1.328374 2.79902
2.456552 -1.111019
2.184873 0.04138899
-0.03121465 -0.6843912
1.694126 -1.570488
0.6407053 1.383016
0.7757718 1.169012
1.111743 0.2172211
0.2644165 2.144252
0.1747321 -0.2972044
0.1162511 1.834188
0.2884573 2.667523
2.201297 -0.7476064
1.338605 0.1833392
2.435885 1.836787
1.426234 2.625803
-1.31035 3.141503
2.558726 2.617747
-0.230908 0.5166667
2.658878 0.7309175
0.5487779 -0.8607162
0.555632 0.9396835
0.4967782 -0.5853283
0.1456608 0.3775575
0.5758007 2.135623
2.569508 1.608892
0.9768234 -0.1360736
-0.8245645 3.234224
2.057666 -0.6625907
0.6088881 0.1619092
2.181322 -0.3487788
1.025378 1.76989
0.4264775 1.2197
1.170981 -0.3072896
2.416422 1.473772
-0.03794907 2.700582
0.8890074 0.8155318
-0.6551995 2.681797
-0.8148001 0.4529905
1.44401 0.9731518
2.108124 1.719167
2.712132 2.584605
1.136419 0.7566243
1.307468 1.776793
1.807337 2.274428
2.421496 0.5960267
1.130989 0.3602604
0.2749303 0.5655117
-0.1750941 0.96969
2.225302 1.878057
0.4331778 1.212052
2.33169 0.02427971
0.9780318 0.9967554
1.119376 0.2434112
1.828464 0.484903
1.012986 1.241817
1.557604 1.620148
2.143481 1.821825
-0.5756471 -0.999334
1.058944 0.4058475
