1.104871 0.3212756
1.187654 0.8141201
-0.2196848 0.8558309
3.406063 0.6922658
0.8333323 1.959833
1.286265 1.149299
2.576118 0.7517611
0.6653446 0.7180825
1.902562 -0.115584
-0.5293584 0.3005451
0.9606092 2.753254
1.980296 0.9659684
1.075849 0.8358873
1.85827 1.254563
1.200251 1.088587
-0.5300603 1.325779
1.211855 0.2873217
-0.8184324 1.031267
1.787319 -0.03373672
0.4678955 2.192997
0.1579396 1.448418
1.968929 0.6774915
1.17173 -1.491825
2.150439 1.220698
-1.809953 -0.8672791
2.044433 3.086485
2.109947 0.5562131
2.065054 0.7444699
-0.53476 0.9595093
2.093978 2.662262
1.486355 -0.4444615
0.9401885 2.634106
2.039136 1.15685
0.1987992 0.999135
-0.3007399 1.333182
3.614865 1.317729
1.747885 1.753504
0.1813992 -0.689976
0.5418894 2.140468
0.06432737 0.8144058
0.05608819 1.776061
-0.3456804 -0.4986273
0.7441187 0.697202
1.294686 2.034052
-0.8044531 2.340949
1.264097 1.8509
1.187977 2.135153
0.7645466 1.861271
1.039837 0.5311623
-0.8022028 1.229341
0.6605912 1.926668
2.474194 -1.051096
1.121498 0.02008949
0.1457524 0.8305283
-0.8379702 1.356799
1.734225 1.159368
0.01725739 1.463951
1.962459 0.9166953
1.663085 1.565327
1.043836 0.8815564
2.496287 -0.7320479
-0.4061437 1.67682
1.387127 -0.3430198
1.750394 1.987577
0.8429469 1.550936
-0.2112436 1.223792
0.5073799 0.7672825
0.3457184 1.472916
0.9418931 0.8383352
1.82899 0.9544808
0.9826869 0.6328579
1.287605 2.075411
-0.8065914 2.414953
1.864477 0.3231466
1.06486 1.3688
1.737602 -0.7077284
1.401201 0.3362197
1.22752 0.6923924
1.36098 0.9675955
1.326694 1.075516
1.611074 2.005527
-0.4931624 -0.07364118
-0.3410259 0.1717023
0.6873623 2.926874
1.957687 0.2031874
-0.2851761 1.085568
-0.06510299 0.4090725
-1.115955 1.656109
1.705261 1.319528
0.2839089 0.601709
-1.169399 0.06099128
0.9253904 2.506426
1.348631 1.641967
0.5244238 1.382532
1.516476 0.01089368
1.735159 -0.6634411
3.419307 1.636412
-0.8604685 1.125323
1.428603 0.1324224
0.5470976 1.404476
