1.096938 0.0480136
0.6882929 0.04971065
1.617888 0.2513464
-0.854436 -0.7867135
1.843699 1.65171
1.597659 -0.2754637
2.513791 0.7817201
0.8759216 0.6810349
1.366269 1.869372
2.158365 0.5502058
-0.3623291 2.159133
0.1741209 -1.428658
2.718749 0.9874408
1.051396 0.3159769
0.2920767 1.6905
-0.03965707 0.7499872
0.6283207 1.066813
1.090664 -0.1592067
-0.1855735 -0.8624664
0.9630275 1.164012
2.464472 2.892262
1.965781 1.433251
-0.04275735 0.406077
0.326096 0.3057064
0.913677 1.705354
1.716688 1.360019
-0.7455434 0.7711725
-0.1298458 1.121655
0.08642664 0.9868979
-0.007526488 0.7014049
-0.09055451 0.5549357
2.291154 0.7698049
0.6496757 1.92397
1.109287 0.1624449
2.457781 0.007364785
1.486241 -0.03849001
0.8223584 -0.825503
2.462115 0.4788227
1.436563 0.06470576
-0.4694036 0.9936717
1.926882 -0.1707881
1.201478 0.8787162
1.470166 0.7884586
1.336246 2.205128
0.9254587 0.3604295
0.4059507 1.440707
3.111102 2.066695
2.44135 0.01829674
1.23978 1.903804
0.4403501 0.2005827
-0.350043 1.01474
0.166823 1.154681
0.9193364 1.483486
1.167256 2.668238
1.330531 1.385866
0.4153602 1.121442
1.510236 0.3823757
2.01864 0.2952434
0.2154358 -0.5567967
-0.9882046 1.682349
1.314635 4.479347
0.5064482 0.1123897
0.1245695 1.381746
0.6176293 0.2623593
0.2304926 0.3710064
0.9979433 -0.3819688
0.7449054 1.034225
1.07168 1.604272
-1.724114 1.395072
1.208103 2.320616
0.3189668 2.691301
0.6538368 0.7550406
2.245858 0.23902
0.3121344 1.886573
0.09254609 -0.06338501
1.461631 -0.2252001
0.7862062 0.7119456
1.236663 1.036817
0.6834219 2.044833
1.106989 1.479984
0.6171597 1.367569
0.7229525 0.938746
-0.397391 1.743033
0.8407607 1.94316
1.140191 0.6309449
1.884586 0.9419153
0.6690634 0.7888625
2.236957 0.7907439
0.6109504 1.04906
1.613359 1.632707
0.490287 0.439759
0.2784676 2.273916
0.8605759 0.295109
0.5094363 0.8342718
2.866896 1.937453
0.5502079 2.276939
-0.2188776 1.10633
0.05012621 1.760365
-0.3966775 -0.6497985
1.389497 1.328928
