0.813928 0.6159264
0.6922319 0.5424999
0.5990232 0.3366879
0.2540047 -1.259509
0.1295017 1.844268
-0.8957088 1.376384
1.214175 1.385173
1.635301 0.3728595
-0.2969017 1.50497
0.9286662 2.138583
0.06320184 1.546765
1.398431 -0.9713698
1.22662 -0.1298799
2.178401 0.7937538
2.116749 0.8214047
3.689102 0.5889363
0.7188047 1.234631
-0.2680792 0.7185352
-0.2620029 -0.1904285
-0.189556 1.410172
1.859122 1.060228
0.8291318 1.881823
0.7372306 1.393867
1.117134 -0.2346318
0.8105007 1.181472
0.6187207 0.6904715
-0.3046722 2.257252
2.563117 2.653197
2.261537 0.6038844
2.153812 2.026353
0.4564514 0.2957748
2.072267 1.869394
1.324226 -0.7747901
1.28788 0.2498102
0.441979 1.487961
0.5588478 1.123328
0.6987406 -1.385746
0.5579393 1.997007
1.280551 0.7835924
1.91727 2.049228
2.158825 -0.6350988
0.9418437 0.9328472
2.556702 0.3526092
1.529041 -0.0172207
1.196961 1.01168
-0.2649217 -1.087607
0.5308907 0.64028
0.7660716 -0.4129775
1.37469 1.084486
0.9023782 0.7406442
-0.08007701 2.563903
1.424239 0.5245114
-0.5426736 1.546228
-0.3791607 0.3328436
0.2600742 1.337712
0.6753282 0.7821987
0.3221708 1.391217
3.295062 -0.4221941
0.9733561 0.6580627
1.451362 0.899206
1.686633 1.152259
0.3840381 0.6253923
1.049441 2.127475
1.956964 0.49089
1.49098 1.937592
0.02650645 1.710884
2.310891 -0.9783676
1.172515 0.01369854
3.51586 3.380201
0.7554971 4.621923
1.802685 0.1977418
-0.6312637 0.9991061
0.6627691 0.7698592
1.393505 1.208849
1.075058 1.282739
1.383381 0.4950114
2.820131 -0.6677064
1.409482 -0.9776553
1.04202 1.068784
0.835894 1.119771
0.4051086 0.7867155
2.470483 1.130525
0.6327957 1.027809
0.5137791 1.70381
0.120433 -0.2314511
1.471842 -0.2384822
1.936505 0.7350782
1.489872 -0.07158013
-2.683711 2.036605
1.675403 1.642913
0.2706319 0.5390402
1.193994 2.344595
1.842323 -0.3803111
-0.6022036 1.383034
0.2176353 0.4871846
2.532152 0.6015874
1.506812 0.7812256
2.505313 -0.4448871
0.1326219 0.9066201
0.5926701 0.9402036
