-0.1361717 2.161492
-0.4457408 1.827973
-0.09705938 0.4915401
0.6638055 0.314683
0.8947277 0.7052514
0.1043658 0.06020991
-0.06949533 1.134616
0.8598534 0.8914317
-0.05035347 1.08558
-0.2063329 1.434956
3.018959 0.8313768
1.176677 0.7062298
1.695612 -0.2365258
0.2600749 1.802771
0.07039919 0.6119977
0.1921727 2.073719
0.7266371 1.293826
-0.3642546 1.069051
0.6085436 1.51615
1.209463 0.550447
0.9824263 1.931087
1.195042 1.439603
0.1629031 0.604286
2.182065 2.281422
0.4071117 -0.4700568
1.296067 1.459162
0.6378141 0.4203513
0.9605675 1.001768
-0.1208067 -0.765854
0.5845237 -0.0003294911
1.414139 0.5916991
1.495551 0.6298581
1.80927 2.379451
1.417336 1.390399
2.394085 0.06673161
0.5470688 0.6628657
-1.052008 1.129098
0.5409557 0.9316589
1.615791 1.79495
0.002042844 0.7798727
1.112998 1.008427
1.055338 0.8389117
1.196889 2.137056
0.3219457 1.350201
1.429635 0.511083
0.3318703 2.141611
1.360354 0.9613913
0.9934542 1.33747
1.228386 0.09451691
0.6109316 -0.1206381
0.3734097 1.562226
-0.2674457 1.448299
1.534068 2.99365
-0.1368069 1.819162
0.630379 0.3547771
1.589119 2.800067
2.605749 0.9009593
2.266757 1.448826
0.5316306 1.053193
0.8539256 -0.2456914
2.347417 -0.6476794
1.665246 2.116007
0.4390746 0.7584978
1.879744 1.067001
1.952342 1.651399
2.055313 -0.5244023
1.838673 1.673031
-0.172693 -1.021596
0.6991689 0.6885643
-0.2978001 -0.4670192
0.1568419 1.117158
1.438545 1.8822
1.778908 1.235071
1.423507 0.8859531
2.865586 0.4107551
0.6148534 1.684993
1.317865 -0.09920929
1.944472 0.8875138
0.6655306 -0.06620874
0.457557 3.275866
0.227009 -0.3456678
1.973472 1.491532
0.5423738 0.3463069
0.1318461 -0.9908089
0.9524644 1.510191
1.238606 1.29736
2.047928 2.221365
1.071852 0.2102248
0.1966827 0.2150036
1.57513 -0.1691732
-1.224237 1.198789
1.469667 1.996857
0.5384712 2.468854
1.448727 1.918135
0.1448766 2.369885
0.1080106 0.6575417
1.655755 0.8893451
0.2466478 -0.2190672
1.366151 1.132142
0.01517556 1.237444
