-0.3211785 2.320153
0.5099943 1.685671
0.674706 2.212648
0.8234068 -0.08756083
1.771966 1.037024
1.766846 1.409676
0.429906 1.862701
0.8164645 0.6634099
-0.4529841 2.079088
-0.8205019 0.7121179
0.09102495 0.8661312
1.834257 1.407801
0.3266752 2.613417
0.1722921 0.6994797
0.1565765 1.405912
0.1892428 1.621274
0.4656947 1.707384
2.423868 -0.5651737
1.003259 0.9450323
2.107142 1.740802
-0.6176696 1.114724
0.9456613 0.7163728
0.4033851 1.150219
1.278207 1.482323
1.457418 2.040756
1.334254 0.7382481
-0.7225431 0.9751886
-0.3915501 1.39801
1.01527 2.888825
0.1513337 0.8955969
0.9889444 -0.2502397
0.4803624 0.6337467
1.952429 0.9520891
1.708196 1.733588
1.405285 2.011135
1.964574 0.2856596
0.3858159 1.210011
2.06046 2.785918
2.256945 0.4977076
0.833195 0.4931711
0.9245489 1.869173
1.658664 1.068246
0.6079173 1.07426
1.515091 -0.4578846
0.8705067 1.848527
1.407533 2.343181
0.9412394 1.113927
1.127239 1.453446
1.198056 0.2971746
2.141406 0.1802969
1.404833 1.185488
0.9383374 2.098211
2.021699 -0.3460618
-0.8729783 2.413331
1.859458 0.4815434
1.409562 1.948477
1.480141 0.38976
0.5320501 1.815986
-0.2218046 2.388945
0.4847919 0.9510125
1.069346 0.6562971
1.271042 -0.2198354
1.841337 0.7024636
1.139692 1.911157
2.242265 -0.309967
1.080543 1.270576
0.8420236 1.387434
0.1366193 1.051136
0.9573339 0.5655827
0.4213127 -0.8043153
-0.3347506 -0.01493418
-0.5107772 0.2915784
-0.8927454 0.6861365
-0.3238234 1.273179
1.706067 0.7113578
1.962986 1.109879
2.283409 1.368522
-1.124233 0.7856691
1.145714 0.1901435
3.153039 1.654441
-0.3886639 0.6599996
0.6218531 0.1800923
1.056904 0.3858416
1.651387 -0.1934278
-0.8597052 2.087387
1.563813 1.659342
0.3662047 0.03926962
1.573279 1.010192
1.305838 1.896767
0.5146963 1.308366
1.333032 1.913656
0.5195415 -1.808825
0.321917 1.334923
0.5226385 2.045534
0.6100317 1.096053
1.180385 0.6692822
1.773865 1.47314
3.341753 1.361427
-0.1664778 1.784313
1.031434 1.74161
