0.8557088 2.004952
0.4163406 2.098523
1.360487 1.29485
0.08744341 1.222689
0.4720451 3.529598
-0.2566033 1.717361
1.404804 1.331719
-0.7962217 2.457941
1.957825 2.295593
0.7675883 1.074473
2.728638 2.376781
1.615278 0.5012882
2.308718 1.653144
1.58635 1.011162
1.175017 2.6226
1.814655 -0.3517749
-0.06707287 1.036889
-0.8528765 -0.4729637
-0.550048 -0.3633577
1.319173 -0.1543969
0.4051594 1.248848
-0.0160261 0.6423106
0.393511 2.283574
0.1765788 1.192027
1.317087 1.072461
0.5587871 0.7213193
0.5183542 0.3089704
-1.702915 1.413457
1.837574 0.4438503
0.02767674 1.804166
1.748107 1.821921
0.5756372 1.087749
1.785988 -0.4128284
-1.168864 0.9899272
1.172299 -0.5423462
-0.0676086 1.332081
1.095688 1.346086
-0.2998502 0.6348883
0.9106683 -0.247786
1.905436 1.755381
0.243621 0.9804117
0.7195407 1.554654
1.156272 1.419215
2.995992 2.346413
1.924385 -1.556138
1.691689 0.5374762
2.037049 1.712447
-0.6348924 -0.1624818
0.7450937 0.6913839
0.1048218 0.8978443
1.136222 1.117728
0.9871343 1.283107
0.7627217 1.392689
-1.008703 0.07028419
0.2053389 1.18467
0.4134943 2.335752
-0.8010703 1.691922
1.630986 0.8928062
1.043714 1.309767
1.116079 0.6852042
1.024006 -0.1310835
0.1511658 -0.1582804
1.82668 2.370499
1.065715 2.301338
-0.2656479 2.886024
2.119585 1.443846
1.90527 0.3583409
0.2574133 1.395377
0.6818092 0.8705923
-0.3269191 1.687034
2.024653 1.605646
-0.2537408 1.118045
2.008365 3.263198
0.8652625 0.5777834
0.5489048 1.540775
1.801838 4.082587
0.8398299 1.636022
0.5770797 0.2693907
1.121871 0.6970806
1.31951 0.9212139
2.740713 1.774869
1.494999 -0.3278438
0.1591476 0.7841901
0.6074747 2.614535
1.103093 1.086676
0.6639718 0.9483813
0.9543932 1.749857
1.420835 3.234214
2.571001 1.567518
1.420023 2.181529
0.9333571 0.8713583
1.524746 0.3967155
2.215449 1.351731
-0.3264761 0.9642916
1.113149 0.5559908
3.274729 2.1157
0.956 1.934688
2.085541 2.085495
1.127054 0.7654652
-0.7697042 1.465327
