-0.4740133 1.706738
1.100896 0.7996253
1.777257 1.21846
1.611309 -0.02202824
2.184818 2.687924
1.349923 0.1255616
0.5332545 -1.01326
1.830503 1.268543
-0.8764182 0.9163187
0.2595958 -1.076349
1.592828 1.547486
1.25996 -1.298252
-0.1244542 0.06185005
0.1551314 0.6009246
1.371662 0.5855395
-0.257556 -0.663345
-0.07128172 0.3270706
2.651895 -0.3471583
1.112758 1.321466
2.329376 -1.045924
0.4758364 1.439037
1.164998 1.312874
0.7498672 1.842709
0.9027829 0.175028
3.063561 0.4348533
1.778672 0.4676578
1.096153 0.5117633
-0.2160177 -0.06686137
0.270255 1.958263
0.8003472 0.577216
0.3162385 0.6653407
-0.02837121 0.02789993
1.631582 2.29491
2.417611 1.981639
1.025065 1.994437
2.538087 0.8837239
-0.540478 1.372054
2.836102 0.5223737
1.559652 1.2849
0.930983 0.1869742
0.8335285 1.283859
1.831526 0.5507389
2.358094 1.357713
-0.1924262 1.604596
-0.4388129 -0.3150671
0.9265114 0.1158418
-0.05136946 1.359713
0.9284728 -1.040943
1.307122 0.7288159
0.1437192 0.3686408
1.617412 1.071279
1.766342 0.8131008
1.715012 -0.09513231
-2.187821 0.8927952
2.526238 -0.4645345
0.6003703 1.359511
1.287098 0.2799526
-0.4263263 -0.6647942
0.5049948 1.417406
0.4021144 1.554932
2.05106 0.7686668
0.9245953 1.429384
-0.8976174 1.747958
0.08826972 -1.142194
0.7417686 0.8139415
-0.8904359 0.4110008
0.4258115 1.384442
1.639354 -0.4951433
0.5333712 0.4584387
0.7027823 -0.6323865
1.434252 0.7226537
3.265907 0.780275
2.35043 0.977811
1.597903 0.01300628
1.627732 0.30188
1.425786 -0.1072097
2.427872 1.029471
0.7637429 1.455555
1.627366 2.314638
1.143181 1.858419
1.345523 -0.4972073
0.8539975 0.5103571
1.149906 0.9996096
1.80214 1.188109
0.7658532 0.7325585
0.6780322 -1.297029
0.6548972 -0.05247533
1.910492 1.662394
-0.02124906 0.9600502
0.9464235 -0.2172609
0.9934632 0.9873201
1.207902 -0.1535388
0.753507 0.2775803
1.62551 1.214016
2.419025 -0.1474733
1.666616 2.201777
1.494728 0.3845992
0.06545271 1.289426
3.044906 1.741087
0.4413558 -0.5079075
