-0.3716229 1.450744
0.440247 1.169299
0.2472408 -0.4137787
1.359223 -0.2151635
2.282855 0.9206015
1.990299 0.1154236
-0.2129768 1.862813
2.161239 0.08239138
0.2151483 0.8060479
0.8705167 1.180076
-0.1684459 1.434832
0.09538953 -0.4031944
0.6672026 -0.2260592
1.975298 1.324462
-0.3835644 1.273066
1.367042 0.4338057
0.9470187 1.647432
-0.2302696 0.2370318
1.060756 -0.1930616
0.1099985 -0.9606334
-0.5834578 -0.1125108
3.102951 0.9622215
0.8098544 1.999304
0.7979102 1.265274
1.601628 1.078144
1.699726 0.5349063
1.438193 -0.5532244
2.515395 1.853588
0.6985957 3.346733
1.102278 -0.1587644
2.521255 2.292928
2.161832 -0.5087549
1.397384 -0.3594283
3.526488 0.5644371
-0.4779924 1.315853
0.1966533 0.1453652
1.13142 2.134244
0.9484677 0.5256881
0.7263985 0.8380716
0.9215172 0.7041497
2.130113 -1.112365
1.28924 2.168534
0.6749651 1.224284
1.049893 -1.659928
1.599909 -1.678581
0.6058434 1.476361
1.701227 0.5677069
-1.035663 1.944087
0.4652708 1.094228
-0.1373135 2.005903
0.8401837 -0.09049996
-0.6681204 0.3772137
1.461113 -1.310854
-0.1557474 0.8712906
1.209534 1.232748
-2.15675 0.2161914
0.1938036 0.8898496
0.5137954 -0.0908939
1.020399 0.9581024
2.969909 -0.3463636
0.4745569 0.4038167
1.880514 1.100996
-0.6031949 1.68382
2.015245 1.219134
-0.3063697 -0.6140936
0.1574895 -0.1503203
-0.5019187 1.219738
0.8207005 0.5056561
-0.3730548 -0.98543
1.752649 -1.335119
1.923782 0.2822043
1.77106 2.188461
2.932761 -0.04126373
2.582945 2.488334
1.415044 0.4598582
0.9461312 -0.8292605
0.3735155 -0.9607364
-0.2945288 0.3314212
1.27852 1.39033
0.7414869 -0.45949
2.072683 0.4920535
-0.2989341 0.92012
2.352612 2.790476
1.501276 0.2384211
-0.1410632 2.103879
1.285066 1.399745
2.089172 -0.3492473
0.8780189 1.31238
2.571893 0.7949498
1.634507 0.8769066
0.2324439 1.099998
-0.8548299 1.267272
2.74439 2.828781
0.7455758 -1.58919
1.440132 -1.020014
1.146063 2.724919
1.865962 -0.004146597
0.1273559 -0.9926944
-0.4436226 0.8814785
0.1011896 -0.7387929
