2.125159 2.554536
1.781495 0.168641
0.8475941 1.571609
-1.226375 0.227842
2.211193 -0.4157947
1.018494 1.813654
2.026371 0.8597334
1.068314 -0.426378
1.607832 -1.782643
0.8998811 1.013778
3.347694 1.687618
1.092265 2.419158
2.130526 1.479289
2.053476 0.9969316
0.9483874 0.8649256
1.52914 3.071859
1.125345 2.038377
2.215999 2.817936
0.8365079 1.039803
1.261023 0.3733212
3.639824 1.610641
2.37496 0.6325912
-0.5517063 1.186674
0.6372397 0.7892169
2.079064 1.828107
0.8418334 -0.1411784
0.9980206 1.885423
2.136404 0.4968063
1.023958 1.847097
0.9129259 0.9041074
-0.2250281 0.3726879
1.284186 0.5022205
1.122921 2.176038
0.6488539 1.36286
0.3991856 0.9535379
1.499171 0.0682702
0.4528013 0.3179345
3.048618 2.179274
1.392085 1.262547
-0.686921 1.512578
2.202686 1.051446
1.864991 0.331742
1.190151 1.601014
1.754337 0.8073387
0.7429901 2.254205
1.16965 1.353892
0.4022404 1.389086
0.488008 0.7610611
0.2744775 2.00222
0.1829964 -0.6679825
-0.2237925 0.1927185
2.051267 -0.9601221
-1.015581 3.742889
2.534211 1.493082
-0.4794311 2.243373
0.6598325 0.5597895
1.749987 1.529741
-0.6400427 1.287321
1.972109 0.2272027
1.247376 0.6142207
2.519386 -0.8453421
1.970245 -0.3737396
-0.4272444 0.4169147
0.3633815 2.541216
0.9590941 0.5729976
0.09666526 0.680636
0.8939582 0.611286
-0.1995569 1.544599
1.045939 0.1864333
1.759685 2.739271
-0.2869253 0.8051288
0.8338468 1.332595
0.9330367 -0.07573518
2.783691 2.699127
0.3478461 1.386018
-0.4324817 1.022238
-0.353419 -0.3645667
1.819258 0.0113438
1.013405 2.275623
1.228005 0.7253396
0.4525278 -0.7489412
1.442596 1.336817
0.3968655 1.476325
1.369225 0.4794857
1.576501 -1.487162
2.747237 0.6738207
1.420747 0.7329301
1.147971 2.737819
1.298166 1.625652
0.6852281 2.735932
0.7600264 1.105514
3.49806 2.433286
-0.3099528 2.550934
0.9454224 -1.560346
1.66488 1.446594
0.9673809 1.626298
1.215869 0.289919
1.231873 0.2111383
-0.7440382 -0.4661318
-0.4682547 1.977832
