1.991049 1.237347
0.6011291 2.051112
1.39084 0.6634855
2.053535 -0.1160109
1.89096 1.467583
1.241196 -0.4168663
-0.2470595 1.844834
0.3159077 2.17169
-0.6138981 0.6440704
1.606118 1.621912
0.5523893 0.5159219
2.501512 -0.07940346
3.045264 -0.6195809
-0.2794774 0.5730293
0.8848089 -0.571897
1.207238 -0.1106926
2.743352 1.403165
1.003668 0.693221
1.798196 2.137456
0.3320232 2.596515
0.06086207 2.117248
0.9951459 0.8446227
1.319362 0.1752264
1.345056 1.55619
2.445627 2.028109
2.178291 2.993415
0.8910803 0.0785067
1.514787 0.5700384
1.536997 0.6527856
1.040909 1.904539
0.7043537 1.303976
0.5281978 2.272696
1.344979 0.7269219
0.0484312 0.04864545
0.183909 3.432374
1.587645 1.279541
0.2059045 0.9879305
0.7440843 0.5976459
2.246749 -0.2379321
0.36941 1.886139
2.020065 0.1965251
2.108242 0.8330628
1.818651 2.264598
0.2496622 2.531858
2.325339 0.08347433
0.9624862 2.554183
-0.3480146 0.9719496
1.750931 1.02535
2.333774 0.7217584
0.9432839 0.5183549
1.561779 1.517405
0.9408974 0.6660271
2.444694 1.125117
1.730424 -0.6694317
0.7872409 -1.54092
0.993333 1.500364
1.07871 0.3716105
-0.1621887 1.947895
0.70359 0.9457955
0.313314 2.007533
1.939855 2.553419
1.871598 0.7376183
0.647662 0.6300588
2.019903 0.5299434
1.090228 0.6791575
1.231791 1.680829
0.341867 -0.4955852
1.704739 0.9628405
0.6305497 1.097784
-0.186552 1.700767
0.8542489 1.751263
1.097367 1.749101
0.8357962 0.8562149
0.08525683 -0.8104616
1.873501 2.573799
-0.699419 0.4716913
0.692731 0.7325884
2.017039 -0.1707695
-0.2075076 0.8079779
3.0483 1.689067
-0.8243128 2.423004
0.5393582 0.1726118
3.222868 1.652332
1.253476 1.595052
1.0332 0.8870319
-0.8304125 0.2534174
2.097276 3.321743
2.172667 1.582101
3.174684 1.568666
0.7522118 2.95128
1.870732 0.07179913
2.033392 0.4954572
1.4645 0.1293152
-0.007504159 -0.3851681
2.048712 1.610295
0.6799429 1.795933
-0.5527399 0.6681139
1.703146 0.2732937
1.258455 1.098008
2.237815 1.334151
