2.099203 1.028465
1.36281 0.06502173
0.384774 1.026843
-1.83961 0.4733124
-0.2880832 2.17916
1.868514 0.6977835
1.330512 1.222256
-0.2763927 0.4172782
0.9217955 0.6275594
0.129491 0.965536
-0.0315701 -0.5818348
3.028057 0.4562952
0.2497496 0.410896
0.7593837 1.541088
1.828718 1.554164
0.3973523 1.472719
-0.03375644 1.333445
0.8491149 2.43196
0.7616862 3.339429
1.561199 -0.5215466
0.5466979 1.986015
0.8257998 0.2745009
1.257713 0.4994441
1.550468 -0.3952348
2.17632 0.9552494
1.109109 0.2828435
-0.1366857 0.2048159
1.522574 2.013422
1.160597 2.479935
0.493808 1.760615
1.666197 2.525919
0.715715 0.1364359
1.195317 0.2626572
1.325506 0.7279578
1.297843 1.774447
1.126234 1.338722
0.2412859 0.3138921
1.183261 2.695057
1.18361 1.006236
1.791542 2.994044
2.509216 2.299953
1.537379 1.076932
0.1226802 1.141363
0.6327459 0.4207922
1.032706 0.7300181
0.3863607 1.735532
0.9669831 0.4071237
1.016635 -0.628902
-0.1385875 0.2476706
0.9882294 0.3606722
1.787207 1.804966
-0.2394675 0.6844589
2.5115 2.025147
2.45994 1.429829
2.190997 2.636422
1.247273 0.4872751
1.525065 0.6496336
4.437045 2.122177
1.29207 0.9318098
1.944751 -0.1839825
0.1406295 2.436963
1.136682 0.03844658
3.151023 1.781344
1.501139 0.9311127
2.049319 -0.01690714
0.4988985 0.4780823
0.7043393 1.123487
2.59112 -0.3141485
1.23378 1.25663
1.012241 0.7060266
0.9937881 -0.01622678
0.2910752 0.4281001
-0.06612359 0.8470459
0.4155772 0.2434663
-0.2314096 1.557732
1.190225 -0.08723607
1.339423 0.9932159
1.58125 1.152752
0.9395269 0.8866056
1.116163 -0.2233798
-0.4538739 0.0562511
1.47689 1.514621
0.4081114 1.813321
2.112507 1.386959
0.4026488 -1.689621
-0.3751157 1.935651
2.234454 1.971956
0.6523841 0.6889075
0.2042604 1.248927
1.11373 0.1716237
-0.6588965 0.7618628
2.047868 2.838494
0.1967776 1.26281
-0.3681451 0.870568
2.533789 -0.6445175
0.3414279 2.066929
1.596142 1.503645
1.177178 0.3136589
1.917109 1.940688
1.011004 0.6668101
