1.48867 2.047231
1.583157 1.398577
-0.4337823 0.6034462
1.270464 0.6631993
-0.8327652 1.639611
1.770848 1.86426
0.6248283 0.7578781
-0.61837 0.7732302
0.3382892 1.567064
-0.2044076 0.4558949
-0.2039339 1.200478
0.1422219 0.602917
0.2440887 0.8781888
1.756792 0.7674167
0.499918 0.6342597
1.176771 2.14004
-0.2218002 1.918952
0.05256128 -1.350311
2.923414 -0.06762779
2.954253 0.8600364
0.6688251 1.548211
1.541842 1.602238
0.3226651 1.570467
1.406065 1.764391
0.9260135 0.2331706
1.631272 1.228044
1.410922 1.766138
1.364313 2.018587
1.762439 0.5326422
1.01694 -0.05969476
-0.3132117 1.600253
-0.04031246 2.6242
1.245667 0.1527277
0.9560471 0.007191026
-0.5693694 0.1886241
-0.1247406 1.650017
-1.523144 1.120493
2.612461 0.4751737
2.187342 -1.617519
1.415897 0.9685552
0.501491 0.1298335
-0.6698739 0.3276843
1.165284 1.261331
1.306275 -0.3079419
-1.294823 1.192815
0.2362392 1.473596
1.653087 2.104796
0.03292384 0.1972953
-1.25623 1.510015
1.165059 2.496851
1.77819 0.5380516
1.653992 0.05325787
1.201346 1.721533
1.487231 0.951761
0.3458187 0.9658533
1.167938 2.283854
0.9198012 1.149092
0.2516502 -0.07909707
-0.02629593 -0.6900236
1.839214 -0.3039443
0.3111057 2.764323
-0.4805669 -0.3625423
0.9512739 2.369559
1.008358 0.9402219
0.3434911 2.712084
0.6120295 2.721955
0.7121859 0.7056109
1.537219 0.8130146
0.8623627 2.148969
0.1051064 4.189824
0.6197235 0.8344789
-0.1348351 0.4117398
-0.9257899 0.2582091
1.055074 2.232054
-0.09378037 -0.1050687
0.5666335 0.5737096
0.9896672 0.7416278
2.224636 0.795616
2.040962 -0.451591
-0.6054381 2.169597
0.8097777 0.4100614
2.732657 1.343377
0.09384837 -0.02229243
2.359913 2.333323
0.8204884 0.7757424
-0.1952261 0.9888915
2.700541 0.4648693
1.66971 0.6935108
-0.08756466 -0.1790057
3.392582 0.1871536
0.06932922 1.639235
1.376128 2.143582
1.379477 0.3706789
0.6060718 0.7054445
1.069341 1.018155
1.211132 0.1864928
-0.5442283 0.3421294
1.508542 1.592869
1.022449 0.9684921
0.1133252 3.297431
