0.894723 0.6919256
0.3292808 -0.6395314
0.3277959 0.1527465
0.2813468 1.460221
0.9020379 1.280925
0.1737737 1.381465
1.519825 0.2967667
2.561172 2.384351
3.265952 2.047461
2.20144 -0.8737504
1.258937 1.232626
1.913296 0.3738919
2.020217 1.710431
1.225889 -1.252757
2.785191 -0.9812286
0.977953 1.384392
1.13404 2.469949
0.6497424 1.05007
1.22196 -0.1193262
0.3403783 0.2270831
-0.4651045 1.044507
0.8281853 0.7000215
1.459136 1.074112
1.762029 1.24179
0.4284128 0.8030201
-0.5412638 0.3725552
1.386323 -0.439681
1.355119 1.319038
1.496351 0.6553023
0.8780373 0.5830868
-0.7652683 1.000508
-0.6248568 -0.9435744
0.4746147 1.20984
-0.5705067 0.8359205
1.689549 -0.08336416
0.1066338 2.653911
0.5182933 0.2575721
2.556203 -0.5329343
0.8504441 -0.3526483
0.6697004 1.201855
-0.3952425 1.435789
3.101651 1.106205
1.667987 0.9480562
2.177961 1.320456
2.388637 -0.1847952
0.4387243 1.541032
0.9473546 1.084043
1.905319 -0.3741304
1.246366 0.5801044
2.504127 1.613708
0.9617138 1.314179
1.958828 0.3333423
0.6087949 1.905566
0.7249821 0.9339326
0.4734042 1.657614
-0.3064885 0.03825111
-0.7194719 0.8515085
2.35259 2.548925
0.217573 1.561262
0.7622904 0.06356789
0.6954294 -1.683091
0.2609043 0.7648735
0.691945 0.7289471
0.6995662 2.748558
2.23489 0.2500052
1.84375 2.73313
0.9312844 1.415722
1.045391 1.505342
-0.01004898 -0.3631773
0.09585131 1.635357
-0.6273592 1.877793
0.5785928 1.580792
2.432056 0.7407649
0.527101 1.205395
0.3995659 -0.2555562
1.655013 1.821276
2.901991 1.404953
0.577105 0.8078231
1.652098 2.193996
0.09220871 -1.180044
1.878966 1.145832
1.520313 0.5383494
1.111643 2.05331
2.56437 -0.05440147
0.9525091 0.9832368
2.033515 -0.6437784
0.2452488 2.299214
0.6699564 0.1318032
1.578969 -0.07415341
2.168428 0.6179564
0.9825863 1.011107
1.584061 0.9206476
0.9175923 0.8832837
2.355851 0.5776816
2.379905 -0.7901034
1.693075 -0.0637285
2.070109 0.2239798
1.840006 1.865465
2.319513 1.110076
2.541361 1.145157
