2.466756 -0.6168981
-0.2012208 0.2856482
0.8570925 1.468776
0.9050322 1.755601
0.6890213 1.567496
0.36085 2.302301
0.6302849 0.398876
1.937022 1.183225
-1.317609 0.09669434
2.094143 -0.1247194
1.872572 0.8865296
2.20505 2.89457
1.000732 0.184714
2.214851 3.237565
1.688316 1.473643
0.7467972 0.5421696
2.992036 1.126908
2.213226 0.6145023
0.2052811 1.602973
1.120647 0.5550903
0.4816639 0.9285011
1.942672 0.5916035
0.7162789 0.2528728
-0.5109747 0.07387747
0.5033287 1.149282
0.4841814 2.160313
0.67059 2.222084
0.6068498 1.203409
0.57725 2.644363
-0.4043472 -1.728826
0.2752149 2.095333
0.9795872 2.066609
0.7785736 1.017898
1.500862 1.682953
1.093281 0.4177737
0.384913 0.7367455
1.239485 2.045523
0.8105169 2.589731
0.5493252 1.124764
2.220902 0.6213368
2.837789 2.96962
0.2281355 3.101475
1.111614 0.1879636
2.231971 -1.35337
0.5207417 1.482458
1.926929 2.18122
2.287599 2.065347
0.8884722 0.0188583
1.335189 2.464796
1.755089 2.177585
1.858964 0.4748761
2.132409 0.005380479
1.595375 2.604744
-0.6086699 0.3223528
-0.445188 1.2903
1.487266 0.2203527
1.253213 0.5642458
1.092335 0.4563268
0.1966776 2.249137
1.119385 1.565449
1.447794 0.6928496
2.687506 2.464526
-0.09170891 0.8283847
-0.05738548 1.029613
0.5650706 -0.3003051
1.565367 -0.07901232
1.393985 1.253713
0.6522609 1.598695
1.715685 -0.03563281
1.128545 -0.1920515
1.218831 1.11963
0.3628348 -1.027234
0.4932888 0.8777931
1.238601 2.172012
1.365804 1.544078
0.1078287 -1.941588
2.193287 0.06793114
0.0159484 1.766349
3.088293 1.799554
1.317745 1.021461
1.311699 1.556355
0.9831692 1.445835
1.204206 2.086181
1.557866 -0.152488
0.4441041 0.6894838
0.6595548 -0.6980417
1.205171 1.126443
1.747236 0.4946253
2.03412 2.543491
1.381407 -0.1413161
2.871562 0.8827183
-0.4543413 2.416227
0.9103943 2.347267
0.5279675 1.576204
2.828328 -0.0469556
0.2683659 0.8386257
1.672788 3.166607
-0.4175884 2.30483
2.227826 1.363503
1.646669 1.517786
