0.1419822 0.5060933
-0.1418187 0.3781465
0.1467452 1.658566
0.07808537 0.7119248
1.061786 0.2454064
0.3599378 0.9017829
2.172882 -0.3477665
4.01492 0.9508566
0.722901 0.4452954
1.350727 0.6911001
0.5531867 1.016119
2.845093 0.2802595
1.714519 -1.416962
1.379994 0.5540248
1.503772 2.045005
1.748131 2.084479
1.51602 -0.6582716
-0.04269463 0.9941988
1.297645 0.4863941
1.343516 -0.9677324
1.946706 0.1846548
2.149765 0.8311793
1.751426 0.2759734
0.5809614 1.851534
2.614211 2.06394
-1.63265 -1.159084
0.5253785 1.135905
1.326742 1.493492
2.332692 0.7013367
1.790118 1.465977
1.806568 1.691292
2.027704 0.6922361
0.3074427 0.3639507
0.1909148 0.890275
0.7439646 1.871278
0.8425264 0.2404907
0.04461427 0.6026115
0.1761908 -0.4746838
1.818462 -0.3060329
2.235029 1.550546
-0.853407 0.9754731
-0.643586 -1.853517
0.8512159 0.5016219
0.565249 -1.094874
-0.3149978 -0.2187555
2.08888 -1.751136
1.434998 0.4340717
2.831014 -0.391561
1.946054 1.310957
2.684209 0.9006771
4.477467 1.472296
1.438208 2.584932
1.454212 1.566197
2.262794 0.635715
0.813364 2.502343
1.023233 0.03900806
1.615748 1.237701
2.232068 0.6696808
2.340052 -0.2103117
1.234327 -0.03048219
1.150747 0.2921423
0.6820186 1.091141
0.5691387 2.077948
-1.655877 0.6950716
0.2095976 2.020568
-0.3622421 1.140286
0.2470957 1.239015
0.5724876 0.8788779
0.1924999 0.5520569
-0.08618452 -0.8186168
0.4214852 -0.3087792
0.2658382 -0.5759247
1.184807 0.1244948
3.284997 0.2788425
2.366537 3.249549
0.8186305 1.527256
-0.3303389 0.4328839
-0.2126226 2.558772
0.39393 0.4649342
1.313756 1.125587
1.382968 0.5228682
1.139805 0.6742359
0.2144847 1.746997
0.5750991 1.694788
1.488264 0.5858489
1.146906 0.1106743
-0.4768818 1.082527
-0.0794295 1.711726
0.1519479 1.916197
0.5134201 0.8021631
0.4182718 1.829263
1.697637 0.7735291
1.656415 1.759434
1.275638 -0.01571748
1.268899 -0.3732279
1.807049 0.1080647
0.5251074 0.4017971
0.001194205 1.819545
0.9829143 1.27329
-0.06298502 1.938686
