1.112438 -0.1134144
0.4585972 0.3654349
1.772478 0.2691281
0.798026 2.73048
0.7472503 1.3356
2.124181 -0.7558383
2.260964 -0.3930728
0.7404836 1.093126
0.6040328 1.96871
0.2599096 1.600171
0.06891086 1.530216
2.402014 -0.5511259
0.9369368 0.3960455
1.136116 -0.3866052
-0.037587 1.556993
2.001667 -0.3829462
0.6588766 2.220808
1.187382 -0.6141245
0.830026 1.455225
0.02473192 1.966667
0.1119953 -0.1396735
2.024023 0.7619198
-0.1327644 -0.09066779
-1.200462 0.1492327
0.240432 -0.6225652
1.913716 0.494767
-0.922308 1.876841
2.878302 -0.5703023
-0.6883347 0.5224303
1.080824 1.645176
-0.132048 2.00091
0.8787587 2.098374
1.102884 -1.278894
0.6020752 -1.425767
0.7846509 1.640137
1.672571 1.014697
0.848669 2.235836
1.331182 1.417595
1.761206 0.3756502
1.910821 0.3063376
-0.8828941 0.2612545
2.054921 0.7854698
1.123593 0.126526
3.309098 0.5154381
0.05994241 1.323504
-1.044875 -0.4947959
1.281012 0.9562233
0.8246394 -1.208455
1.181093 0.8745511
1.8666 2.57034
0.7104682 -0.8890295
0.6129856 0.9479247
2.972167 1.72268
-0.4685516 0.1681197
0.2432645 2.071546
1.589567 -0.1185979
0.3980056 0.7884454
0.2130667 1.283777
-0.148056 1.742285
0.3904613 -0.1280973
-0.05836557 0.3601254
0.9892567 -0.7004253
-0.5611232 2.226779
-0.326549 1.552387
0.7360031 0.4695487
1.806271 -0.5681202
1.238184 -1.314984
2.959395 2.436367
-0.9618433 1.941531
2.672734 0.674756
0.3695346 1.105983
0.3648574 0.3523709
2.023377 1.50367
0.5926782 0.6350397
1.52389 0.8376562
2.240092 -0.6898211
1.203994 1.13994
0.04124747 0.8278701
1.99714 1.095201
0.7064713 1.966128
2.252036 1.324685
1.541192 1.286746
2.046987 0.3544924
0.4859033 1.078879
1.54492 2.818318
0.4880765 0.4869994
1.563493 1.922997
0.5228493 2.212152
1.372372 0.2393436
1.451896 -0.2652302
-0.973157 1.830652
2.154607 -0.1496377
1.221149 -0.2889239
1.021414 1.025372
1.076345 1.199301
0.7885346 1.867887
-0.531561 3.774784
1.687812 2.303334
1.187154 2.426145
1.371042 1.424401
