2.629611 -0.8611279
1.531059 1.891693
2.55723 1.755732
1.196693 0.2292436
0.7165899 2.527879
0.3179164 0.2775481
-0.6788635 1.070167
0.6758891 0.9329004
0.5986189 -0.5969893
0.01986042 1.576462
2.26039 -1.272573
1.575525 0.9382632
2.070732 -0.5740555
-0.05190793 -0.2366468
1.508555 1.516631
0.6600463 1.317253
0.5440504 2.406101
3.355112 0.6119803
1.973634 -0.02713653
-0.83504 -0.7132343
1.087178 1.73577
2.009047 2.094318
2.274635 0.8972906
0.1958454 3.383503
1.034732 2.243381
2.428109 1.770492
-0.2843863 -0.06291394
0.6992105 1.531673
-1.043669 1.658329
0.8259801 -0.2115779
1.016621 2.415524
0.5237755 1.368954
1.575872 1.307719
1.243173 1.629557
1.14508 -0.3664246
1.735384 2.162066
1.160464 0.624025
1.288839 0.1027174
0.3840042 1.291042
1.816289 -0.4810311
0.952231 -0.1580965
1.802098 0.1801198
0.3600532 1.365926
0.667006 1.442495
-0.4797499 1.511776
-0.3410765 1.014378
2.065932 1.539423
0.5109984 0.3607747
0.7198367 1.417437
2.091437 1.434404
1.489646 1.285892
0.5017434 -1.448038
-1.141966 1.611241
1.769986 0.8337918
-0.1671734 -1.276413
1.505378 -0.7364398
1.021763 1.415276
1.512215 0.8821851
-0.3116171 1.386968
0.939005 1.318912
0.7725066 1.141368
-0.04986595 0.9277757
1.301042 0.5026538
0.7965855 -0.7190322
-1.537563 0.8304433
1.288889 1.786551
0.281146 -1.490583
-0.6319087 0.5094761
2.615623 1.053902
1.885601 -0.09342953
1.233932 -0.3065725
1.276119 0.7398206
1.031952 1.16522
0.5784986 0.6616818
1.40398 0.6512066
-0.3602252 0.6465718
1.298133 -0.4006491
0.9037375 -0.09609779
0.3994236 0.9310786
1.881685 0.7650793
3.270441 1.315088
0.5086619 2.491362
0.9248932 0.720134
-0.1560529 1.042238
1.493567 0.3182707
1.846097 0.5451092
-0.4202507 -0.08916291
1.92156 2.024715
0.09922566 1.977771
1.600017 1.735897
0.7045526 0.06173645
1.234274 2.837181
0.1658125 1.618722
1.277943 1.12403
1.041825 -0.1085583
1.901424 0.8645693
1.848013 1.769964
1.577852 2.242206
1.138447 2.217138
1.773038 0.773444
