1.456364 1.547013
-0.2303594 1.303014
0.5173909 -0.1794786
2.114835 0.3241657
0.4809525 -0.5963312
0.5977064 2.021028
0.2601826 1.990588
0.6708091 2.795595
0.9976995 0.8458026
1.195308 0.4740705
2.588558 1.358716
2.1362 0.8101608
2.161467 1.191279
3.133927 0.1263814
-0.2553724 0.8750088
0.4406551 -0.3551502
-0.8917119 -0.05507869
0.0779285 0.599303
1.133076 -0.5725613
1.358166 1.668972
1.228825 0.5195914
0.5586663 -0.2598837
2.415709 2.479913
0.772943 1.669012
0.478485 0.9570894
1.995433 0.9854013
1.842679 0.9083521
-0.03102961 1.731521
1.428047 -0.3076873
1.290302 0.4117932
1.410347 0.7576397
0.361993 0.2379764
1.986281 0.9386869
0.9497741 0.03516081
3.343622 1.164139
1.808595 2.46041
1.587658 0.6577041
-0.115155 -0.09920296
1.371887 1.818684
0.1980487 0.8937034
2.056877 -0.01241358
1.186455 0.4756388
0.2820156 0.4202863
3.313945 1.518338
-0.2806169 3.104278
1.675035 1.035921
1.16297 1.11957
0.5307691 -0.03549072
1.501401 0.002647245
-0.09612885 1.513678
-0.09898548 1.017066
0.8279592 -0.2104388
0.02369272 2.002264
1.583144 0.8511797
1.817086 2.082323
0.5796508 -0.3500917
2.751751 1.134192
2.630261 2.230987
0.3215018 2.277022
1.13722 1.287433
0.8532355 -0.5046829
1.780571 -0.7400981
0.7250243 1.554642
-0.03836698 -0.9911737
0.06417754 1.218325
-0.3331501 0.09107747
0.9871805 -0.134781
0.5147867 0.2177854
0.9583768 1.157831
-0.09958788 -0.7674726
-1.057468 2.3632
0.5416581 -0.2117667
1.178458 -0.611298
-0.4489182 0.683555
1.535645 -0.09167491
0.9160436 1.608198
2.941252 0.4845953
3.739246 1.426927
0.1519484 -0.2937899
0.972618 0.9938714
0.3046535 0.138604
1.130428 0.3564301
0.8711834 -0.350869
1.647576 1.607431
1.07992 1.346653
0.2499678 1.293905
1.676425 2.014254
-0.3558079 2.206091
0.4017447 1.207284
0.4246808 -0.588376
1.022982 0.7354424
2.36495 2.00534
0.7235013 -0.2397914
1.733737 0.220605
0.8008437 1.190206
1.878049 -0.4893294
1.893911 1.558265
1.706624 0.665666
0.4348805 1.558647
0.9049673 -0.2440149
