1.817065 -1.065479
0.8948822 0.1333683
2.050424 -0.03915215
0.8451339 1.116207
-0.1213121 0.001805451
1.223541 1.079931
2.125776 1.446941
-0.8646648 1.079062
0.561133 0.1394458
1.637458 1.846423
1.467866 0.2661781
1.507905 1.699625
0.3780171 1.895996
0.5986484 1.341317
2.796628 2.658874
-0.7493798 1.786588
1.716204 1.309375
0.1457012 0.6201602
1.683731 1.13645
1.820121 1.462207
-0.604627 2.740934
1.269428 -0.3029938
0.1573174 0.9178099
2.271286 1.867856
1.018153 1.046984
0.962919 1.92682
1.086032 0.743066
2.529391 2.428657
2.427564 0.9960457
0.8704095 1.780947
-0.6731167 1.587893
-0.9734407 2.183974
3.201332 0.925454
-0.1101699 1.914028
0.4999178 0.457056
1.202423 1.685107
0.4028621 0.9421958
2.684181 1.534581
1.148793 0.4304225
3.020243 1.64821
1.487074 0.3291856
-0.2856475 -0.3334758
0.5934377 0.7066987
0.6192979 2.01261
0.04889033 2.546156
1.802665 0.4052982
0.1695568 1.795371
0.5495834 1.577059
0.4275795 1.387523
1.143422 1.481657
1.014232 -0.174179
0.7173522 1.389796
1.904759 1.959896
2.151055 0.5137911
0.5334927 1.150076
-0.4404485 -0.5287059
0.547884 0.7764927
1.099879 0.8172763
0.7678628 -0.7539994
1.242564 1.274978
1.05726 1.487728
1.038576 1.393398
0.8678023 3.150426
0.9043852 1.71769
1.027057 0.6367077
-0.9287564 0.02476164
0.2606799 -1.769108
1.451677 0.4934746
1.905085 0.1514383
-0.3090241 1.777642
0.9656214 -0.52553
3.696904 3.836607
0.1018271 1.333426
0.05597349 0.6600392
1.526228 0.07236917
2.093673 1.614753
1.743823 1.748249
0.1723558 0.5877493
1.973821 -0.7283456
2.20078 -0.2099535
1.670004 1.084039
1.228418 1.9765
1.580133 1.501243
-0.4357988 -1.098679
0.06446948 1.606524
1.893429 2.297452
0.3478013 1.498988
1.749654 0.8521157
1.117781 2.872702
0.8010339 3.130658
1.315098 1.024856
0.7636732 1.694709
0.09687097 1.159116
1.949796 1.28741
-0.6016191 0.6112184
1.439153 1.590531
1.771482 1.370543
-0.7358083 -0.1512481
-0.5185233 0.4409847
2.560331 0.5030506
