-0.2175304 0.8499121
0.5186368 0.4799462
-1.07249 0.3183729
1.151752 0.3305871
1.659684 1.01174
1.112506 0.3401847
1.54256 0.6600256
0.4566498 0.3390795
2.490347 -0.04157662
2.07321 1.602489
2.644453 2.998647
-0.365424 3.075713
1.767266 1.785244
0.4771757 -0.4049042
1.048182 0.7369019
0.7706732 1.400214
-0.991988 0.5445132
-0.5138866 2.654294
2.470457 2.693782
1.226139 -0.2817893
0.6753897 0.2348238
-1.488637 0.09869029
0.5457393 1.120559
1.389081 2.169486
0.9922126 0.7532613
0.740941 2.43766
0.2080945 0.02822698
0.3163475 -0.5893622
-0.4216886 1.555359
0.3817018 2.014649
-0.1021032 0.5981686
-1.360459 0.9504899
-0.1184591 2.071066
1.631354 2.345743
0.6715223 1.647161
-0.1495088 1.273993
0.3246565 0.7923125
-0.04869109 0.6778633
0.909734 1.244504
0.4174944 2.549457
0.1228416 2.079233
1.445935 2.112588
-0.3612803 0.5641778
1.309095 2.019372
1.340246 -0.311315
1.582599 1.126824
1.019436 2.060083
1.554988 1.155789
0.7341607 -0.8089389
1.86227 0.8071343
1.334369 1.158212
1.463317 -0.6442686
2.935089 1.936425
-0.1299653 1.579937
1.400254 1.449325
1.695107 0.7356334
1.660514 0.7967598
2.980528 0.2937249
0.8810326 1.944193
0.5567149 -0.5473384
1.636964 2.289958
1.368929 2.299792
0.5834894 1.04256
1.175035 0.08645905
1.005685 -0.3175096
0.2570879 1.02843
-0.07374271 0.7471695
0.9704761 1.976941
1.450848 1.817544
1.495083 0.8661823
-1.145688 1.458443
1.83986 0.8965527
-1.44437 0.2342336
-0.4536984 1.350519
-0.1285434 1.452223
-0.3982335 3.221336
0.1210973 0.297166
1.613535 0.3136401
0.959212 1.399485
0.8698743 0.09213299
2.893372 1.880729
0.5907296 1.513041
1.434443 2.279553
0.5195133 2.39729
-0.2088489 3.056657
1.71046 1.536582
1.401636 0.6721911
3.033681 0.5552266
1.353268 1.25324
1.420973 0.8025121
-0.7926354 0.7428563
0.3968676 1.962369
1.429444 -0.4026726
1.909547 2.749895
-0.3016081 0.2621065
1.016862 0.9868628
1.511392 1.470808
1.256441 0.8823087
1.46704 1.379116
1.9927 2.021685
