-0.216619 -1.183483
0.2361891 -0.6539407
1.149832 0.6133159
-0.01811211 -0.8747331
-1.843328 0.03626506
0.2437317 1.140933
0.9207295 0.8620757
1.421651 1.566149
-0.2657533 1.148686
-0.1618006 0.4934022
1.248184 0.1941375
0.8003239 0.4610328
2.364693 1.007076
1.226086 1.632592
0.270502 1.490909
-0.6263514 1.043741
2.307233 0.7466852
2.006454 1.269984
-0.8094367 0.6984791
0.6131603 0.3709628
0.9186616 2.289043
0.9272683 0.2046804
0.6492066 0.157348
1.644169 1.878318
-0.4359156 0.7531803
1.3167 0.4730488
-0.4096892 1.193667
-1.51232 3.137396
0.3188355 0.7401327
3.040724 1.186718
0.8945176 -0.04909144
0.2318453 0.6761619
2.411808 -0.1847633
1.880156 1.405939
0.5289997 1.38344
0.7530059 0.02419298
2.206548 -0.5610373
1.392659 1.266444
1.600834 -0.2483225
0.09728311 1.099686
1.138596 -1.193085
0.9505941 1.466347
2.462101 1.158982
1.628934 2.949928
0.7330391 1.027083
1.736996 1.588929
1.964449 1.457316
1.472795 1.414917
0.8050354 2.813186
0.5533051 0.4089324
0.795984 0.1796065
0.3508859 1.697792
0.3668437 0.9534247
-0.2430021 -0.08489787
0.9669212 1.229284
1.086373 2.624493
1.450629 1.544295
1.459183 -0.294202
-0.1084928 1.476319
0.7324219 1.282106
1.06231 1.329327
0.4815106 0.8687878
0.5148423 0.9778952
1.551502 1.416199
1.618856 1.361512
2.894447 0.5010958
3.061671 -0.5178476
1.549492 1.644929
1.925021 1.227953
-0.1702272 1.461563
0.7106084 0.1621745
0.1497091 1.233093
1.380198 -0.1243551
-0.6801299 0.7168715
1.468879 -0.3158503
-0.7209947 1.671888
-0.07114433 0.4096134
3.491837 1.340913
0.08642966 0.213715
-0.419601 1.639562
0.1327144 1.948323
1.845918 1.146579
0.5334674 1.799905
1.562462 1.137047
1.037995 0.05902187
1.394519 1.470553
-0.1195773 0.9865687
1.777921 -0.1097145
3.289253 -0.002778957
1.870298 1.810525
0.3165634 0.8155911
0.5407786 2.286058
1.381539 -0.1625978
2.039807 0.8122923
1.08594 0.6569221
1.196211 0.3619708
-0.1226248 1.602308
1.295039 -1.108565
1.643475 1.402793
0.4254413 -0.7469939
