1.7973 -0.6094164
1.489808 0.5022358
1.802793 0.2750168
-1.060189 0.9727218
1.504676 1.35058
0.8385123 1.450779
1.310578 0.1379315
-0.06196339 1.753284
0.8139092 2.572199
0.3042364 0.3156814
0.8896441 -0.6144443
2.723613 1.426641
1.709351 -0.3684284
1.508777 0.1836993
2.301331 1.608775
1.625227 1.89172
0.557181 0.8430001
0.85915 -0.05948581
1.214948 -1.076681
-1.196237 0.5798369
0.2515273 2.493113
0.3211268 2.205428
0.2320712 1.961667
0.2009322 1.644296
0.9370265 -0.4922108
0.815987 1.648907
0.05138442 -0.2780875
-0.02176141 0.08083124
1.205034 1.160747
-0.431146 1.086322
-1.33854 2.1529
1.830008 -1.372416
0.6196977 -0.5033449
1.715453 2.275617
1.342637 0.9231231
1.630837 2.41846
1.248965 0.07371921
1.637279 1.265457
0.5568383 1.25364
2.599177 1.391402
1.996633 0.5042138
2.481778 1.893178
1.196985 1.16583
-1.098826 -1.131459
1.146544 1.906771
1.964118 -0.03149498
1.029491 -0.3933697
1.139655 1.757731
1.751161 0.01727121
0.4738438 4.092683
0.199814 2.581931
2.007092 1.693535
1.108337 -0.7853026
0.8359608 1.054411
1.365325 -0.0826739
0.8366307 1.744406
0.001889851 0.6763793
0.9992286 0.6594267
-0.7013556 0.411248
0.4271546 1.074615
0.08051877 1.860983
1.640055 1.009816
1.281378 1.116208
0.5304919 0.946766
2.318449 3.219482
1.122811 0.1420637
0.1031903 1.391859
1.490343 0.710711
-0.3354231 0.4349778
1.129187 0.2364569
2.043009 2.21498
2.085686 2.419034
0.02372165 1.572167
1.070307 1.610857
2.601364 0.743954
1.582471 -0.5743262
0.5887639 0.7597686
-0.2819876 2.706247
0.8100402 0.3244214
1.771144 1.741397
-0.4249464 2.616591
0.05734229 -1.233214
0.7437123 -0.8592816
0.3509416 1.469491
1.007157 0.3599732
4.737341 1.515805
1.477413 0.7946035
0.4586989 0.1873059
1.454257 0.7154508
0.2723937 0.06124134
0.9081795 1.15582
1.318214 1.855328
2.162042 1.557243
1.794642 1.93673
2.054089 1.165362
1.433615 1.410777
0.6083742 1.525243
2.849034 1.578073
3.057958 1.51904
1.91395 -0.8567309
