1.174322 0.7097029
-0.08987709 0.5217524
0.821446 0.6499327
2.11153 1.625808
-0.2367247 0.4208323
0.8901582 0.9133344
3.354231 1.428444
1.93971 -0.187485
1.274211 2.211557
1.246961 0.7322
0.7947611 -0.2592343
2.30924 2.5108
0.6673892 1.938842
0.3435839 1.542321
-1.392436 1.256607
2.043955 -0.5171166
1.233202 0.2856256
1.267338 2.41989
2.026171 0.04254303
0.110879 1.01427
3.016254 0.8249165
0.7493229 -1.013579
0.7300079 1.078451
0.06326977 1.168609
1.694889 0.8061649
-0.2790023 0.2592339
0.5920078 1.176715
1.853134 1.084274
-0.8938002 -0.8728098
1.365544 0.6383136
1.333335 0.6858751
0.9716535 0.376432
0.5968892 1.214085
1.016841 -0.7077299
1.663358 2.563244
1.450307 0.03209513
0.7211825 2.928335
1.598223 0.5635098
1.724728 1.126994
0.8273337 1.669486
-0.237983 2.269655
0.6574179 0.5982152
-0.7800782 2.711397
0.3841367 1.2681
-0.04546354 1.198455
1.501815 -0.4397763
0.3514898 0.9173374
0.3191436 0.3662743
1.3536 1.021333
2.304424 0.9928102
1.485584 0.6132299
1.466529 -0.3896549
3.138058 -0.5742257
0.1080507 -1.555903
0.8736415 1.537335
1.558415 0.8851605
1.315362 -1.176601
1.277828 0.5426186
2.871555 2.066668
2.899071 1.14821
0.4403685 0.2346567
1.964136 2.193273
1.018831 1.044214
0.9190377 -0.1982522
1.017635 0.3565838
1.647895 -0.3261858
1.146666 0.4513317
1.507326 1.298896
2.533711 1.798441
1.094923 1.746058
1.284268 2.511529
0.5515245 1.037191
0.9061425 0.7514155
0.3058551 1.04063
2.212137 -0.4662925
0.8812202 1.452799
1.427946 2.787772
1.910124 -0.7321677
-0.008132274 3.203622
0.6503615 -0.6532373
1.418953 -0.1283535
0.4554784 2.292347
3.189174 0.8613306
-0.06258134 0.3945281
0.7747883 -1.200342
1.42054 1.035204
2.034348 1.072197
1.239743 -0.2131625
0.4732681 -0.3258179
2.283796 0.3372523
1.687712 0.828699
2.12999 -1.47226
1.906203 1.04152
0.5112515 0.8744577
0.2314362 -0.1323793
1.686084 0.4020006
-0.5429105 0.368263
1.24578 0.7401215
0.3920152 0.9236543
1.349913 1.95249
