1.382495 2.183804
0.9616794 0.8085152
0.1056158 2.078361
0.3356248 0.879701
2.241119 0.2201749
1.287661 0.2620745
0.9167787 1.658566
1.582255 1.577766
-0.5552596 0.9482604
-0.6037215 -0.33518
0.4865209 2.428947
0.008750433 1.006233
0.9873948 0.5016428
0.8547233 0.598686
-1.479881 2.003858
1.13696 0.4391025
0.4340756 -0.5294098
0.3976982 0.344358
1.35233 -1.851314
-0.8551091 1.171725
0.7965633 0.7673238
2.164259 0.7511214
2.206504 0.9757549
1.890893 0.5179261
0.609479 1.222615
1.469878 -0.6376854
1.085973 -0.4283641
1.686917 -1.216677
1.46599 -1.256214
1.506214 -0.426221
1.269577 2.320166
2.316912 0.08615703
0.2216207 -1.176237
-0.8422979 1.319878
1.176939 2.495752
1.413212 -0.5692763
2.297006 0.3092139
2.025513 2.58294
1.944459 0.9508977
1.354496 1.941133
-0.8287343 2.494177
-1.229534 -0.4746063
2.104666 -0.1815384
0.1788143 2.113269
0.9386987 -0.2217087
0.8128945 -1.178011
0.9084616 -0.1268578
0.5737135 -0.4444106
0.1990611 1.907659
1.915498 1.787039
-0.3876899 2.402951
0.8879796 0.9315038
0.8389827 -0.2075582
0.9713108 -1.205102
0.06841245 1.280321
0.05871224 1.638905
0.8949632 -0.6529723
0.5633456 0.8373588
1.336722 1.480779
1.195264 2.046598
0.3048844 1.789183
-0.009546818 0.2325658
-0.1932829 2.211263
-0.5385059 1.210201
-0.4358238 -0.6443267
2.457378 1.917077
3.150445 -0.4861383
1.259655 1.323497
1.62824 -1.69674
-0.1516208 0.5617407
2.435351 0.06282011
0.9178408 0.9938475
0.5083728 -0.6352784
1.586066 0.2427543
0.7827481 1.095168
2.482988 1.709718
0.7547211 -0.05819546
2.28648 -0.3132806
0.05983943 0.586376
1.411868 0.5683465
0.4650346 3.160309
0.5144469 2.867248
-1.47138 1.676611
-0.5036553 0.901211
0.3910208 0.6189398
1.447451 0.007076172
0.6421166 0.3382415
0.3505304 1.583774
1.757153 0.6872014
2.033568 1.361954
-0.08588413 1.171499
2.763 0.6404826
2.122623 0.5755323
1.848061 1.384438
0.3941055 0.8403783
1.51855 2.166245
0.6272008 1.651925
1.679845 -0.8995817
1.293416 -0.1327924
0.2890078 0.8027747
