-1.451264 0.660241
1.104157 0.2121859
1.534705 0.8078796
2.776884 -0.0001416315
1.199437 2.674221
0.9613314 0.3907809
0.214958 0.4123938
1.212532 3.088814
2.826334 -0.6053116
1.693234 1.573946
0.1659228 0.1595987
1.902439 3.070084
0.3934653 -0.2030899
3.640156 0.5357767
1.882692 -0.672294
1.618671 1.960517
-0.4691902 1.235746
0.4676571 1.220707
2.280771 -0.3026196
0.4095319 2.320913
1.247525 1.883302
0.7432899 0.969263
-0.6282834 1.708719
0.118276 0.8627893
1.167818 1.845624
0.4944661 1.432149
3.082991 2.075255
2.189456 0.2577509
0.4089183 1.574659
1.052474 1.168026
1.546918 2.591548
1.551409 2.396179
1.453668 -1.318493
2.313682 0.2064654
0.04767957 1.521278
0.6084395 0.7101109
1.584943 1.3353
0.2357436 -1.257701
-0.3363027 1.582542
0.02038546 0.8215432
0.9333617 -0.7211193
1.489772 3.321741
2.503153 0.6717341
1.108866 0.01158113
2.242511 2.167587
0.276401 1.038863
-0.2627867 2.613087
-0.7446003 1.820079
0.8036243 0.2377507
0.885958 0.3454273
-2.363268 2.782426
1.737566 -0.006536093
-0.4138269 2.079823
1.945251 1.298239
1.398091 1.006642
1.456829 1.936316
1.092866 0.6059247
-0.02507772 0.1353686
1.642151 -0.2064267
1.290167 1.846522
1.646317 1.882233
1.295333 0.376541
2.509532 1.014523
1.835672 0.2986996
0.6204037 1.57546
1.362393 1.323524
2.282527 0.9507097
0.3065291 -0.2260941
0.5920673 0.9161061
-0.01703381 1.028511
-0.4556422 0.4968002
0.7648438 1.354781
1.023293 0.01524536
0.05865802 0.1888305
-0.138623 1.284413
0.5732113 1.086041
1.086556 1.097739
1.307437 0.08009386
0.947701 1.743331
1.017407 -0.2850173
-1.27485 2.537048
0.6925494 0.3395937
1.309463 3.307675
-0.7545561 0.799994
1.240531 3.222675
1.563149 0.8348089
1.711415 1.102555
0.3741537 2.548981
2.414109 0.9864979
2.134173 1.093705
2.262372 -0.03162846
0.7844935 1.674782
0.2594881 0.77331
1.578475 1.236373
1.57908 -0.0410342
1.951185 2.173813
1.226456 2.720378
1.877489 0.3257934
1.094627 2.115629
0.9924223 0.1498805
