2.892788 0.5218507
-1.078449 -1.575872
-0.669326 1.05896
0.3556854 2.095395
-0.4794154 2.454803
1.41677 1.036663
-0.1461111 0.5539548
0.1133937 -0.3963122
1.16499 0.332852
3.074753 1.012304
0.05846746 -0.1705429
-0.3764188 -1.353066
0.8460108 0.6132354
0.8050609 -0.6965608
1.829533 0.6556433
0.3960438 1.544867
1.229867 2.860884
-0.9914985 -0.443319
0.8477339 0.6958481
1.772775 0.5184244
0.634081 0.8880455
0.9595258 -0.6447432
2.974817 1.16289
-0.08035896 1.506151
-0.1698984 2.08877
1.201585 -0.4546888
2.183819 2.735387
-0.07721087 -0.113604
-0.363782 2.619172
2.406187 1.366242
-1.046712 1.514633
0.4233106 -0.02754422
-0.02935625 1.847563
2.258909 1.736402
1.956154 1.083565
1.660912 0.6875545
-0.3540492 -0.843426
0.8563569 1.431292
3.269617 0.8421251
0.2639963 1.735968
0.419962 0.7842783
1.557483 1.524445
2.47672 0.9824576
2.066115 0.1090565
1.520717 -1.647008
0.7064585 0.9570637
0.8770498 1.763248
0.7954001 0.1547185
1.276896 1.581947
1.719178 1.589385
2.634165 1.710496
-0.4497285 1.0498
0.07046104 -0.3091884
0.8498725 1.560348
-0.7833191 1.062871
0.6269593 1.125981
0.0997388 -0.02019312
0.04964964 0.6824629
1.945789 0.9178147
1.170236 0.4472256
0.4179104 1.309237
0.2036246 1.43656
0.8408516 2.138807
1.293526 -0.3749478
0.8669461 -0.5483333
1.918256 1.851711
1.551977 1.017639
1.176369 0.838744
0.7231429 1.426268
0.5625038 0.9967101
-0.2928222 1.734077
2.103288 1.583732
2.295692 -1.80197
0.8552337 0.5546781
2.926304 -0.2652258
0.6281472 3.558837
-0.5390231 -1.240083
1.619787 -1.481727
2.484576 0.1835799
0.8971818 1.401306
0.8234626 0.9274994
0.2511608 -0.07236515
1.785322 0.6841578
0.05820303 0.7053322
1.239683 0.4235367
0.3728978 -1.2942
2.327123 -0.09443005
0.7576699 -1.134619
0.8038535 0.2115639
0.1738068 2.502235
0.6320986 0.9235592
0.4779902 -0.02370757
1.728115 0.1050151
1.89195 0.6727681
0.8238108 1.319895
0.9457736 2.000972
0.4091115 0.09031625
2.024621 2.883349
0.4125792 0.175109
1.149649 2.521257
