1.238265 -0.1617987
2.323049 3.23413
0.6679513 2.966098
0.5947774 2.219246
1.17231 0.7873158
-1.849456 1.418103
0.237049 1.24257
-0.4653197 0.9040428
1.988893 -0.07703928
1.208226 1.985038
1.3187 1.778698
2.039287 1.623408
3.058783 1.819609
1.877198 1.548009
2.641528 -0.1070151
1.765037 1.645821
0.8444755 0.6933654
1.690447 0.390749
1.259149 2.032753
3.544905 2.417928
2.710133 0.4535536
0.7804292 -1.329915
0.4379752 -0.6853093
0.6603238 2.41101
2.987193 1.022467
1.591194 0.2864325
0.4891356 1.747642
0.241187 0.1068803
0.114496 1.355527
2.241894 0.5131657
-0.01931844 0.3450197
1.71788 1.448757
0.6335556 0.5227424
-0.1763385 2.062814
0.5163275 1.555527
1.941734 0.2047534
-0.1275917 -0.6173025
1.833966 1.610989
1.694827 -0.4189599
1.440791 0.6098638
1.872259 0.223656
1.01681 0.06164853
-0.1780459 1.514585
0.7635715 1.517294
2.722782 1.823677
0.2230644 0.7792979
2.758667 -0.1670861
-0.7653763 -0.8748005
2.110195 0.3494475
-0.2480391 0.2907982
0.7764885 0.3521419
2.113783 -0.804724
0.7906605 -0.6493171
2.714164 1.651335
1.256148 -0.2781078
1.761959 1.149289
0.2088904 0.9561399
2.065178 1.221853
1.770825 1.123546
1.246034 1.809671
1.89821 1.272945
0.5595152 1.676861
1.372359 0.7848674
-0.01838665 1.303655
2.064178 1.159252
0.440117 0.9422568
1.166492 -0.8877468
0.3602374 1.008626
2.345224 0.3613159
0.3099531 0.3300273
2.490749 2.504873
0.8608206 0.9425399
1.514403 0.1921473
0.01191918 0.3741572
1.532092 2.14218
1.424256 1.18828
0.7284398 -0.4043774
-0.3125161 0.9875054
1.303643 0.4641485
1.15446 0.9264783
0.6349572 -0.3672764
0.1343245 1.005936
2.179333 -0.5252873
1.271126 0.004525025
2.488741 0.4029169
0.08819639 -0.1084028
0.4463417 2.571144
1.216998 1.246164
-1.405889 0.5834196
-0.6490901 1.592115
1.911343 2.124289
-0.3764881 1.901177
2.607668 -0.8484499
0.001358672 2.26503
0.4199116 1.930272
-0.4380608 -1.206872
0.2329605 -0.07377394
0.1336279 1.006181
1.844626 0.6748694
0.27013 -0.678989
