-0.111801 1.868282
0.6102543 1.586727
0.291343 1.801219
0.7808671 0.8024306
1.053924 0.959417
1.643532 0.8018317
0.2871238 0.9275121
1.049303 0.3933479
2.691541 1.281336
-0.1903036 -0.06801133
-0.6047223 0.0001409951
1.339759 3.196382
-1.203214 0.9082614
1.261597 1.54912
2.661972 1.138751
2.107072 0.3820966
1.381836 -1.613717
1.60109 -1.998415
1.008263 -0.4829031
1.485625 1.004289
-0.2308095 0.5287359
0.2819793 1.970615
-0.2213496 1.452865
1.07349 0.02823446
1.713771 0.9744661
0.6521891 0.5916982
0.287238 1.982502
0.394719 0.5192547
0.8673152 1.06114
0.6868494 2.212526
-0.6392069 0.7723325
1.479752 0.7556103
0.08390734 0.4067233
2.329683 1.708737
1.569539 0.2469913
-0.06204227 -1.700749
1.772681 0.2825862
-0.7261 2.801642
0.06001241 1.516412
-0.3960549 1.21773
2.05477 0.5425952
1.009366 0.6317802
1.365157 1.017697
-0.5154883 1.841369
0.4432414 -0.4900814
-0.6335146 0.3557296
0.606578 -0.5094484
2.589264 0.6698692
-0.1404071 1.21872
0.6728684 1.262135
0.328079 1.753886
2.555269 1.619434
0.1076751 2.193446
0.1174857 0.4252113
1.518796 0.9248283
1.811317 0.137091
0.4186729 1.844263
0.01235965 0.05359418
2.522333 2.601475
1.737177 2.039526
-0.2060111 -0.7996581
1.802069 0.9887162
-0.2627178 -1.02519
0.8698044 -0.183627
0.7166239 1.190671
1.804227 2.334963
2.495888 -0.5006432
1.077023 -0.08811126
2.110942 0.6568533
2.501371 0.4186343
1.310591 0.1154033
2.486661 -0.7414007
1.456382 2.19756
2.159346 0.5387886
3.130956 1.972882
0.6634137 -0.6131861
2.345999 -0.4710861
1.161019 0.9128151
1.83379 1.179957
0.6971023 1.367371
2.251127 0.9050651
1.007974 1.83915
1.383119 -0.1878864
-0.01586716 0.5322216
1.122145 1.364796
1.456182 0.6359527
1.126631 0.3738335
0.8435118 -0.6683723
-0.04197385 0.1449285
2.302737 0.9749988
1.031503 1.597291
1.039003 1.267534
0.7223237 0.1330316
1.736875 1.967745
1.479096 0.5702382
1.453888 2.231636
1.837496 0.4176127
1.295179 -1.266588
1.342183 0.9434487
2.682555 1.532528
