0.9024563 -0.3428786
1.361434 -0.05111494
1.370013 0.3000241
1.524789 2.208385
1.415556 -0.0202512
1.504645 1.8414
-1.378419 -0.3510675
0.1846444 0.6829661
1.272867 2.696522
0.06118443 1.636663
2.359995 2.264191
0.8802553 2.290336
0.9757113 1.931545
2.38456 0.0278093
1.820357 0.3717441
1.477346 1.444787
1.456263 0.2204827
0.1879091 0.9974904
1.861913 -1.766284
-0.425885 1.146802
1.309292 -0.1625488
1.179915 0.02702518
1.578836 1.257738
1.269285 0.7005672
1.357563 1.751298
1.691168 0.3212482
1.974272 -0.1841994
0.9652491 0.9198343
1.524805 1.436821
2.832299 -0.1691106
1.827604 -0.3973701
0.9307412 2.052985
0.6817408 0.5564321
1.689562 -0.7829878
0.6045334 0.963439
1.62145 0.391964
1.415689 -1.697686
2.621815 0.7800093
1.013827 0.485845
0.4058439 0.09348253
-0.74824 0.9438804
2.28369 -0.3617225
0.9432045 -0.5919242
1.208883 0.7184806
0.1569515 1.801949
0.4461232 1.457249
1.28585 1.989025
0.3630755 0.7519297
1.434163 0.8770523
2.045708 -0.00564148
1.210934 1.131371
1.235174 -0.3094095
0.4442986 1.486784
1.19198 -0.9047838
0.703516 0.6458567
-0.122534 0.6534288
1.971313 -0.04084121
1.353152 0.1505496
-0.06054684 0.9394115
1.578399 0.2232394
2.026181 0.8794865
2.850745 -0.1457158
1.057613 1.071493
0.9606858 1.683648
0.8141065 0.5776412
0.5725366 2.735684
0.09154229 0.6275193
1.327573 1.038731
1.394011 0.4426345
2.234845 0.3365359
0.5449595 0.4083
2.3174 0.3881184
1.131486 0.5671062
0.4270407 -0.4462034
1.309851 -0.0907701
0.4233844 0.4369713
2.591584 1.797969
1.283695 -0.7715236
0.5245214 0.347749
1.857933 0.2547746
3.463429 0.3974883
1.275468 0.9284396
1.077741 0.3497124
-0.4827349 2.788964
0.7546028 1.283919
1.087796 -0.2010823
3.082497 1.283997
1.440921 2.03094
0.2171733 -0.3541875
2.197793 0.4460788
0.4982524 -1.106266
0.8092696 1.131043
-0.2166882 0.9794748
1.919534 -0.5005722
1.089368 0.9676308
0.9480928 -0.704782
-0.02552996 1.710672
0.5301943 -0.1031763
1.258592 1.244525
-0.9134912 1.544038
