1.875877 0.04211567
1.399247 1.189107
0.5012262 1.7918
1.202543 0.6065942
0.3442573 -1.058012
1.72537 -0.9367586
0.6445599 0.6298092
0.2675376 2.233619
0.2390214 0.8817052
0.7101888 0.4283565
2.800108 0.009117721
0.1328476 1.816184
2.178599 3.402674
-0.9056791 2.569346
0.9853319 0.7924121
-0.02605009 1.749953
0.5322251 2.628682
1.480512 1.029624
1.347645 2.486624
0.01210063 -0.2920109
1.471286 2.003275
-0.5015254 1.577614
2.826831 2.489077
-0.2595445 1.609822
3.128346 1.443424
1.243106 -0.451536
-0.5112993 1.824523
1.69658 0.7674023
1.090577 -0.5255972
0.05183452 0.9084409
0.5816239 0.3663276
0.6228761 0.4421234
1.009457 1.610095
1.733931 -0.05618602
1.542714 2.570657
0.2763661 2.027171
0.3940141 -0.1737816
2.382473 1.364981
-0.6919994 -1.095108
-0.1949303 1.563656
0.4013933 1.495475
0.09363501 1.762403
1.737434 1.605905
-0.8768726 0.403971
2.453323 1.656908
-0.1185554 0.2162244
1.301873 -0.9547883
0.03836609 0.08375945
-0.5617337 3.176353
1.128017 1.971849
0.7838866 2.265117
1.66378 0.5546364
0.335729 0.176945
0.5317554 -0.9470123
1.02086 0.9917081
3.898102 0.1504383
1.150603 1.412786
2.010267 -0.2112163
-0.3071326 2.156628
0.654658 1.312947
0.4131585 2.835201
1.353809 -0.1840998
1.563716 1.514036
1.164454 1.638929
0.8214832 2.817267
1.981323 1.764723
2.312396 2.524836
-0.1633364 0.9359747
-0.8623671 0.6301274
0.9626831 0.6966237
0.874484 0.9025337
-0.3530659 0.8578563
0.9163736 0.9834856
1.79726 1.570384
1.412332 -0.01396356
0.6489026 1.012633
0.5554779 1.3711
2.75757 0.7692247
1.858941 -1.028149
0.766484 0.8753124
0.1911087 0.7879856
0.3562772 1.61425
2.423516 0.2457884
0.2937887 1.832782
1.439934 1.898054
1.796167 1.437336
0.5677035 0.348631
-0.08847961 1.977329
0.4543856 0.764304
0.2255608 0.3879384
0.03871395 -0.3579337
-0.7427205 2.091468
0.7745578 0.350111
3.400177 0.8648188
2.991992 0.615909
-0.7487902 0.4609229
1.892292 -0.4529657
-0.9770352 -0.4919495
0.8051618 -0.608582
0.9084374 1.94219
