0.7434289 1.207079
1.054977 1.729345
1.896937 1.33004
0.5722556 0.4141926
-0.6568984 0.5146476
0.0004581155 0.4513964
0.09327894 2.54467
0.4930836 1.610225
-0.724204 2.041326
-0.2062299 1.025577
0.2793143 1.163039
0.09628009 0.332082
2.754488 0.471273
-0.04706691 1.771413
1.050665 2.030722
1.509681 0.219697
-1.150087 -0.3509548
2.054166 1.01959
1.544612 0.8910129
1.201954 0.7282471
2.159869 0.1227898
1.117232 0.6816711
2.100819 0.5223358
0.5691754 1.532864
0.2862488 1.139628
-0.9611921 -0.4439398
0.06095448 0.1072197
0.7780053 1.860677
-0.9885411 0.4742351
1.027867 0.3892362
0.6305458 0.8650521
1.932146 0.8036481
1.880357 3.384543
1.536554 2.007462
0.4722841 1.334249
2.544992 0.240337
0.7717665 1.576836
1.627118 1.212446
0.2672896 0.6775126
3.138955 1.424776
1.336588 1.52304
1.728378 -1.096141
1.426959 -0.2776184
2.907669 0.9030319
3.129238 0.8973309
0.2690264 3.024016
0.2835779 2.352075
2.544752 0.6561141
0.6969497 0.2707445
1.052061 0.8002364
1.815287 1.123987
1.170636 -1.075812
1.067144 0.73312
0.7728905 0.5865889
1.031707 0.2275799
-0.03517379 1.477762
1.153861 2.399666
1.223157 0.3594399
-0.1033124 0.4977103
1.595358 -0.4876962
0.3306472 1.917295
2.01899 0.936839
2.730177 1.09174
1.322892 -0.05940779
0.9849347 0.2551186
1.526418 0.7437012
-0.2097257 1.285333
-0.9753201 1.131283
1.92811 1.738471
0.2700676 2.489817
1.380956 1.751074
1.659743 0.6743261
0.4002333 0.4942779
0.8203643 0.6833138
2.776131 0.4714093
1.468929 0.3929843
0.09335795 1.140588
1.609694 0.6069582
0.4890261 0.8030631
0.4210818 1.92424
1.116743 0.7035921
1.142709 1.48432
2.703581 0.358737
0.6557363 2.281342
1.258115 -0.3103918
-0.4690763 0.8803537
1.381502 0.2336399
0.5277081 0.0468013
1.911068 -0.6031017
0.6970485 -1.126074
0.4923048 -0.2568519
2.266612 0.1372691
1.727792 0.4912674
2.063802 -0.6341595
0.9331728 1.054583
0.859728 1.186429
1.997993 1.77108
0.6891529 2.366015
2.335809 1.930119
0.951447 0.3856008
