0.3811956 0.892269
0.9668293 2.429022
0.3439953 -0.03005032
0.3621332 1.541617
1.485334 1.151191
0.1830001 0.07491284
-0.4541894 1.218271
2.618001 0.009192534
0.4161579 2.247952
1.20877 1.536722
-0.07255796 1.194313
1.264596 1.178573
1.221898 -0.76505
0.1732189 1.280853
1.058858 0.3453391
1.317568 0.0786748
0.4101872 0.6846187
0.5118031 2.26186
1.38659 1.825815
-0.8654341 1.702479
1.287904 -0.1439244
2.338601 0.9865547
0.2595257 0.06718928
-0.3423692 1.226135
1.705819 1.266131
2.073906 1.199156
3.11353 -0.6588379
2.058692 -0.2494923
2.269872 -0.7100221
2.276031 1.361359
1.429522 2.390314
1.820152 0.7809587
1.30435 1.197172
1.911593 0.6501507
0.2695736 0.9239949
-1.163102 0.5998475
-0.7254491 0.9664353
0.9288769 0.796484
1.551454 2.388245
-0.3859453 2.464067
2.504217 1.234778
1.354362 2.142771
0.5253598 2.113785
1.187233 1.409365
1.767285 0.6560966
-0.08066212 3.590046
3.070049 3.171762
0.9131801 0.58901
1.986899 0.2033687
-0.512221 0.7859602
0.8484369 3.287045
0.4028786 -0.3374411
0.7071958 0.3474324
0.2949567 1.734044
0.6440091 1.068973
1.868362 0.8063031
0.5574872 -1.800477
1.885736 1.555821
1.28407 1.464089
1.665664 1.616046
1.011438 1.437552
0.3510228 -0.3531955
0.1943116 -0.2357174
0.6735111 1.361608
1.846179 2.953043
1.212361 1.226706
0.02406675 2.61139
1.930426 1.573726
-1.061924 1.392554
1.223018 -0.3706432
0.573779 1.130921
0.8427969 -0.8101423
1.195791 0.2748735
2.842074 0.8084911
1.725929 0.3589211
0.1731856 2.916546
1.150411 1.140272
1.006974 1.894899
0.7181405 -0.121065
3.261957 0.9045922
0.7299057 1.103282
2.877964 1.903928
1.287812 1.741414
1.842378 -0.05858307
0.7644232 1.056229
0.4684328 2.18162
0.3898505 0.6117264
0.9143516 2.773254
0.7688637 1.67604
2.394612 -0.1138221
-0.07185975 -0.5703045
0.2370472 3.001026
1.628609 1.130761
0.05375021 1.260822
1.611813 1.941502
1.889497 0.9208749
0.03528556 1.059282
0.8807191 0.1400601
1.360848 1.427067
2.313962 1.213887
