-0.08722363 -1.250959
1.399304 0.4637388
1.226038 2.382892
0.0493687 2.369734
1.379272 1.713139
2.954496 1.210609
2.579223 1.241801
0.5485351 -1.021247
0.2000012 2.042367
1.081793 1.204791
1.036241 0.8830636
-1.685654 1.386224
1.231262 0.136009
1.674787 1.086048
0.8118792 -0.6352057
1.738959 2.763106
0.1525568 0.4031354
1.912116 2.355475
0.9187667 -0.4196843
1.502737 1.288322
1.783085 1.834779
2.183097 0.6939863
0.6502595 -0.6748917
0.2439707 1.811405
0.8119416 0.5230423
2.94407 0.5965741
0.06022356 1.008391
0.8710829 1.504332
0.4899377 1.647572
0.9718863 -0.3470025
2.008888 1.088162
0.991328 1.253847
-0.08043234 0.2223702
2.702259 0.7464637
-0.05853564 0.2579393
2.465005 1.850998
2.189196 -0.1727322
-0.02019057 1.611302
-0.3223647 1.215991
1.641545 0.4649234
1.504616 0.2112586
0.278962 2.586344
0.302666 1.682254
1.004139 0.7940076
2.045176 1.322871
1.273945 1.685519
0.6724811 0.2644483
2.416097 0.7885386
0.4859788 1.729198
1.521195 0.9992008
0.3545351 2.08215
2.972118 0.6832655
0.2004829 1.123615
1.029527 1.133622
2.504098 2.842068
0.4226976 1.213508
-0.09063609 1.012341
0.07609003 -0.9156107
0.6670329 2.391873
1.601521 0.6609273
0.4902953 1.694325
0.8442649 -0.6651116
0.8400552 1.534281
0.7060716 1.0896
0.691371 1.477762
-0.8400191 1.352073
1.398174 -0.6185393
2.435688 -0.2169657
1.028264 -0.3181075
-0.1228249 -0.4491737
2.609772 0.9261633
2.109244 2.484753
-0.9661439 1.061956
2.148112 1.22052
2.077103 1.354784
1.947295 0.2052092
2.287547 0.3675486
1.929861 0.3276975
0.4017179 0.2890252
1.708861 0.9521532
0.6420526 1.427224
0.5990931 2.37528
2.373589 1.360472
0.1440962 4.493235
0.6796285 2.888328
2.262642 0.4148542
2.113208 0.889884
1.511501 2.448845
0.9436024 0.5087448
0.5331055 0.2403334
-0.1663628 1.15389
1.299065 -0.281585
1.658769 0.9148622
-1.324816 0.790844
0.9213772 1.244767
1.239757 2.011686
0.6249854 1.319461
1.317619 1.793128
1.148191 -1.006628
0.8991837 1.022189
