1.146882 3.046265
1.297472 1.817449
2.166947 0.3514849
-0.0914885 1.312401
1.288302 0.4587168
1.035461 1.123379
-0.2520038 1.148131
0.1403007 0.294497
1.984258 2.340605
2.290414 0.9104131
-0.8226355 1.270413
0.5026287 -1.138106
1.526268 -0.9107915
1.867525 2.637783
1.542165 2.169355
-0.05963589 0.008496558
1.12148 1.355779
0.9493903 -0.2270118
0.7411365 1.310803
1.439684 -0.2571622
1.986866 -0.8073738
1.85684 2.217089
-0.1209995 0.3676909
0.09424786 1.780593
0.1242192 1.37852
0.5426917 1.356629
2.087464 1.390105
0.6505513 -0.3839559
1.548104 2.155887
1.316498 0.3065466
1.762287 2.026945
-0.2208222 0.03165511
-0.1613585 0.7698269
0.3331315 1.452482
1.844931 1.323555
-0.353686 1.718572
1.199104 0.9949327
1.37571 0.9050593
-0.3843112 3.182831
2.255838 2.240624
2.439168 -0.4428372
1.011134 0.7990848
1.481419 -0.1168422
1.608982 0.1227323
0.5423226 2.895687
1.212818 -1.270761
-0.6802756 0.7520558
0.7957518 1.969584
2.457688 1.492909
2.170205 0.2274208
1.741471 1.140023
1.786777 1.461025
1.2892 2.285907
0.2322077 -1.11462
1.669217 -0.9786602
-0.4756845 2.273236
-0.0758969 1.552517
1.664284 0.5182576
0.07056533 1.322069
1.110563 2.006949
0.8497357 2.849276
-0.6041226 2.882304
0.6823572 1.122013
-0.4875695 0.3451258
-0.3176705 0.3007239
0.5848943 0.403595
2.691436 1.580816
1.353096 1.424998
1.060788 1.996189
1.092259 1.152434
1.770645 0.6273558
2.429652 1.034547
1.243039 2.176954
0.7088227 -1.439131
0.2566899 0.8892813
0.1981353 0.2546754
0.7400977 2.405241
2.19997 -0.09968449
-0.04681515 0.1982947
2.54932 1.765723
1.039349 1.005417
2.626475 0.9425744
1.347594 1.054132
0.3804836 0.003383953
0.5699552 -0.04277571
1.179742 0.3394611
2.358971 2.185794
-0.4915556 0.8407926
0.07847389 -0.6870905
2.682454 1.47783
2.941026 -0.6668272
1.668184 1.780578
0.1677997 1.574812
0.4392645 -0.2094287
-0.5540941 -0.6117845
1.549546 0.6147723
1.575917 1.283429
0.1289968 0.7654405
0.3311804 2.266188
0.8602628 0.1155675
