-0.08416608 0.07689699
1.010508 0.2110632
1.910502 0.7959056
0.768558 1.770756
1.597094 0.002859415
-0.1402239 3.019012
2.786465 0.3228568
0.1402788 0.5358291
-0.7502228 1.010233
0.3754588 -1.53612
2.641085 0.4825387
2.481128 -2.247467
1.98778 0.5228536
1.265316 -0.1277022
0.6790157 1.658136
1.080319 -0.3371715
1.490365 0.7633259
1.113849 2.566515
-0.0198684 -0.4178463
2.199272 0.3924591
0.2129842 1.817709
1.984262 0.2814336
0.1841116 1.222523
1.493465 3.276752
1.787373 -0.6868106
1.630849 0.8351761
0.771317 0.5756092
-0.31562 0.9150568
1.527906 0.832749
1.616866 1.104998
0.602877 2.143325
1.340675 -1.305884
1.617167 -0.2483351
0.7156287 -0.2038366
0.7180504 1.33119
0.3894158 1.507613
1.740533 2.863163
2.792019 0.2596333
1.172918 0.7678969
-0.3101269 1.799518
0.7704785 1.657143
0.8464803 1.319069
-0.2437171 1.57676
0.465571 -0.09361192
1.482679 0.03355766
1.449808 2.186762
0.1366433 0.1845593
1.20222 -0.2449793
-0.1422405 -1.01065
1.13995 2.174695
0.7573514 0.6930187
0.6771373 1.457048
0.5963281 1.070781
-0.1427408 2.073988
-1.003516 0.9617137
2.015748 0.4529533
2.194857 -0.2573734
1.289767 1.782318
0.3397815 1.747828
-0.4045153 0.1926013
1.870388 1.549756
2.040285 0.3496061
0.4847652 1.845843
1.960792 0.8877395
0.02334492 -0.8664031
0.8310761 0.7351579
1.560132 1.255756
1.171715 1.145072
1.531817 1.250798
2.978587 -0.007022364
3.269952 1.707212
1.107073 1.116058
1.32455 0.5023579
2.575745 3.175027
-0.1811907 0.5914263
-0.4148933 1.09219
1.097112 0.7732901
-0.001308023 -0.07952142
1.864914 0.6545587
2.24122 2.049519
2.576247 -1.541819
-0.04230802 0.05114493
-0.03021423 0.795518
-0.4824336 0.5500885
1.049141 0.8359726
-0.06728526 -0.7394442
1.417894 0.7031734
0.4888197 1.878039
0.306558 2.321846
0.2198708 -1.413289
2.457339 -0.8130723
1.327024 1.532379
2.131808 0.8278673
1.729943 1.217527
-0.4091058 1.084054
0.3885799 1.381778
1.902412 0.5757716
1.49926 0.6929015
0.9733721 -0.07614318
1.695943 2.277802
