2.639479 2.670786
1.283583 1.787169
0.5250344 0.3835503
1.554703 1.1603
1.390034 0.8682338
-0.918359 0.6174257
-1.051215 0.9002369
0.8811065 0.816182
0.03848143 1.151601
1.838619 1.037477
-0.3515748 1.720385
-0.1848127 0.9823181
2.02571 -0.7107917
2.233276 1.098251
2.212913 -0.1771879
0.6972449 -0.7132656
0.5776828 0.6177715
0.03330392 1.544729
1.490975 1.448986
-0.6549323 1.362361
0.3600005 -1.071562
1.549147 0.8941716
1.570709 -0.2094886
3.668077 -0.5035906
-0.002102568 2.616842
2.791846 0.4531564
3.363322 2.236465
-0.3905404 -0.1303642
0.7408538 0.06576151
0.09398962 2.00999
1.212657 0.9985023
1.000395 1.958157
0.6154048 0.4660204
0.3148673 -0.0711368
2.347756 1.132773
0.7623779 -0.0529128
0.808786 0.07009084
2.196316 1.587413
0.5205862 1.151173
0.4021686 -1.268881
1.573357 0.2594461
1.720081 2.219769
1.59939 -0.9913278
0.8411753 2.312724
1.506224 1.219585
2.355414 0.03706821
-0.4319199 -2.002483
2.332453 -0.5255479
2.249302 -1.564797
0.7089603 -0.02798574
0.7532132 0.633035
2.103126 1.344051
0.8985005 -1.350214
0.9836164 1.839922
1.743179 1.441555
1.12571 -0.1179672
0.9093945 -0.7206248
0.1476433 -0.3640326
1.023787 0.3926149
-0.7069833 1.242544
-0.7371319 -1.303175
1.411908 1.398597
0.9915223 0.2502858
1.212943 1.58466
2.302399 -1.304152
1.404425 1.85402
1.162675 0.6428003
1.315411 -0.7265143
3.488825 1.638397
0.8220376 1.585996
0.7420678 0.6789809
1.214724 -0.1268103
1.200167 0.5124586
1.478172 0.5546908
2.429443 2.924507
1.656344 1.069361
0.4065344 0.7620664
1.144193 2.006637
0.727311 1.101812
0.4340993 1.21422
2.182626 0.05145835
0.2105399 1.654783
1.591699 2.329562
2.418428 2.603675
1.273813 2.438694
0.2747771 0.3654068
1.638907 -1.935231
-0.1381578 0.1672237
-0.08891436 1.985671
1.925317 0.1110539
1.098499 1.766563
2.064581 -0.9075278
0.8933001 -0.007402887
1.605081 2.363186
1.056721 -0.1200698
0.02178316 -0.065186
1.649411 1.49849
0.5209153 2.395742
1.47951 -1.001996
0.3505758 -0.3891795
