-0.03422867 0.4310691
0.8613677 0.6918429
0.7146599 0.6721988
1.340538 -1.221134
0.4884905 0.861881
0.9715009 2.152636
2.388202 1.317672
1.769754 0.7619886
1.348862 0.7848894
0.3139079 0.1578754
0.3196613 -2.26127
0.2993011 1.998644
1.940674 -0.1922555
0.9200852 3.018026
1.558188 1.239353
1.290396 0.06619422
1.205262 1.287757
-0.9553994 -0.2536299
3.970799 0.7986984
2.196554 0.8074444
1.546024 0.541064
1.145618 1.121553
2.692742 4.494106
0.3796398 -0.3719217
2.487183 0.03686427
1.917828 1.646324
-0.9885681 1.832161
0.3917527 1.394493
0.6692737 0.9462163
-0.4204937 1.391098
0.1741679 -0.1358
-0.9087352 0.5372168
1.839112 -0.5784336
1.401304 -1.363528
0.565388 2.112843
-0.0968132 0.1908694
0.8059333 -0.3684344
2.351552 -0.7211767
0.7617987 1.210893
0.4966583 3.012479
1.069555 0.7376331
0.7421779 0.6769529
1.127625 1.50603
0.9343906 2.136635
1.703226 2.377003
0.9621838 2.426315
2.895571 2.05032
0.462195 -0.3569837
1.291754 1.685819
1.056576 1.440791
1.984111 1.93325
0.9167505 0.7976627
1.86576 1.331198
1.575539 2.29824
-0.7141726 0.2103592
0.910287 0.9229317
0.3295253 1.011809
1.826522 0.7936738
0.1258199 2.116477
2.007441 1.3816
2.6915 -0.04430669
1.233759 -0.5014331
1.124934 1.382787
0.8953015 2.719936
1.642276 -0.3197701
0.1833494 1.120219
0.4470942 2.136566
-0.08683245 2.681739
2.688113 0.343439
1.163926 0.7788581
0.2937293 2.072894
0.6200368 1.415156
0.3472366 0.3868932
1.088311 0.07688717
0.3907901 1.538021
2.453349 0.56701
0.1548423 -0.9514557
-0.2348319 2.702128
1.358059 2.047937
1.468281 2.02467
3.291918 1.061533
1.264376 3.48323
2.812484 0.03058299
1.452246 1.112013
2.128612 1.518752
3.387697 1.212608
2.216049 0.8724303
1.207033 -0.9591873
0.8496533 1.399706
-0.1093974 1.045718
0.229303 0.4850535
1.84283 0.4030514
1.685821 0.632944
-0.08567617 0.6517084
0.4810963 -0.1366443
-0.3629339 0.2633383
-0.008766085 1.140485
1.981323 2.877041
1.255709 1.758167
1.40336 0.7052306
