0.4991177 0.9499261
2.207649 0.03169535
0.7587575 0.01939179
-1.883711 -0.04064817
0.7352511 -0.6953553
2.658008 0.3523665
1.147281 -0.1947666
2.056926 1.337902
-0.3775608 0.6411405
0.1447644 0.9743944
0.5756436 0.8998849
0.7165931 -0.2633647
-0.7137461 1.228259
0.9479456 0.5132017
-1.004763 -1.686419
1.501251 -0.09198555
0.4091605 0.8190126
2.849177 1.577566
1.516353 0.2356451
0.7001506 -0.07865076
2.320635 0.9882746
1.523623 -0.4885734
0.2865906 0.003274291
2.176307 3.116376
1.283031 0.5472649
1.830282 0.2268157
0.2640453 0.8896708
0.9793294 -1.440029
0.4011479 2.063628
2.074246 2.542575
0.798902 0.5955579
1.055285 1.817277
0.3727353 0.7395561
1.495557 1.330947
0.7922599 0.9176722
2.663391 -0.1186398
1.813077 0.8793063
-0.9236188 0.1057496
0.8070871 0.189164
-0.7002908 1.112395
1.110466 -0.8447171
1.58303 -1.106921
0.9819947 1.442025
2.196409 1.88132
-0.2273513 0.3067924
0.9143248 1.344978
1.672098 0.1518643
1.140794 1.696041
0.6619245 1.642768
1.284842 0.3445641
1.793954 1.525423
1.710786 0.6034609
2.676382 1.255838
1.380049 0.28019
1.143195 0.1948374
-0.4300256 0.8892813
0.5147143 -0.2015523
1.129902 1.58195
0.3880437 1.5476
1.333448 -0.09931702
1.038134 2.075373
1.56052 -0.8088171
0.9706323 3.275072
1.898892 -0.5490774
-0.02559201 1.283151
0.9488595 0.7882058
1.130533 0.4231269
1.202896 2.493138
0.1855637 1.88797
1.150751 0.4857322
3.034513 1.34877
2.455039 0.8782531
2.648663 0.01415654
1.477083 -2.239679
2.078536 0.223203
0.2417929 0.913974
1.456467 0.7891444
0.1184041 -0.2590999
0.7479934 1.168543
-0.3890642 1.549057
-0.2953592 -0.1216131
2.143135 2.307967
1.82109 -1.123742
0.3477471 -0.2009673
2.010793 1.64857
1.826103 0.8266537
1.757554 -0.6200236
0.7788784 0.02455407
-0.392566 0.2141491
1.970762 2.399007
2.04373 1.005148
-0.2158517 -0.1422979
1.861458 -0.3597585
3.656552 -0.359637
1.755737 -0.21766
0.4084909 -0.561279
0.836293 -0.3105186
1.255511 -0.1403013
0.8919993 0.3711282
1.056183 0.8911272
