0.3516597 1.834536
1.124359 -0.1135462
0.6845316 -0.2414923
2.540997 -0.7992544
-1.330247 0.3966163
2.4561 -0.9826724
1.342012 2.890374
1.328422 0.2507034
0.5141841 1.646369
-0.6579656 1.273664
2.532409 -0.4193035
-0.7371495 2.747531
1.903761 0.3047435
1.809007 0.9220379
1.771865 -0.398793
1.708929 0.3888119
0.3563284 2.934994
1.881764 1.575804
0.3909014 1.900849
1.984706 0.3646948
0.8030981 0.4513267
0.6227049 -0.1351605
1.100474 2.725416
0.9275143 0.715576
2.11975 0.5940806
2.093421 -0.1242686
1.863135 -0.301947
1.460636 -0.07650681
1.534016 1.268901
-0.0452627 0.3493201
1.443561 0.6623657
2.382741 1.108426
0.5149264 0.5878578
0.1214938 1.12301
1.011388 0.9629752
2.823783 0.485902
2.880699 0.3613329
-0.7097613 -0.391096
0.6682223 0.2669871
0.5907897 -1.795418
0.4944947 2.19825
1.373975 0.3843641
0.8860655 2.286989
3.103564 2.792033
-0.7861736 1.097201
2.24619 1.716559
1.544863 3.562105
1.67557 1.300628
1.177705 -1.029837
0.7078937 1.17666
-0.004021083 2.102717
1.961472 2.038823
3.061879 1.970646
0.6179221 1.291886
0.5804272 -1.979224
0.1877687 0.9852742
0.5060364 1.500088
2.247267 -0.7237824
1.687101 0.9150159
-0.04698204 2.649462
1.376149 0.5473778
-0.07398287 1.890911
2.597601 0.1150388
0.7153899 0.9751359
-0.6798173 1.152728
1.14492 1.097606
-0.05666164 1.150751
0.7636754 -0.3075503
1.338109 0.6998864
0.02706851 1.803697
0.8786674 1.018189
0.5490346 0.4841206
0.2525372 1.08991
0.6467379 0.2184186
1.23725 0.2849052
1.008928 2.31579
-1.040922 1.309837
0.2952249 0.3351256
1.190049 2.286637
1.196884 1.324834
2.581274 0.02017983
1.855921 0.8688709
-0.6610391 1.282323
0.5626512 0.9083943
1.279092 1.478789
-0.168493 1.959038
-0.04472303 2.479927
1.562531 1.072041
0.3390121 0.8251214
0.525314 2.966239
1.596408 2.695777
0.8978833 1.490651
0.7348913 0.3205123
0.8309748 -0.1245795
2.348084 2.890782
0.3626282 0.05832283
-0.7421552 -1.280844
1.044235 0.342271
2.702149 0.9445523
1.39968 1.014913
