0.6564775 -0.8210853
1.270524 -0.6345531
1.153218 0.6371583
1.424098 2.403763
0.2458903 0.3993659
-0.3090259 1.116472
0.5742398 1.75402
-0.7965777 1.469552
2.030957 1.506404
0.3882653 0.7326061
0.734959 2.205641
1.874302 3.449958
1.059979 -1.094909
1.17007 1.530681
0.6292268 -0.1913411
1.367916 0.960231
2.013635 0.8098734
0.1052578 0.2229396
1.816798 1.470392
2.20599 -1.798555
0.830772 0.2211627
1.440615 0.8236305
0.7143524 0.5747343
1.900139 2.290526
-0.3561908 0.4709746
-0.03800825 -0.7570589
0.9814147 -0.7849255
0.5236897 1.551967
0.7561497 1.681642
0.6757993 1.510807
0.589878 0.821336
0.4689396 1.287697
2.086452 -0.7394274
0.8649076 1.670573
0.6623403 -0.9650612
-0.1711767 2.25574
0.5171093 2.831149
2.303682 1.273164
1.665308 2.230888
1.151269 1.344931
-0.0644806 -0.4502222
0.2359315 0.4757207
3.374374 -0.005527436
1.023635 0.2213578
1.084671 1.378295
-0.1510331 -0.1409186
0.8732873 3.274574
0.707642 1.146352
-0.4530605 0.5597978
1.159307 1.238409
0.7077844 1.035976
1.131356 1.866454
-0.07323064 2.06195
1.734839 1.790579
1.780203 -1.092186
1.665207 1.507634
0.3813583 2.24806
-0.4402408 1.843132
1.235212 1.526767
0.5205616 1.13402
0.6311772 -0.8241983
-0.1140094 -0.2656479
0.1648097 2.136132
2.116909 0.9730399
3.10601 0.4525142
-0.3907326 1.903179
1.37901 -1.117446
0.6967258 0.0599415
3.326505 2.010927
1.684263 1.867433
0.8948057 0.6540687
1.076606 1.308572
1.784545 1.95472
2.721391 0.3468327
1.208096 -0.5222624
0.4614036 -1.198874
-0.894623 1.747158
1.961117 0.5718356
1.880733 0.6004906
1.046343 0.8846612
0.1158056 2.860476
0.8388323 1.33675
1.966421 1.448777
-0.2166273 3.086046
0.2581055 0.1874658
-0.2621845 1.43491
2.4196 1.825077
2.610164 1.170213
2.800999 0.72482
0.9240667 0.5387639
1.13585 0.9789444
0.01937924 2.186234
0.9269447 1.022901
0.1392275 -0.6440216
1.496402 0.9597381
1.378018 0.9077711
0.2544423 1.255917
2.054493 1.237975
-0.7721057 1.793278
0.8652504 0.6154738
