0.5442054 0.9388878
-0.01806957 1.356523
2.36363 0.575159
-0.4819451 -1.590432
0.7722759 1.457431
1.952155 2.143245
0.7643056 0.7026806
0.2164087 0.3258119
1.31452 1.732278
-1.141608 1.093041
0.2547968 -0.2053493
0.906546 0.3183686
0.9005367 -0.8277284
2.694536 2.626254
1.00181 1.480241
1.207402 1.024143
0.627831 1.404146
2.268921 1.338614
1.626903 -0.6418177
1.033198 -0.7652129
2.55736 0.8903406
0.9752281 2.220693
-0.621897 0.907935
0.263051 -0.3478649
0.3228919 3.283787
0.3277802 0.8555756
0.6667733 -0.4799845
0.9272139 0.4846244
0.9069902 1.230878
2.175663 0.9609267
1.592059 0.5803685
1.468988 0.0779134
1.333594 0.3912315
2.445857 2.473883
1.089437 -0.5771008
0.7979348 1.483344
2.46357 1.182312
-0.0341448 0.85068
0.9315438 -0.3229815
1.145097 1.182296
0.2626043 -0.9004291
-0.07473561 2.078796
0.3872772 1.224231
-0.6928697 2.594201
1.262079 1.891126
2.9335 1.354563
1.372343 1.232607
0.827098 3.086089
0.3263648 -1.065587
0.7997814 1.186358
-0.701898 0.5284278
1.561895 0.6560224
2.238166 -0.3121128
2.613717 1.011376
0.7629875 0.473526
2.101505 -0.5567366
1.166639 2.452391
0.4067734 1.328497
1.616964 0.9393519
0.03753934 0.04060459
1.05891 1.118649
1.123657 1.685561
1.902635 1.345342
0.1506344 0.9702966
3.22219 0.4544457
1.272264 -2.744473
0.0141937 0.7355577
-0.9505817 -1.090948
0.1262869 -0.01781291
0.2412225 1.694466
-0.7331785 0.7734794
-0.1480841 0.1713417
1.692552 1.569861
1.275396 2.408035
0.4532968 0.4454568
0.338516 0.7012346
0.3504489 0.3589741
0.8215413 1.85914
0.7363792 1.10284
-0.06110775 0.4489456
-1.116536 2.11004
1.386141 1.463325
0.4296586 0.8359074
0.2124937 1.879955
0.9352865 0.184734
1.084659 2.025813
1.605956 0.7974632
3.167615 0.5317512
1.832256 1.252829
0.6170489 2.41994
0.8420714 0.3517122
2.902108 0.2465054
2.325517 -0.246507
1.692086 -1.648773
1.382687 2.07841
1.209661 0.7225749
1.09021 1.547333
0.4869456 2.098482
0.8339426 0.8893078
1.42221 0.6936896
