0.9856792 1.225479
0.5188658 0.3086856
2.138109 0.4091031
-0.2833306 0.8235925
-0.3826707 1.026378
1.273581 0.5670713
2.423039 0.3385279
0.6578275 1.057863
-0.01616234 1.81669
1.309867 0.8218343
-0.528675 2.328911
-0.1521104 -0.4103301
-2.341418 0.8193634
1.57413 0.4462018
-0.3504453 1.376469
0.4730979 0.9446526
1.552975 0.3989012
0.1790667 0.7548293
2.945755 0.8931803
2.902502 0.7138247
1.44245 0.1452291
0.1431898 0.2733348
0.612865 2.052166
1.251384 1.207284
1.274057 1.950519
2.493308 2.043508
1.344674 -0.2032887
2.785945 -0.7746643
2.49246 0.5781918
1.482616 0.7530707
1.977819 1.064975
-0.3108983 1.055047
1.486145 0.4473035
1.250941 3.041244
1.501062 0.9213412
0.6013747 0.7475805
-0.6428715 1.183918
2.084409 3.219073
1.514409 1.55896
0.328495 1.738799
0.3038977 1.567362
0.3119523 1.430254
1.75383 2.090476
1.117339 -1.830957
1.740981 1.874628
1.873753 1.392567
2.429166 1.739349
1.578464 -2.003412
1.775525 1.053618
0.4278074 1.030442
1.386469 2.936952
1.834434 -0.3688236
2.47196 2.976829
0.4299854 1.434761
1.855741 1.638462
0.8734917 0.266284
0.1190015 1.313427
1.345732 1.319012
2.398 -0.6020426
0.7810666 1.709229
0.7911411 0.8500049
-0.2355926 1.371372
3.509087 1.309333
1.151087 0.8823497
1.510567 2.51236
2.025991 2.18008
1.883574 1.406786
0.3616498 1.016082
2.21423 1.14071
0.9158586 0.9702496
1.044661 0.8428576
0.7880479 1.373905
2.338829 1.635491
0.8801685 1.042566
3.339518 1.122481
2.613772 2.873198
1.275911 2.404219
2.186641 0.5995292
1.276419 0.9475087
0.8726714 1.768151
2.746609 0.9438624
1.05405 0.8076328
1.225002 1.637135
2.022107 0.8016529
-0.1059505 2.999189
2.056851 1.037552
1.657191 0.8949772
1.233454 1.761371
1.769116 2.512238
2.636406 1.133238
1.592227 0.6955745
0.3524722 0.6796902
1.130483 0.549848
0.1361177 1.451195
0.8159831 2.663852
1.799208 1.510664
0.3707262 -0.3069597
1.155672 2.308482
2.415465 -0.6884748
1.088472 0.4988636
