1.670311 0.4763846
-0.1936076 2.321379
1.993656 -0.3521416
1.053546 -0.2626118
1.847451 0.6377461
0.8879686 -1.147539
1.046004 1.20522
-0.2084893 0.7141374
1.264012 1.544813
0.06275418 1.610729
0.5629777 0.9714948
1.685724 0.7733495
0.9534902 0.836518
1.046798 -2.06663
1.715797 1.284342
-0.4777441 0.8811283
0.7365722 0.04152758
1.639885 0.4276079
0.3037354 1.5063
2.471562 -0.3609795
2.310544 -0.2199447
2.540678 -0.3232645
0.3215448 -0.163298
-0.7307251 -0.1218156
1.874215 1.012535
2.786848 2.057301
1.639177 0.5857822
1.775258 -0.07348274
2.268138 0.1284544
1.296024 1.125636
1.699078 0.710384
2.561116 2.147386
-0.04636474 -0.3352037
1.049997 2.316532
2.459398 -1.133224
0.8345583 -0.4990796
3.193977 -1.420011
2.98055 1.789389
-0.2671239 1.320394
2.235052 0.167518
0.7981148 2.287269
0.01728546 -0.9484437
1.842968 -1.020829
0.6723015 1.425128
1.309439 1.096954
1.772884 0.7637086
0.7069391 -0.2005847
0.003655348 0.2232615
0.4013812 -0.4716619
2.494017 0.8800412
0.6558401 0.9888514
2.515235 1.199818
0.9085504 0.62669
0.8857524 2.533474
3.387902 -0.06276929
1.546045 2.021944
-2.322475 -0.1104656
2.191757 -0.2511956
0.5099965 -0.6189165
1.235122 0.9241067
1.781818 -0.1743907
1.242441 0.6850551
1.477932 0.9624413
-0.07238829 2.024752
1.093375 1.054774
2.019415 2.424599
0.6655163 0.2708407
-0.06534519 -0.8422058
2.304907 2.332496
0.7774783 -0.9155938
-0.4315868 1.382941
0.5131255 -0.919351
1.420456 0.3933009
0.5783983 0.2105657
-0.388288 0.6115436
1.629916 0.2999398
0.9270405 -0.5269918
2.991224 -1.312357
1.024891 1.950581
0.8741968 1.055537
0.6954206 1.586424
1.844245 0.6818324
-0.5332163 -0.1034603
-0.6532702 -0.04123988
2.483099 0.2620374
1.555258 0.4243392
1.252743 2.317159
1.243441 1.172967
2.94589 0.1266082
0.7295383 0.8743474
2.030094 2.211975
-0.5800791 0.1306226
0.6612991 1.61278
-0.5243251 0.7588369
0.2878006 0.3920286
0.4187388 0.8830716
0.4954668 -0.440399
-0.2501914 2.849604
0.3967952 -0.01987756
1.54362 0.9875524
