1.067326 1.209637
0.6612702 1.52902
1.844556 0.3906286
-1.132991 0.8844329
1.639219 0.1266472
0.307849 0.3351466
1.206814 0.3925885
0.03195628 -1.3516
0.5743734 -0.1617812
-0.4931259 -1.215049
-0.3699264 1.219227
1.07509 0.1804899
-1.504844 0.9517838
1.993229 2.438898
0.9843334 0.3241007
-0.05750272 0.497793
0.1910735 0.400351
1.662039 0.5236109
1.857044 2.072177
0.6600967 2.051377
1.01555 -0.8165955
0.02434985 1.320504
-1.109647 0.6559428
-0.4752628 1.747595
1.485558 0.9779674
0.7540707 1.151993
1.723196 0.09304466
0.6466865 0.7850306
1.169482 -0.492681
2.225787 0.6500851
0.176127 1.300886
0.8953791 2.38051
3.003608 2.300148
0.9631 0.8420916
1.915561 0.2331182
1.59858 3.395705
3.185806 -0.0678102
1.842937 1.155488
0.8189956 0.01687496
2.252183 2.942134
1.296783 0.7885641
0.6746294 0.3615381
-0.008060569 -0.3372192
0.2033979 1.890644
1.024108 0.5086469
1.745758 0.7101442
-0.1595983 0.6179239
-0.03018322 1.885849
2.065477 0.5664469
-0.01877413 1.24856
-0.04264597 -0.0307468
0.7818196 0.9774687
0.7159127 1.030267
1.5935 0.8228149
-0.06215915 0.145666
2.24285 1.592695
1.905131 0.1218583
-0.06292612 0.5631217
0.2201516 1.972931
2.09237 1.382524
1.565808 -1.050911
2.219063 1.373079
0.8340296 1.485679
1.087182 0.3603839
1.509303 -0.8966209
1.193174 -0.9545701
0.5081165 0.35167
1.627725 0.003678925
-1.184501 0.5791656
1.136465 0.8812407
2.009594 2.980615
3.024453 -1.011961
0.8929583 1.125231
1.751251 1.410384
0.3210315 -0.1975672
0.1448344 0.848792
0.6523618 -0.9304595
-0.07189914 0.3241856
1.541127 -0.9795437
1.846102 1.379652
0.000112046 0.4340678
0.9579254 1.022762
0.7676374 -0.148673
0.4937763 0.5302334
2.489818 0.9276045
0.9594673 0.7649434
0.4676013 -0.8840145
0.5940296 -0.7298659
0.3597292 0.006376015
-0.201478 2.52741
1.270298 1.440102
3.103568 0.4887486
0.8032599 0.128483
-1.006904 -1.119426
1.735411 2.700337
0.5936999 1.248828
0.9469353 -0.6277819
0.6677895 0.1943811
0.4187775 -0.5240739
0.5485636 1.498058
