-0.9117252 1.726545
1.146149 0.09825085
-0.7147724 1.242324
-0.5562369 0.6419598
2.985012 2.297743
0.2557002 1.815227
0.5565685 -0.3690646
2.514259 1.329311
2.178701 -0.5195481
0.9681386 0.3354728
-0.4803248 1.191738
0.9486981 -0.1945783
0.3877054 0.001403181
-0.04437622 3.507413
1.963351 1.129752
1.225568 0.2558465
0.8200713 0.8614163
0.3085721 0.2697848
2.382955 -0.8337651
1.611181 -0.7422902
-0.5664126 -1.3622
1.382673 0.1970109
1.013865 -0.1537876
1.274867 1.375112
1.706756 0.9097083
0.3406486 1.585171
1.144725 -0.5209552
0.7631733 0.1033151
1.301273 3.383781
0.4562911 0.4358624
2.505203 1.685784
1.033696 0.6369167
0.7656001 -0.5649394
0.5791887 -2.288704
2.677225 2.48084
-0.06174389 1.181504
0.6484157 0.7092475
0.2822898 1.266608
2.016471 0.1328224
-0.1936361 2.517716
-0.2901242 1.002118
0.7483514 1.191669
-0.09170073 0.6645797
1.459137 2.154711
1.293437 1.548362
1.327374 -1.62005
-1.725464 1.7288
-0.8037653 0.3979213
1.337667 0.4381966
3.243833 0.6199836
2.323792 1.311238
1.297913 2.461949
-1.302078 -0.37218
-0.5952029 2.847248
-0.3697468 0.3050454
0.01908694 1.108007
1.739721 0.4493865
1.524888 0.9986895
2.114247 -2.194508
1.198404 1.378068
1.572087 -0.7404159
0.9758623 -0.5074538
0.1666661 -0.00848506
-0.4349686 0.688803
1.799392 -1.200724
-0.04307132 1.521899
0.3285719 0.4795001
0.7687179 0.4043658
0.5671647 -0.4864273
-1.7263 0.5447125
0.5804726 1.949332
-0.01323403 0.4168929
-0.3744308 -0.708852
-0.2165352 -0.3586309
-0.3805322 0.4052245
1.034618 0.07995918
0.7414312 0.6146855
2.039503 0.9656925
0.3718203 3.022069
-0.5649254 1.086068
1.907736 2.742162
-2.168893 0.06348423
0.6359791 0.8730633
0.05088208 0.9648231
1.342169 1.209562
-0.4718983 0.7081741
0.1873391 1.640385
2.200612 -0.570855
1.35463 0.9153481
1.222036 -0.9035839
0.03953414 -0.2310834
0.7878217 2.057693
1.779075 -0.2111917
0.8323012 1.221486
0.08279458 0.6565319
0.8490044 -0.1675288
1.386554 0.06439239
0.1896965 -0.3630565
3.264544 0.0348801
-0.6060817 1.424466
