1.210661 0.4463257
1.377993 -0.02993393
1.914637 0.3670009
1.542496 1.147883
1.179604 0.779955
0.8771243 1.630098
0.1750756 2.081451
0.5540356 0.9356009
0.4982999 1.798976
3.769002 0.6836287
1.276606 0.1281183
2.275101 -0.03604107
0.407285 0.7530112
1.363723 2.904854
-0.1426337 1.351136
2.679182 -0.6201126
2.616417 -0.4822522
1.912666 0.9983603
2.663053 2.222106
-0.9407576 1.822074
0.957662 0.3735594
-0.7594436 -1.185493
1.40869 2.391394
1.269943 -0.02554326
0.6201271 1.518107
2.897974 0.1364526
-0.3595448 0.9017078
1.740269 1.326777
2.102468 0.7029946
0.3702866 -0.4875741
1.590387 2.355254
0.2785143 0.683922
-0.5078375 1.2015
2.370138 0.7353493
0.3899832 -0.3496285
0.271322 1.543808
0.06692439 0.8435082
1.166292 1.157042
0.6889335 1.780592
0.04130054 0.5984966
1.423943 0.09625181
0.5657902 1.206767
1.355639 0.4203298
0.265028 0.414929
1.447723 0.9815877
0.4399901 0.9990917
1.93579 -1.44502
3.176765 -1.380289
0.6869421 0.9000807
1.609386 2.234586
1.399843 2.258446
-0.1061446 1.037957
1.793802 -0.1521765
1.794255 0.7328699
-0.09563941 -0.2182963
1.865808 -0.6223417
2.349713 0.7421847
1.117146 0.4825382
2.64682 -0.07304771
0.8122877 3.094753
2.468592 0.9051366
2.507469 -0.4957652
1.565191 0.6024378
0.3106263 1.107758
1.827255 0.9443822
0.276467 1.379028
1.629608 1.144257
0.6056405 0.7689441
0.8622921 0.5738422
1.573599 0.6088957
1.349032 1.034607
0.1590181 1.608545
1.796494 -0.8517884
-0.1486628 1.248473
2.910881 0.4507454
1.148477 1.578321
1.122525 1.773917
1.591729 0.8738742
1.507474 0.6857597
3.099557 1.420312
2.259766 1.232137
0.3341235 -0.9965041
1.536804 1.755913
1.311861 0.9920901
2.054159 1.860013
1.746581 -0.9101751
1.108837 1.249288
0.5489873 1.026456
0.2649086 0.9409633
0.1054053 0.4200922
0.8701714 -0.01432952
-0.6987702 0.2292921
-0.2832123 0.2236251
0.7029395 1.914641
2.449089 1.9926
2.439484 1.142544
1.098125 1.808958
1.727303 1.09279
1.267548 -0.2420641
-0.4620707 0.983043
