2.052736 0.2891957
1.631817 -0.09223397
1.256495 2.034482
0.6660643 1.498618
-0.7872975 -0.7953314
1.793042 -0.1547688
1.302383 1.021021
-0.7709419 1.084022
2.017394 1.075464
2.296551 1.47849
0.7478038 0.2813424
0.614068 1.186033
0.7075921 1.337671
1.39152 2.311287
0.6810613 2.172997
-0.01373268 0.8036363
0.7432009 2.014166
2.839535 1.245885
0.3238122 0.9422645
1.834576 1.53528
0.8009486 -0.4609221
1.160805 0.6178489
0.7566831 2.422346
2.620802 -0.5726127
1.519758 -0.4537593
2.518272 1.117307
0.2498429 0.5388597
2.192151 0.2457121
-0.08898913 0.5585865
0.6062474 2.166599
1.914201 -2.076186
-0.5348181 0.7637809
0.6806676 0.3776895
0.9601085 -0.3490968
3.7732 -1.020702
1.342424 0.2684844
1.169354 1.684218
1.59634 3.650054
-0.5837047 0.6098497
2.116066 1.098143
1.786884 -0.1353119
0.7997881 0.3243717
1.476845 0.972831
1.048089 0.8211884
0.5905865 0.5928064
0.8777848 0.4369081
0.2069755 0.2228834
1.485891 0.9207858
1.805495 -0.01049002
1.647741 2.076203
1.354041 3.884858
0.2284038 0.6956223
2.276096 0.5400697
0.4414055 1.776485
1.138593 2.117684
1.149998 0.1577065
0.7635886 1.252959
0.5675476 2.199995
2.297276 -0.4402624
0.7519162 -0.05115144
0.4387212 1.542202
1.071201 0.04811227
0.3860143 2.624042
-0.07242637 -0.626709
0.5944984 2.072082
-0.4988067 0.8898181
1.982513 0.2488347
1.427846 1.129366
-0.07490344 1.92932
0.721733 1.89024
0.09216834 2.563726
-0.5924103 0.8021813
0.6480755 2.255244
2.019686 0.8473147
0.6907319 2.117848
0.296794 0.4339278
-0.3030929 -0.3648599
1.763437 0.5511571
0.2104358 2.603718
1.543476 0.5208866
2.465137 2.554723
0.8592583 -0.1968932
0.6701686 1.025117
1.657216 0.6765044
0.9212852 0.5863493
0.5942582 0.9730085
-0.3328226 0.5450633
0.4621805 -0.6132139
2.144308 1.220244
2.431437 0.2952797
1.752244 0.7039267
-0.09294359 1.529471
-0.5870042 0.529922
2.280983 1.142414
1.247796 0.8279285
3.23869 0.2578034
0.0179672 0.05155447
-0.5465499 1.313891
2.105795 0.7465428
1.580109 0.8972353
