0.3843435 1.287937
-1.140016 2.385141
0.2684947 2.318934
1.766292 2.309727
2.970646 1.551662
1.48103 2.457522
1.469658 1.308997
0.05403653 0.5018592
0.3146725 -0.4470807
-0.6233034 0.9967987
-1.469938 0.9916902
0.9945718 1.015873
0.5394659 0.8784178
2.201754 0.27574
1.282353 0.9028482
0.5772675 1.754127
1.01523 0.3311402
1.631229 1.558934
0.7571116 -0.4129146
-0.377322 -1.365422
-0.01358889 0.1102871
1.563245 2.70512
-0.3238856 0.1117654
2.252642 2.762554
3.394359 2.391078
2.522072 -0.2376641
1.483688 0.7447393
1.181194 0.2222152
2.990118 1.554163
1.88028 0.9419949
1.514376 0.8334873
0.8844013 0.7674283
0.1284178 0.3711566
1.554306 1.151503
1.468622 1.133966
1.464664 3.862162
1.402459 1.079802
3.552555 -0.4980143
-0.9273638 2.315736
1.377687 -0.1236336
1.903497 -0.700942
1.064358 1.346311
0.6584449 1.621331
2.136175 2.388231
0.7393191 0.7554083
1.509746 0.3232718
0.8444915 2.064409
0.7578133 -0.3695649
0.02797361 0.9562725
0.7360046 0.8560107
1.398366 2.700023
1.964639 0.6628329
1.757372 0.2513124
1.474438 2.252942
0.5475077 1.201099
-0.7723518 0.4814087
0.5217295 -0.4239334
1.905154 -0.3445128
1.801697 2.825623
0.906101 0.1528217
-1.472813 0.7374072
1.650166 0.1258554
0.6757853 0.9662102
2.833048 1.834594
0.9863648 0.6722612
0.8463176 2.332592
1.530172 0.7242649
1.155943 1.671591
1.3669 0.007079844
2.431268 1.657457
-0.1354092 1.479905
0.1953859 -0.2709555
2.752888 1.244337
-0.08312977 2.833965
0.8720297 0.750979
1.688319 -0.3801663
1.372755 -0.7953096
-0.3617616 0.7418146
1.938686 1.404022
-0.05194478 0.9280347
-0.8314532 0.8110306
2.3968 2.323093
1.479591 1.697547
0.5119051 1.006127
1.708446 0.0007988196
0.6621341 1.628253
1.598798 0.04021615
0.8194334 0.8520605
0.9689803 2.330349
1.000796 0.5198788
-0.7721828 2.125561
-0.6901213 0.5650323
1.950342 2.170073
-0.1331691 0.9764841
-0.0743795 0.3375591
-0.6591591 1.826775
3.077191 0.7476797
3.867866 2.662667
0.4446811 -0.9549631
0.9267798 2.202224
