1.875644 0.8638021
1.185126 -0.8599247
1.536447 0.3222266
0.1626621 1.037929
0.4969342 0.3785369
2.39049 1.317014
3.106787 0.8113127
0.1503094 1.036063
1.732108 0.6424646
1.129112 0.5380187
0.8873182 2.278907
0.08001354 1.165889
0.1834798 -0.3572625
2.817889 1.215754
-0.007862601 2.141675
2.34219 1.862159
1.137093 1.724902
0.9691694 -0.9497446
1.360694 1.670442
3.375328 0.6072639
-0.4721532 0.3037144
2.70818 -1.020079
1.257373 0.8858157
1.795123 0.4984339
0.7729287 0.7156863
1.605128 0.5256561
0.5210399 0.1963259
1.580924 0.3201296
1.602317 1.597055
0.3071715 1.274243
0.4364267 0.1212174
0.8177676 1.148587
1.17302 0.4199705
-0.3243016 0.2590756
1.193433 0.5039543
1.318604 1.448582
-0.3147148 0.1291137
-0.4724266 1.265979
1.482988 0.9419088
2.828299 1.0721
2.084487 1.331154
1.610047 1.060707
0.1624761 1.400537
-0.3457177 2.566368
0.819004 0.6582719
0.01619476 -1.080714
0.7630645 0.501281
0.8637071 0.4584691
-0.05663911 1.561683
2.376163 -0.02289469
1.163004 0.7571729
1.20272 2.03931
0.7249575 0.5824591
-0.06176673 1.154061
1.119792 0.9478257
1.084763 2.4392
0.7474706 1.127632
0.7384629 -0.2084516
1.322155 2.724497
3.291448 0.3064696
0.2445366 0.9241229
0.1508033 2.282833
-0.5698225 0.1780347
1.493674 0.2369605
-0.232923 1.530142
1.900074 0.131834
0.5665948 2.083695
-0.1614693 -0.3478572
1.36295 0.09202147
2.311973 1.075333
1.73597 0.1989139
-0.4453344 0.8328131
-0.7755889 -0.7256623
2.025045 1.27323
-0.8319305 -0.2519254
1.771997 1.33351
0.3379386 0.8180626
1.34733 0.2255305
-0.6974657 0.515362
-0.7561692 0.8357102
2.065982 -1.566174
2.033959 1.458807
2.072729 1.235096
-1.452572 -0.7089136
-0.09661055 0.3884396
0.2943507 1.030012
1.316361 -0.954792
-0.2780168 0.3041542
1.502274 1.060964
0.6030751 1.010893
2.376542 0.9087748
1.514041 0.3605905
-0.3863862 2.27231
1.373475 2.071991
0.1092497 0.3876177
1.73994 0.04187508
0.4513624 0.262646
1.111981 1.321146
0.2817425 1.208012
2.089366 1.18626
