1.314572 0.4102041
1.106293 0.5743744
2.28644 0.3859172
2.083331 0.4279398
0.5074878 0.9313905
1.774999 1.190638
0.8700208 0.5633774
0.9947993 0.7593432
1.448452 0.1813026
0.6392664 -0.6030754
0.9019401 -1.641104
2.946482 1.097368
1.449878 1.120827
2.143499 0.7365661
0.9780711 -0.5077347
0.8535536 2.920935
0.9515175 1.599004
0.6578393 0.6549209
1.291626 0.7553203
-1.476591 0.5022322
3.135635 0.01880037
1.210703 1.498807
2.013095 1.006365
1.073069 1.889713
-0.2609606 -0.1532246
0.9611547 1.21852
0.3848098 1.160271
-1.136544 -1.021666
3.772755 -0.7460843
2.652482 3.027204
1.337355 2.479345
1.654059 1.226648
1.014271 0.9079933
1.665501 -0.7984362
1.117404 0.5927442
0.118943 0.02099172
0.0398966 2.293487
2.350335 0.4751295
2.268082 2.528925
0.4361846 0.5196403
1.939326 1.408804
2.89019 -0.2079788
-0.2471836 0.1299914
-0.6023028 1.725397
1.70278 1.187167
0.0004527216 2.63256
1.22285 -0.3751226
-0.3999142 -0.8165209
-0.1696108 0.8857746
1.330125 1.999402
1.147471 -0.1814004
0.09160012 -0.2557575
2.348355 1.37475
1.721447 -0.6394776
1.207489 0.5677789
0.1045349 0.500843
1.831638 0.2746671
1.581015 1.460543
1.933119 0.09791581
0.6802138 0.9251241
-0.4778485 2.108844
2.361383 1.319823
0.8936398 1.189929
1.96835 -0.2593182
0.4312328 1.605763
1.078668 0.7315461
0.0821805 1.549553
0.8072887 1.82332
0.09552041 1.401445
0.5299719 1.433283
0.1828628 1.014409
2.035616 0.9026532
1.550005 -0.366347
0.7664413 -0.4110764
1.946049 1.258786
1.412516 0.546085
1.922665 0.2508332
-0.8981702 -0.7347462
1.088646 -0.8574829
0.8706713 0.7655377
2.895857 -0.2797023
1.515111 -0.2466803
-0.5100119 0.7150788
1.073906 0.8603843
2.28945 1.202502
-0.009343181 1.435977
0.2565945 -0.5703322
1.783138 -2.557585e-05
-0.7608636 0.212862
2.254185 -0.1934184
-0.2531877 0.1486912
-0.6048412 0.9507656
2.334225 1.610567
1.459577 0.6312578
-0.01708482 1.103452
-0.5772922 1.068799
0.5393312 0.8136874
1.703963 1.647251
2.074867 -0.5524084
0.05367139 1.258768
