1.125015 -0.4417665
2.716944 -0.4787169
2.337128 0.4331524
1.100397 1.104173
0.810833 1.568985
0.8745048 0.2546121
2.252832 -0.1855422
-0.1292615 0.8951048
1.349115 1.52462
0.008430702 1.130707
0.4916017 0.1761663
-0.5686144 1.479275
1.506025 0.2365067
2.248712 0.9204697
1.479256 -0.1598365
0.5681658 -0.5050858
0.7704474 0.9268572
2.215206 0.6189131
3.98161 -0.05442254
1.574514 1.623741
0.1250369 0.6690686
2.085973 1.192607
0.9640112 0.3461756
2.518738 0.00528768
0.08172471 0.3738923
0.3177656 2.092654
2.038387 1.338667
0.5768911 -0.3603302
1.020092 2.571481
-0.6463616 1.098797
1.573063 -0.9324793
-0.09354481 -0.7934488
1.844661 1.887505
1.25784 0.1468017
-0.9726404 -0.1825018
2.173635 2.378247
0.6739083 0.9295623
-0.1152674 0.6150976
-0.0466222 0.7597635
1.930814 1.662523
1.012599 0.8127868
1.184561 2.423193
2.515672 0.01130383
3.097004 -1.295223
1.449626 0.3575162
0.4004373 -0.1021384
1.763158 1.678728
-0.5662477 0.2953716
1.603649 0.3240689
0.7022259 1.952164
2.138096 2.82643
1.5886 0.004393035
2.016262 1.065677
-0.8707744 0.8031453
4.170844 0.6051865
1.659636 1.665373
0.4131593 0.2825265
-0.05882863 -0.8441069
2.805146 -0.02037159
0.6697655 0.5766179
1.485173 -0.5812547
1.758203 -0.8290108
1.576434 0.5008742
0.9370364 1.484768
0.4184431 0.9882638
-0.6788016 -0.3483442
1.964313 -1.39661
-0.1818742 2.101778
-0.01852528 -0.2459926
1.901732 0.8515635
0.542347 3.268832
0.5254211 1.215778
1.259829 -0.230891
1.039769 0.8918967
-0.3172209 0.7109743
0.7314306 -1.473048
2.06568 0.8873488
2.315474 0.7353496
2.642949 1.438912
2.28022 -0.1648493
0.5733479 2.425039
-0.006152151 -1.070674
1.167694 0.03322512
1.079826 -0.09415853
0.02911204 -0.1985165
0.2738979 0.2873573
1.13247 -0.1776103
1.391531 0.9425706
2.534685 3.205449
0.8472664 1.217002
0.04135147 1.46056
1.274823 -0.1841078
1.658928 1.104792
0.02803792 0.875175
1.561056 1.8347
2.521586 1.052429
2.558492 2.040353
1.44198 1.768825
-0.1470884 0.6419006
1.354653 0.6829679
