1.12238 2.532427
1.979203 0.4358576
2.701726 -0.6272511
1.343883 1.741227
1.082178 0.8395659
0.7729643 0.4414033
0.2459259 1.076485
0.08245594 0.8181551
0.5756276 1.74265
1.367703 2.172282
0.2556266 -0.3155944
0.9246433 0.9367905
1.923606 -1.751918
0.1226796 0.01185934
0.9314216 2.495714
2.52645 1.807669
0.7556682 0.7423686
1.03161 0.8763295
1.159871 2.076573
1.756759 1.121902
1.940339 1.609251
1.390399 1.673857
-0.5714394 1.093817
2.260424 2.15264
0.9244194 0.8683603
-0.09050505 1.105624
1.36743 -1.178775
2.08232 0.6658393
0.7084046 -1.032417
1.076748 0.9506295
-0.4680355 1.159723
-0.3194931 -0.5040601
0.9328121 1.363727
0.8990609 1.054588
1.189456 1.484139
-0.4720729 0.0490526
1.15712 0.276166
0.5582723 -0.488945
1.964769 0.6006366
0.2949999 1.548112
0.5000741 0.8396686
0.304694 0.2114108
0.2152491 3.278387
0.8876431 1.680036
0.2914703 0.7048506
-0.1918143 1.870136
2.340597 1.710867
0.1152539 -0.389323
1.574973 2.124474
1.071883 -0.6247233
1.786437 0.4058359
0.751849 1.12979
0.7925348 -0.5161681
1.038024 -0.2417765
2.123178 0.08926071
2.329172 2.508653
0.6741893 -0.3692053
0.1460695 0.3122931
-0.396077 0.3439375
1.480222 2.135463
1.114546 0.869405
1.775248 0.7937316
2.580641 0.1416367
0.7401797 0.9596855
0.8108812 1.61315
-0.9824088 2.187001
0.8728709 -0.3826681
0.9200781 -1.241492
2.385039 0.2073108
1.00041 -0.4668533
1.512106 0.1694456
-0.167996 1.44851
0.6192469 1.623628
0.1457327 0.1999433
-0.3004282 -0.6443551
1.589331 -0.7621717
-0.6712021 0.1087791
1.004117 -0.02250228
0.9401037 -0.0857753
1.315998 -2.139878
0.6293768 0.7281584
1.173932 0.9681331
0.6601834 -0.9609148
-0.02896629 0.5872632
1.625148 0.1423223
2.961572 2.501877
-0.1111396 1.390899
1.816506 -1.276828
2.202372 1.584542
0.04272405 0.4841768
0.6695105 0.957988
-0.1591355 1.409231
-0.4485321 -0.7235038
0.3747621 -0.1584603
1.311129 1.875467
1.235357 0.8507267
2.51231 1.27533
0.3975074 1.615691
0.9427636 1.382301
0.9195015 -0.8487001
