0.9553155 -0.6727751
0.7077245 -0.3614816
0.9982246 -0.0858869
0.9278681 1.03992
1.496364 0.3167127
0.9382815 -0.1126286
2.682296 1.492543
2.301006 -0.5883259
1.158898 0.4356397
0.3263677 -0.1911542
0.6294131 -0.06292131
0.4788224 -0.6228506
0.6240362 1.779831
0.2016987 3.118947
1.323554 1.362838
1.445308 1.118053
0.07931151 -0.6347962
1.166522 0.8142939
1.147453 1.478222
0.9667114 -0.02643199
0.7499139 2.014042
2.144366 0.1499915
1.444815 1.913716
-1.026058 -0.08110208
1.566423 -0.1403633
0.3979289 0.4082692
1.490013 0.08793823
0.7837519 0.9527149
1.688901 1.083691
2.04014 0.8756178
0.9019126 1.025597
1.481112 -0.2990357
1.112827 -0.8608827
0.8556108 0.3056724
0.06130851 0.1567018
2.189557 1.725054
-0.03545544 0.6004504
2.198938 2.412486
-0.7249901 0.5625015
0.5391275 1.206166
1.89376 2.112315
1.263488 0.4077769
1.257291 1.01203
0.9496977 2.239844
2.407485 0.2437749
1.007077 1.19816
1.565426 -0.9506494
0.112731 -0.3698682
-0.2772092 1.11695
2.197729 1.254466
0.6609884 2.436915
1.328319 0.3914486
0.3120625 1.299816
-0.08486139 0.2861782
0.7151274 1.131287
-0.2010283 3.005908
1.885226 0.2690983
0.8928422 1.189873
1.134349 2.170387
2.249963 2.074425
0.06071744 2.779944
-1.399322 1.055186
1.085953 1.654582
0.02560921 0.2736929
1.497895 0.2138702
0.2608507 -0.7097604
1.840245 -0.1585779
-0.2199455 1.545746
1.424763 0.1668536
-0.08888568 0.05683249
2.595893 0.903809
1.364282 0.7620845
2.695789 1.358938
0.7962983 1.680854
0.1338438 2.565224
0.9619593 0.1972944
0.3156517 2.366623
2.246471 1.358266
1.338376 1.780372
0.5087577 2.917749
1.142881 2.37005
1.439076 1.263249
1.073702 -0.1150229
1.09419 -0.5812846
3.120919 0.570953
-0.01939041 1.328918
2.196527 -1.165973
2.193586 0.3431842
0.7220854 0.4468654
1.834282 1.583366
3.160583 -0.423815
0.1376939 0.4536524
0.5643016 1.636893
1.93987 0.3690933
1.957934 -0.08150728
1.274591 0.7234666
0.4445818 1.388216
0.2580893 0.816968
1.200058 -1.297404
2.841482 2.16237
