-0.01366393 2.590583
1.363384 -0.5685457
0.984543 -0.3231137
1.080904 -0.6015736
0.8027995 1.402881
0.8094126 0.6484894
0.3020933 0.9259317
0.7524437 1.526424
1.748749 0.0650867
1.367975 -0.9795603
0.7116307 2.450771
0.1847879 0.4732003
-0.01096623 1.312035
1.285281 2.701573
1.983145 -0.1963222
2.57165 1.753438
0.001826512 0.5973773
0.211322 2.110977
3.185079 2.21521
-0.1246131 0.4032142
1.603498 1.570638
1.082208 1.874779
2.335398 0.08916608
1.868594 1.941986
2.031434 0.5487588
0.7564129 -1.324271
0.9180423 0.5788408
2.078405 1.475086
-0.3634877 0.8681976
-0.3033499 0.2116241
1.787556 0.2555467
0.3813956 1.921904
0.9128184 1.261778
2.143846 1.9537
1.626272 0.6252425
3.226186 1.338557
0.346415 2.078919
1.962562 0.3303234
1.145536 0.74588
3.837009 1.478621
1.035779 0.2105962
1.862813 -0.1465104
0.4107131 0.5488041
2.19926 -0.6662181
-1.053027 1.943827
3.352933 0.9216842
0.1794257 0.1304481
1.293474 1.316564
1.886269 0.4396951
1.677482 0.4879251
1.651427 1.544421
2.080448 0.117
0.7901052 1.392731
-0.541498 0.6188071
1.586487 4.329181
0.4769462 0.8291071
1.080993 1.626212
1.671069 -0.1234699
1.357702 1.796923
0.9226897 0.372303
1.270941 1.113632
0.8647453 1.425478
1.53541 1.060808
0.9482575 0.5613398
1.267666 1.253278
0.4604798 -0.3495298
3.370816 1.685804
0.4230289 2.01032
0.1668424 1.475052
1.857794 0.5415079
0.9433786 1.10696
1.347105 -0.7470161
1.639065 1.489062
1.921224 0.9993426
0.1777164 -1.471237
1.875557 1.400224
0.8134548 1.435354
-0.05814432 0.8020014
-0.6987753 0.2310611
1.954506 0.5361814
0.5625861 -0.1217167
0.5963929 2.343665
0.7186528 0.5904001
2.583117 0.696958
3.232135 0.6077493
1.119691 0.2388785
1.902521 0.7323164
0.1360583 0.4851586
2.091818 0.2239361
2.724613 1.146542
0.8325342 0.9331098
1.2088 1.235365
-1.88001 -0.5594512
1.844476 0.0621774
2.253535 1.049171
-1.597374 -0.1049637
-0.5450096 1.343783
0.1124853 0.5200974
1.480076 0.9330932
2.270488 0.1741746
