1.161457 2.050723
0.7375297 1.506363
0.7712148 -0.1852519
1.382693 0.759827
1.63711 2.080236
0.355981 1.499471
0.7987662 -0.956875
0.8226076 0.6871043
0.2088202 1.249648
-0.3962095 0.4216135
0.7102627 0.03586819
0.2426565 3.195878
1.145595 1.431227
1.023069 1.167323
1.001949 0.6842258
1.326072 0.6803238
2.224651 -0.8228211
0.9506951 1.649359
-0.2751306 0.06285522
0.3240547 0.1641252
1.984354 -1.375535
1.211571 0.01074418
0.9325393 1.331253
-0.05553856 1.670329
0.7073621 0.7443373
1.984942 0.216385
-0.3162137 -0.1151171
2.216716 0.7448279
1.711916 2.183017
1.334175 2.020947
1.085433 1.668371
0.9763993 1.505136
-0.05981436 -0.6150182
0.5241294 1.613411
0.8650851 1.375777
1.04583 -0.4520734
0.9633921 0.5689356
2.567846 1.775457
0.2214767 0.4366715
1.374603 1.196621
1.520352 0.9086981
1.140248 1.814693
0.6557856 1.636386
0.6409972 0.3859672
-1.772308 -0.1164623
1.686873 1.91397
0.05878381 2.25414
1.594741 1.012543
1.526411 -0.7056134
1.866058 -1.08734
1.691375 -1.023769
0.1625725 1.275736
1.107498 -0.120775
-1.395252 1.095779
-0.004834922 0.07764541
1.44597 1.63527
0.7834824 0.3558599
1.999166 0.9084408
0.624905 -0.008586353
-1.027011 0.8490405
-0.1551474 2.303772
0.05621004 -0.544023
1.049296 0.1257846
0.6953578 1.322237
0.9479621 -0.01705528
1.100484 0.6811155
0.7090008 0.3379354
1.85252 -0.8562731
1.364608 0.34491
1.172107 -0.1704662
0.7974044 2.614317
0.9011179 -0.7187017
0.6491835 0.148965
0.6355099 -0.7913949
0.07295178 -0.853824
1.001596 0.9830827
-1.422542 0.7723649
2.149202 -0.762853
4.074988 0.5061478
2.373826 2.002882
2.166982 2.645717
2.054037 0.8140509
1.766237 -0.6905187
0.08391603 0.6929195
0.8225416 0.7206068
1.505177 0.9369935
0.5290629 0.5552681
1.92962 1.035555
1.928497 0.1842592
3.05048 -0.6994673
1.515321 0.3261863
2.292759 -0.9060384
2.273854 1.932985
0.6562911 0.3965241
0.804754 -0.4542803
1.215969 0.6693291
1.023182 0.8649521
1.221595 0.08308357
2.627356 0.4887424
2.554991 0.9947478
