0.2900036 2.301185
1.297588 0.3625889
2.418006 1.83265
0.2298241 0.9997755
1.0576 -0.2446435
2.952092 -0.1429729
-0.4537163 1.374748
0.4434044 1.89841
-0.2391797 -0.6676803
0.2263234 0.832656
1.145834 0.9232231
0.8015435 1.671848
0.493478 0.8435238
-0.02738527 1.987056
1.756657 1.67425
-0.815872 0.6727667
1.152263 0.3508886
1.773959 -0.02900711
1.448164 -0.9542722
1.980334 2.238095
-0.175263 1.337982
1.378245 2.138974
-0.2569305 0.459987
1.929174 1.430511
1.075865 1.581651
0.5917324 -0.494069
2.112647 -0.356147
0.5676756 0.482103
1.366388 1.143266
1.697187 0.07485882
1.587662 0.6686978
1.479378 1.143489
1.423135 1.047739
0.4851695 0.8155411
0.4452454 1.772394
3.571032 -0.7147239
1.794547 3.465611
1.85004 -0.3300232
2.183384 0.6168166
-0.02035793 1.52316
0.6518981 0.1870757
0.5035566 1.050048
2.225025 1.722585
1.320742 0.9250072
-0.233722 -0.7665686
0.05293153 0.4288318
-0.6065728 1.135572
1.319037 0.36926
1.358207 -0.6157217
0.919037 -1.161072
0.3197799 0.9416034
0.6732264 1.035579
-0.711953 2.00257
1.389136 0.150961
1.632394 1.083836
0.8983098 0.7359637
-0.04643248 0.527065
1.119384 1.746431
0.3025167 0.461307
0.156949 0.2781895
2.693795 0.7773665
-0.4837054 2.636249
1.37172 0.3327227
2.097697 0.4299705
3.006452 -0.5515977
0.1237912 0.8299665
-0.8716688 1.559324
2.087043 1.333636
1.481795 1.90983
-0.06700054 2.204232
2.049787 1.964568
1.070835 1.699168
-0.2148955 1.262284
1.853586 0.8592437
1.172165 0.7097775
1.931249 1.246571
1.972561 1.70881
-0.4430058 0.5717192
0.5414885 0.9583524
0.4114972 0.1263221
1.774649 1.435899
1.886153 1.166602
2.012553 3.076348
0.542947 0.5361983
1.943468 1.643676
1.27085 -0.093372
1.74971 0.8402674
1.456611 1.017929
1.354647 0.5092414
-0.150096 1.040087
0.3381792 0.1862792
1.444326 0.9674186
1.105111 -0.3459591
0.7005937 1.966221
1.250037 -0.4775467
0.73985 0.2036668
-0.1410506 1.067609
-0.5479488 2.903819
0.8182035 0.4578643
0.4098287 -1.14764
