1.442251 1.733417
1.404138 1.094721
1.110662 1.528428
1.115782 1.996305
-0.4028046 0.1447558
1.152238 1.696899
0.4716287 2.36443
0.4528401 0.7925069
2.778126 0.2006082
2.060244 0.9671802
1.967647 0.2262532
-0.9772187 3.31188
3.754596 0.8683858
1.200024 1.337917
-0.4331983 -0.1596081
1.280607 1.417557
0.928165 0.4704116
-0.8136935 1.717804
-0.1404938 0.5143537
1.490156 0.7837632
-0.7116248 1.044841
-0.277573 0.2806324
0.4280425 -1.161425
1.077882 2.015766
0.8150646 -0.9880831
0.291349 1.685945
1.660651 0.923563
1.217471 -0.4868192
0.2605905 1.864655
-0.3285175 -0.7623022
2.161286 1.589859
0.8799975 1.473496
1.465604 1.74652
1.027428 -0.2234687
0.07080342 -0.9070698
2.783542 -0.2160727
0.02919397 0.2454579
2.411457 1.017124
-0.3018193 1.314575
0.3277006 0.8139415
1.306098 0.6169539
0.7602185 1.233711
2.017417 0.07070145
0.08502658 0.6361407
1.465256 1.095949
-0.03145008 1.569225
-0.6123118 0.5350482
2.835865 0.913791
0.3719977 1.580999
0.1823074 2.121254
0.8959314 0.1606604
1.595854 0.3796394
1.912159 -0.8163929
0.2945114 0.5952059
1.24885 -0.5059925
0.1342074 2.313618
1.199625 -0.2185193
0.9309913 -1.010517
0.872087 0.7840946
3.101791 -1.067392
0.1737639 1.442365
0.8903627 -0.3154431
0.06540273 0.516569
0.4259192 1.605309
1.156109 1.809729
1.359429 0.3263714
3.156488 0.5225964
1.207526 -0.5812053
1.017864 0.9275782
1.522364 2.043503
0.5759831 -0.2306079
1.877255 2.312824
1.274367 1.220043
1.214842 2.529983
1.71819 1.457386
1.786364 1.07045
-0.327213 1.248211
3.092998 -0.02823651
1.341277 2.816151
-0.6044491 0.696661
1.677792 0.3592813
-0.5155711 0.4502401
1.32168 1.700831
2.07485 1.618726
0.689455 -0.1345359
-0.5270584 -1.72072
-0.2162748 2.157316
0.4986476 1.7228
0.9284186 0.8395128
2.086211 0.2371825
2.1362 0.7363075
1.32826 0.1589371
-0.07351964 -0.6301483
1.06268 0.4836084
0.9908738 -0.2718647
-0.5636942 0.2879762
3.227528 0.9879497
2.166528 0.6498048
0.3678413 1.409477
1.070937 0.01766014
