1.47348 0.9132007
1.254998 0.1339053
1.336384 0.4937772
1.464811 2.981505
1.048405 0.8251164
1.886936 2.405951
2.199878 -0.5567624
-0.3883139 0.7245927
2.680407 1.580175
0.8312683 1.346347
0.8628131 1.299035
2.110628 1.012165
2.445456 0.773623
1.165969 0.1202731
-0.1134414 0.280977
-1.186089 -1.1752
2.132773 2.41119
2.262141 0.7018419
1.596429 -0.1141166
0.3555178 -0.1669485
-0.2503159 0.05305796
1.759113 -0.7018645
1.875578 0.7501986
0.3973867 -0.9402117
-0.818267 2.602817
0.6424111 -0.7743503
0.7858006 0.4849947
2.222073 -0.007189019
1.168099 1.581641
1.651991 0.8097425
1.545606 1.489458
0.6258391 2.098064
0.2000157 0.9337756
0.1455414 0.2636469
2.739305 2.333196
-0.6212598 1.520336
1.053966 1.12373
0.001132206 -0.1817255
-0.2226293 1.531396
1.268479 -0.05563557
-0.5537265 1.169714
0.5660016 0.4444385
0.3500468 1.274487
0.8740765 0.14807
0.8073289 2.573255
0.7446797 0.1738611
1.220407 1.892629
0.3044563 2.313563
-0.3412203 0.8554519
-0.897994 -0.143261
1.54209 0.5733825
1.554237 0.2647343
-0.7503276 2.269755
0.4034983 1.612234
1.233308 -0.2214141
1.215764 1.949701
0.9929792 1.450038
0.5515819 1.172908
1.123417 1.880214
2.147317 1.69096
0.8108348 0.3780744
1.180904 1.27009
1.287908 1.061749
-0.3134941 -0.5266726
-0.05196998 -0.05559602
1.375922 2.747054
0.1319595 2.664836
-2.239895 0.5662745
0.6988742 -0.37561
2.010855 2.095125
1.190911 0.8512402
0.07887514 0.8162251
2.766237 2.468321
1.428039 -0.4562634
-0.09021103 2.094551
0.6213868 1.501503
2.71581 -0.533943
1.135749 0.1204604
0.4995711 1.148504
0.106958 1.302489
0.8416247 2.780794
1.444991 1.863079
2.04143 2.091456
-0.8146883 0.2268458
1.13625 0.8222343
0.370137 1.968125
0.4068736 -0.1334739
0.7785439 1.530965
1.323749 0.907087
-0.4742746 -0.3268666
0.9049791 0.8448461
1.385993 1.614775
1.540273 0.1179042
1.927048 1.330745
2.002269 2.850655
2.273484 -0.5861934
0.1303594 1.41996
0.01832094 -1.207981
2.262147 1.76451
1.394363 1.300341
