2.281338 -2.260957
2.368538 0.6906704
2.130997 0.1665752
-0.4411087 0.06083195
0.2387564 0.5643667
1.676468 1.19368
1.23224 0.888519
0.7667999 1.032515
1.606483 1.603744
0.9696886 0.424747
3.952888 -0.7034204
0.9003468 1.191897
0.9106233 0.2517147
0.3834804 0.2025356
1.867648 0.5358692
2.680539 2.104992
1.489749 3.110867
1.537318 2.185036
1.499331 2.458264
1.376356 -0.64313
-0.4591158 0.1763504
1.235239 0.04090478
0.5618397 1.813042
0.5568421 -0.2837551
-0.1400722 1.783733
1.964759 0.1250441
-0.4954681 1.993117
-0.2073256 1.738648
2.325037 0.6814405
0.00370068 -0.7907861
1.916513 0.5269817
-0.4393416 1.437427
0.1928714 1.988416
2.032795 0.60473
0.3176519 0.7326052
-0.9935592 1.362381
0.8214086 0.06059597
1.261098 1.759214
0.8917869 -0.1070325
0.6007461 0.3386021
1.988325 -1.621785
0.7990491 2.960744
0.6563933 0.4624083
3.185201 3.154089
-0.124148 0.3430449
0.5230763 2.754956
0.3184741 0.4794014
2.214929 1.998181
1.263737 0.6003115
0.8054707 0.1430314
0.9180804 1.603032
1.008866 -0.7682304
2.917295 1.618092
2.340121 0.7030519
1.311942 0.6076975
2.415527 -0.736947
2.10389 1.784872
0.6421338 2.14155
1.500556 0.4475808
1.543703 0.7444782
1.146415 -0.4010242
1.82274 2.251432
0.883439 1.482259
1.711089 1.944807
0.8471365 0.5106699
1.687719 1.567598
2.738745 1.335537
-0.2217827 0.7417381
0.4121267 -0.6084428
-0.2202466 1.000157
0.8977209 1.102639
0.6058188 0.6785383
0.6306122 0.4848847
1.21823 -1.311384
2.134555 1.01617
2.141039 2.121543
-1.636658 2.09368
2.082889 2.12875
1.792124 0.8944583
1.858717 1.436628
1.878085 -0.3769069
2.465758 0.5038804
0.200222 2.251888
1.025149 -0.1701751
1.137187 0.4735781
1.560083 -0.3198107
1.524817 2.775828
1.712651 1.497842
-1.391455 1.016874
0.4955053 0.1168371
2.83882 -0.6560432
0.8046878 1.247888
0.1285083 0.2821357
1.339427 1.387871
0.2476054 0.795157
2.130859 0.6460447
0.6197744 -0.5190646
0.5993571 2.456963
0.5131257 0.227891
1.970636 0.4414084
