1.804261 0.2235414
0.7511481 1.194931
1.087851 -0.008694873
1.71923 -0.4206403
-0.2674358 0.3683308
0.8261477 0.1359115
-1.490996 1.49576
-0.1671821 -0.04493518
-0.9220726 1.214739
2.014179 0.5220929
0.2696535 1.531734
0.8747122 2.512566
0.5799474 1.206737
2.665234 0.8113991
0.726539 1.151863
0.9876777 0.9233084
0.5640075 0.3347761
1.31643 0.2232215
1.664323 2.450687
0.8292373 1.683735
2.008862 -0.7143962
1.49645 0.4798375
1.094742 0.5283137
0.5609729 1.125917
0.7706258 0.136793
2.284532 0.1283514
1.196069 1.328427
1.861295 0.3326208
1.553935 1.559561
0.9628374 1.256831
0.4647341 1.16385
2.25038 1.100528
2.682081 1.771037
-1.048304 1.263053
2.76851 1.454249
2.143646 -0.8001427
2.724185 1.770764
0.3727278 -0.05132791
1.519968 0.9600717
0.6245983 1.043349
1.461411 0.5723553
0.4832962 0.1333956
2.789711 -0.195369
-0.1352453 -0.09310566
1.500472 -0.285993
0.326743 0.9302237
2.174224 -0.4486991
0.1370247 0.1019524
0.3173775 1.522824
1.246881 0.8762848
1.698929 -1.544326
1.660385 1.39482
1.141806 1.165015
1.793595 1.080183
1.204482 1.311395
-0.2063876 2.395858
1.816449 1.341619
0.3498223 1.338429
0.6593411 1.275688
0.220528 0.02097505
0.8364355 1.494395
0.06270776 0.07536345
0.820095 1.306819
0.8189235 -0.6350659
1.9726 1.827289
0.1503787 1.227505
1.457786 2.205175
1.659848 0.8065899
-1.136831 0.7159567
1.645699 0.3258514
1.780468 0.08064069
1.540365 1.432857
-1.730021 0.769081
-0.3725769 0.3218953
-0.1217498 -1.843589
2.175597 -0.7435601
0.06246991 -0.3774032
0.8168498 1.827285
1.285521 -0.6573165
-0.2599405 1.547754
0.08158501 1.280579
1.535987 0.6125933
2.732068 1.367148
0.8977851 0.1774192
-0.8551168 0.8191715
2.815396 1.628954
-0.6640792 0.1820631
-0.7426718 1.654523
0.8444495 0.9781254
1.227766 0.4557192
0.9897745 1.659775
0.808926 0.243016
0.4589632 -0.2859543
0.2870363 1.465267
1.889773 0.03461581
1.223829 1.73444
2.045295 2.911661
0.5286772 1.027787
1.419438 1.268535
0.8229577 1.18251
