0.1860291 1.777337
-0.3741271 -1.102892
0.1466003 0.4707462
1.279214 -0.3681771
0.8434411 1.896892
0.9981205 1.850924
2.084195 1.918547
2.360928 0.7800279
0.3103682 2.284464
1.851638 1.581525
2.443052 2.393868
0.5407736 0.6231915
0.7185005 1.245327
1.835531 0.7609406
1.649535 -0.9060246
1.296522 0.5986138
0.6210015 1.454718
1.29835 -0.05055961
-0.1624625 1.302545
0.6805188 0.8452173
1.625015 1.157115
0.3521036 1.25436
0.7750472 -0.6961698
0.4377387 -1.10002
1.368969 -0.3899702
1.726097 0.9560689
-0.5074107 -0.6251147
0.2862956 2.528834
-0.2142842 1.356638
0.4542593 3.191553
3.060089 1.426964
0.1383202 2.407603
1.764119 1.771386
1.021192 0.5012503
1.190494 0.2717211
0.4634241 0.9464934
2.616241 -1.235207
2.302673 0.4871653
1.03726 1.418207
0.1413686 2.296218
1.253799 -0.08792934
-0.07396668 -0.3876627
0.08106964 0.8980822
0.3430921 1.480612
0.9969786 2.221981
0.1387282 1.264339
2.168778 0.01504354
0.4121356 2.155904
0.1319912 1.286661
0.535659 0.09303702
1.970272 0.2764003
0.4962866 2.417223
0.6080754 0.8393381
0.2842726 1.64937
0.7551116 0.997307
1.933462 0.6912687
0.9807293 0.1020517
1.687807 -1.063159
0.9546623 1.898639
-0.5160029 1.164054
0.3851328 -0.4052656
1.720785 1.972988
-0.2955265 1.734369
1.024036 2.562844
1.198047 0.7912955
2.54377 0.2278186
2.155175 2.04551
0.9083518 1.362435
-0.5013179 -0.3191573
0.8895697 1.618013
0.8853923 2.431005
-0.237973 1.6573
1.451974 2.765445
0.5783604 1.170929
2.134318 -0.7208319
0.2755565 0.5314215
0.6362751 0.8642547
2.310955 2.13581
1.229304 1.751393
-0.2959575 -0.4384821
0.08732314 1.031557
1.650004 0.5522112
0.6484402 2.010855
1.680912 0.4987857
0.5059552 0.7652976
0.3063793 0.1810325
1.243771 1.330861
1.593264 2.82582
0.452146 0.4150704
0.8278109 1.284351
-0.2089997 0.3801726
-0.2854599 -0.05557686
0.05863903 1.200167
0.4204653 -0.01711806
1.893226 0.1644884
0.4821693 1.5727
0.7439349 -0.08445103
1.108195 1.401455
-1.928648 1.607982
0.5885756 1.931553
