1.788883 -0.01664698
-1.437894 -0.05680805
-1.380862 0.1452235
3.339572 0.1016722
0.545684 1.923954
2.491384 0.3074285
1.076242 0.2716672
0.2227112 1.72907
-0.2911616 -0.5389657
1.844179 0.4926247
2.539554 1.090874
2.852243 0.3585749
0.8044555 0.8990681
0.3519359 1.211491
0.5384077 -0.2082218
0.6344914 -0.06768295
0.2488244 -0.1777444
1.408405 -0.03100639
1.172926 0.1411412
-1.375085 2.030405
2.140691 -0.5063041
1.173519 0.7839638
-0.8582616 1.382613
1.083786 0.4817765
1.554508 1.510155
1.4142 0.04172645
1.299389 -0.6532053
1.312239 -0.2126269
0.4456531 2.666298
0.02500248 0.9376461
-0.2523398 -1.585356
0.4411317 -0.04378553
0.09526294 -1.123606
0.1689894 -0.5298386
1.065309 0.2352645
1.312201 0.0002736282
1.160335 0.6662966
0.7779359 -1.33501
1.540282 1.448054
0.3853823 0.3524915
3.583429 0.7596056
-0.1564125 0.01221585
0.3858786 -0.03091824
1.954699 -0.4604618
0.357264 -0.3827288
1.642699 -0.5016152
0.7602085 -0.2256143
1.185199 1.4193
-0.7509729 1.193463
-1.205387 1.200846
1.578281 1.44288
0.3666953 -0.07631931
0.664325 0.4717603
0.9042202 0.9872574
1.392218 1.424518
2.562544 0.7931355
1.072506 0.8610263
0.8487619 1.243651
1.609495 0.794271
0.9124562 -0.03022028
-0.03830311 0.6456848
1.081827 0.2866959
0.5675617 -0.9260346
1.85066 1.105309
1.5061 -0.3390448
0.8820975 0.4419695
1.237973 1.273182
2.85432 3.390169
0.9696792 1.590439
-0.7665235 3.063118
-0.008324685 -0.1196042
0.8274833 2.235467
0.1137881 0.9803233
0.3415449 0.5661956
0.2350252 -0.320814
1.814118 0.4795496
-0.05142679 -0.8502001
0.9058583 0.1922702
0.4907228 0.6888166
1.695839 1.912183
1.318497 1.278209
1.369543 -0.2938561
1.090895 1.829321
2.354184 0.9269742
2.151521 0.9043846
1.381317 1.478412
0.02587896 0.5395719
0.9593392 1.502084
0.6107752 1.040156
0.7915459 0.4843589
1.803965 -0.6085454
2.240537 1.629984
2.81844 0.3682357
1.526838 0.02416219
1.165225 -0.04707514
0.1461291 -0.447208
0.936595 1.215982
0.8285465 1.741748
-0.8022928 0.06175428
1.508349 1.158394
