0.5981503 1.157309
0.3092521 0.4761519
0.3201711 -0.05831551
1.073971 0.9353128
2.222237 0.1368496
0.6858441 1.142628
1.560799 2.747273
1.218956 0.468256
2.663673 1.049925
2.336268 2.971585
0.8703191 -0.6154034
-0.8174241 0.6881404
0.1644191 1.641821
0.7413115 3.664708
0.9908104 0.3743137
1.086303 0.6209444
0.04233209 0.1363182
1.006198 0.9843953
1.215237 -0.07942672
2.151722 2.01695
0.7635751 1.111023
2.551533 0.4554199
0.3117332 0.500404
1.87587 0.07243909
2.158742 -0.6825126
1.55476 1.29362
0.1677472 1.463344
1.743102 1.83343
-0.1864409 0.3038234
0.5099235 1.081979
3.207111 0.8004087
0.7200711 0.08591869
1.146812 0.6546144
0.6913397 2.082353
-1.439244 0.9702626
1.798636 -0.7611207
0.122321 0.03880855
1.58377 0.682065
1.397113 0.2272367
1.079071 1.147961
2.004027 -1.612997
-0.7188464 -0.1616695
-0.05060183 0.5819625
-0.1131205 1.241582
-0.4257786 1.298863
0.03159825 -0.2882842
0.7381391 0.7562102
-0.8081951 -0.8265968
1.647388 0.03668318
-0.3452177 0.8743117
-0.06281372 1.382545
1.498309 0.4324585
-1.11754 -0.5402696
1.934259 0.7079168
-0.2302373 1.825244
1.027072 1.636349
1.889213 1.565058
1.428483 1.11848
2.42247 2.909075
3.170036 0.06525665
1.26292 0.4160313
-1.152423 -0.4269827
1.831994 1.610811
1.215172 1.881678
-2.69027 1.316897
0.7749368 2.320813
0.9050482 1.501998
2.679438 0.9296213
2.646147 0.9188602
1.130956 1.164476
1.638389 0.8212987
-0.9328021 3.083648
1.283101 0.5787859
1.254757 -0.1126279
2.345256 1.419743
1.522447 -0.1715952
1.148758 1.037292
0.9446377 -0.06330375
0.9771118 1.32955
2.348661 -0.2956953
0.02442749 0.7478359
-1.223997 0.6044088
2.083804 0.6170227
0.1608809 1.960464
0.4953705 0.2899596
0.5015968 0.8321294
-0.9265675 1.835117
0.44075 -0.6686873
1.750029 1.015181
0.5925429 0.07339955
1.086562 2.990421
-1.057351 -0.4687708
1.281665 1.534581
1.053833 0.21907
2.555341 0.823445
-0.767217 0.8874364
0.1283856 1.711203
-0.3989134 2.30505
2.488894 0.7455053
0.07832046 -1.015689
