-0.138508 0.781614
0.09387557 -0.2313921
0.9398003 1.24677
1.491263 0.1212903
2.098891 0.920072
0.407332 -0.6916762
1.211871 0.3403806
0.8391551 0.7506426
1.891039 -0.4191634
2.650852 0.8667912
-0.5261984 1.293302
2.565263 -0.01306771
0.9779682 0.513636
1.039149 1.292781
2.090729 1.630099
1.923864 -0.1753446
1.293014 -1.241879
2.283789 0.9507501
3.608157 -0.8263246
0.3451888 0.6819355
0.5860663 2.419806
1.219326 1.453287
3.267468 2.473224
1.811421 0.0002340456
-0.5885652 0.2259882
1.420994 0.9976191
0.7427091 -1.522766
1.209456 1.372458
1.529165 -0.5748276
0.5020459 1.320479
0.4968556 0.4957716
2.692528 2.287443
0.7046153 0.2202451
0.6225527 1.405517
1.462156 1.440854
1.73823 1.374934
1.949291 2.091895
1.189742 0.8344201
-0.3014054 0.3500725
0.5154314 1.506684
1.311659 1.836523
0.4491479 -0.02246331
-0.707545 0.05554132
0.1679719 -1.035509
1.153322 0.5632051
3.180235 1.612366
2.035275 0.5063009
-0.3818994 -0.8680036
0.6472347 2.238784
0.1736881 1.235368
1.130332 1.121443
0.7276786 0.4873578
0.524971 0.3877502
0.1230261 0.4967586
0.862559 1.855395
2.217293 -0.7386401
2.12525 -0.5572649
-1.029637 1.564638
3.114923 0.5772141
1.225768 -0.2720573
1.469263 -0.7047291
1.074184 1.233394
2.300956 0.7782748
-0.9370007 0.45158
0.8877488 2.176782
0.4235411 1.723357
1.363774 -0.04323858
0.1897245 0.9716175
1.122279 1.249112
1.752022 1.182568
1.03226 2.220927
0.5380066 0.7284093
0.9937094 1.886427
-0.5819976 3.026014
0.3614385 0.2603214
1.151401 1.507762
-0.7682267 0.4412434
0.6484617 1.157044
0.02267602 -0.3550542
-0.08226782 2.056418
1.152816 1.293614
-0.0740744 0.1901761
0.9945807 0.883896
1.917411 0.9666638
-0.4120328 0.6322155
2.094868 1.506059
0.8360343 -0.4746211
1.360075 0.727388
3.305438 1.781766
2.491573 0.4711633
1.734394 1.566109
-0.1506063 -0.5657973
0.3403293 -1.001757
2.010753 2.480449
1.930245 -0.2121348
1.541492 2.828789
2.180762 -0.06135152
0.9274634 0.838014
3.316702 0.2111281
0.2657416 0.6916768
