0.7984866 -0.7592715
-0.8142119 1.750032
0.9383422 2.472295
0.08000222 0.3815608
0.8247861 1.093918
0.3030813 1.885246
0.9159395 0.1580201
2.151232 0.6276645
-0.1335789 0.3955697
2.47436 -0.3965927
0.9350384 1.097932
0.3582018 0.1571908
3.008599 1.352346
-0.4408715 1.639179
2.376032 1.160728
1.152453 1.695581
-0.2124099 0.5734407
1.588594 0.7114556
1.282411 2.639949
1.470294 -0.3520566
1.434726 0.453903
1.985587 1.026519
0.7646929 0.2583439
-2.166568 -0.3809441
1.122971 1.020855
-0.1527433 1.20129
-0.8180415 1.075186
1.046086 1.106816
0.5627841 1.521661
1.190595 0.9603792
2.219557 -0.01968991
1.890161 0.9340179
1.728112 1.075751
1.836454 1.431507
0.2228572 0.6318129
1.498655 1.015721
1.59296 -0.05053574
1.435547 1.964178
0.8532917 -1.679804
1.073705 0.9058465
0.6523439 1.593685
-0.3711519 2.118084
1.208458 1.251753
-1.039643 1.3068
-0.06731051 0.3151186
0.8123689 0.3768671
0.5270129 1.408667
1.636111 0.1917397
2.332249 -0.5903389
1.932749 0.789825
0.8254825 2.01377
1.317264 -0.3903316
-0.7245355 1.778316
-0.3559309 -0.0403783
0.2980337 2.088763
1.667479 1.20275
-1.423109 1.881864
0.4380273 1.367845
1.52414 -0.5230462
0.1613865 1.704282
1.369112 1.223767
-0.6275704 -0.8735673
0.6947194 2.184222
1.243675 -1.299132
1.315181 2.213666
0.7639648 0.3202854
-0.5629243 -0.1005504
2.175721 0.04033296
0.8539888 0.1437429
-0.9738977 4.239516
-0.8701254 -0.1002756
0.7314713 0.6203523
2.218676 0.9075654
0.4619667 1.481009
1.056043 1.75561
1.771183 0.9466605
1.552496 1.246307
2.356607 0.5478772
-1.281151 0.07859802
1.444602 0.7568638
0.6378852 0.2660358
-1.386841 1.307155
0.4205754 1.555355
2.552829 0.8744994
0.4493473 -1.280374
-1.425271 0.6993696
0.5131134 1.255225
-0.02746779 1.658149
-0.436565 -0.1744181
0.5408446 -1.114362
2.000807 -0.8257313
0.2207447 1.608417
1.283732 0.665997
1.87261 -0.1104814
0.09774637 1.030568
1.540137 0.4710641
1.297479 -0.3351215
2.172427 0.5492147
2.590845 0.239575
0.9453714 0.8239599
