0.3171486 0.6059491
0.5520229 1.364265
1.546698 0.147492
2.150478 -0.5690304
0.4163469 1.219923
0.8979556 0.8995911
0.6784623 0.6493557
1.896639 1.785882
1.984649 0.9671642
1.924718 0.3277013
1.614896 0.8175795
1.602497 0.2683159
-0.644841 0.8149756
0.8026463 1.919984
1.671132 2.093311
0.9001685 1.438447
0.5485895 0.8876191
0.9784984 1.722201
2.584379 0.3847063
1.033718 -0.221082
2.214855 -1.126321
0.413653 0.4788302
-0.2392662 1.896943
1.551368 1.603035
1.595454 0.5211573
0.6271233 -0.3680982
1.198544 -1.395011
1.853496 -0.06728761
0.6708276 -0.04706435
1.090422 -0.6886072
1.955833 0.4591088
2.305031 -0.4170227
0.1496045 0.6200641
0.4595072 -0.4361373
2.595342 -0.07155372
2.80106 -0.1316448
2.075187 1.944143
2.438649 0.618826
0.4182012 1.575345
0.6458619 1.116227
0.8245191 1.945773
1.106223 0.3021529
-0.5759095 1.060216
0.05471244 -1.531864
1.118506 -1.526978
0.3317263 -0.2353999
-1.378353 0.02400714
-1.223402 -0.296845
1.817112 -2.280008
1.451999 1.029226
0.2559512 0.01641498
1.001508 1.808505
1.069531 1.465499
3.201154 2.132521
1.375134 -0.05519635
1.834975 -0.3965678
1.551393 1.428817
-1.924018 0.2213372
1.454388 1.746976
0.7389111 1.562941
0.9112293 0.9429653
1.970943 0.9893245
2.108171 0.3123571
-0.2536513 1.690567
1.327915 -0.128552
1.570819 1.027538
0.6266975 2.92827
1.55618 0.6766123
1.001343 0.5838702
-0.7489585 0.9380124
0.1276156 1.355692
0.1287119 0.3664102
3.233269 1.614265
2.0651 2.784149
2.191276 1.338218
1.30323 0.7396993
1.461538 0.2198674
2.645053 0.4157326
1.703155 -0.154026
-0.8899193 1.642658
1.554017 -0.01804657
0.4917043 -0.5930791
2.801119 1.112428
0.5031423 0.3811874
1.214186 0.8395416
0.2351233 0.6298562
0.5628333 0.134757
3.308172 2.32811
0.9726684 0.4825871
1.126284 -0.1224977
0.5066457 1.36345
0.7439707 0.9202972
1.728816 0.8492733
-0.242484 2.784274
2.531237 0.1577299
0.9374063 0.1636686
0.6987207 1.59184
2.057319 0.2809397
1.9666 0.5473056
-0.04258751 1.905382
