2.577644 0.7152472
1.175758 1.660954
-1.350198 -0.2354637
1.364177 -0.7099447
1.040712 0.6593986
0.7167553 -2.456101
0.1690054 0.217844
0.2544765 0.9123987
0.2001557 -0.1690192
0.02789565 -0.1483125
0.5561631 0.7621021
1.208368 0.1357765
0.5504255 0.8718549
1.939888 1.037628
1.737664 1.146439
0.6920758 1.500066
-0.00798401 2.262085
-0.2539355 0.1200745
1.754984 3.163261
0.6114352 -0.6590945
-0.2782102 0.6574611
0.8484122 0.07342016
1.306653 0.6751865
2.60318 0.09708429
3.358242 0.1064069
2.743587 0.1461576
0.5623994 0.8149053
2.540663 1.361548
1.438485 2.514187
0.3507936 2.633487
0.9922223 -0.9131779
-0.9968346 1.167335
1.021296 -0.639998
1.200312 0.9920229
1.634518 0.6762199
0.4615704 -2.299553
0.9144584 2.890757
0.4225026 -1.230658
2.377103 -0.6486151
2.361253 0.8475748
1.910669 1.554578
0.8671829 -0.7108447
0.9522061 -0.2568555
0.05582214 -0.08703588
1.242904 2.423517
1.441532 1.223432
0.08453701 -0.2535944
-0.9149651 1.83398
1.570844 1.754706
0.3530145 -1.206192
1.625769 1.374028
-0.9270497 -0.04398606
1.465246 2.078925
2.19096 0.5367144
0.5591861 2.361899
0.9642517 -1.602245
0.4961986 0.7335713
0.6568662 -0.2642415
1.336536 0.7340656
1.915922 1.877754
1.009515 -1.031341
1.414277 -0.1506433
2.742175 1.086034
2.262933 1.356074
1.896474 0.49648
1.169856 0.4050703
0.6175923 0.9392479
1.95787 1.917516
0.7042751 1.27796
1.539446 0.3500065
-0.1854106 0.597107
3.71373 1.301319
0.2426736 -0.2388426
0.6531841 0.2593038
0.8207053 0.002353229
2.910425 0.4394305
-0.73717 0.9516753
2.138006 2.343242
0.9399968 1.86718
1.81461 1.872604
0.96495 -1.168546
2.176261 0.8962577
0.231532 1.310425
-0.08536337 -0.3260485
1.61902 0.1349807
2.106469 1.097077
0.2535618 0.213494
0.3143217 1.87938
2.617676 1.318946
1.151338 -1.011013
1.817622 -1.036656
0.8355627 0.02510504
0.2259898 0.526998
1.38254 1.014079
2.381109 1.352051
1.724871 2.433577
1.16408 1.265721
2.084208 1.172385
-0.2473324 0.3794447
1.787782 -0.4729197
