-0.06985135 0.7023928
1.438687 -0.5892619
0.3529377 1.341626
0.3609742 1.327866
2.143662 0.9835727
1.265929 -0.7623477
0.7114756 1.345928
0.3190764 1.752873
1.210624 -0.5187915
1.045509 1.138702
-0.163998 1.213527
2.121222 0.06623218
1.406499 1.201695
1.496438 2.18787
1.288857 1.098893
-0.740941 -1.115606
-0.8782244 -0.03930177
1.306604 -0.2896938
-0.1860695 0.03011453
-1.279194 1.196817
1.087189 1.88196
1.285433 0.6583895
1.298591 0.7967227
-0.01790122 2.625745
1.66223 0.824861
1.369631 0.6731191
1.91357 0.8139963
-0.04776466 -0.9335438
-0.4683689 0.3037083
3.09308 0.8875589
1.504821 1.838502
1.145047 1.087105
-0.5885173 2.578842
0.9563408 1.02015
2.429481 2.049221
2.539296 -0.351081
2.394833 1.594167
0.581995 0.948495
-0.4092309 0.2970395
-0.6674426 -0.4949025
-0.4606646 1.544751
-0.09626148 2.75125
-0.69878 -1.088325
0.3474478 0.2378856
1.095578 1.100751
2.356499 0.5724938
0.903529 -0.6315629
0.9657676 1.026915
-0.1784527 -0.2923421
1.540496 -0.3527087
1.099864 0.7535548
0.1181138 1.219396
2.539877 -0.289629
-0.396953 0.9011472
2.352054 1.084429
1.396169 2.390532
0.5745381 1.716016
-0.0811372 -1.545121
0.8562801 -0.01206499
0.6873676 1.520524
0.8570633 0.7340022
0.003415045 2.445663
1.0309 0.1725035
0.3424046 1.958366
2.358141 1.43135
-0.407866 0.9619297
1.703974 2.714126
-0.7362973 -0.106852
1.0108 -0.6879067
-0.0144524 -0.2963174
1.706449 -0.4520105
1.318575 1.369799
1.77622 -0.3907002
2.521796 1.51236
-0.5405048 -0.2725495
1.272675 2.303806
0.8018101 0.9127577
0.03697167 1.447338
-0.2630484 0.2291507
2.115086 0.3962314
1.308392 0.2941146
1.188188 0.8860822
0.8816426 1.96216
3.004811 0.6190487
0.4107635 0.7849163
-1.061593 0.1408305
0.9570807 1.132668
1.880809 1.948041
1.7849 0.7435585
-0.7443655 1.338002
-0.901882 -0.4933369
1.606476 -0.9869861
0.8068195 1.156354
1.827931 -0.869716
0.4677232 1.007098
1.338463 0.517535
0.9037924 -1.270037
0.7979748 1.3746
0.6397162 -0.4778134
-0.2050217 0.5518338
