1.5258 1.289282
1.403539 0.2071766
0.5611158 1.937634
-0.2142122 0.2753364
-0.4020762 1.672685
-0.4869606 1.379444
0.18767 1.673115
0.3080109 3.253749
0.3068061 1.959137
1.149743 0.2639215
1.359305 2.372967
0.5362933 0.8474817
1.425113 1.229588
1.642703 -0.484054
2.784081 -0.7820712
0.7127887 -1.043276
1.143718 1.636591
-0.5262658 1.707748
1.12626 0.9501224
1.835292 1.270377
0.7705638 0.2575395
2.837384 0.4047354
1.636406 1.49385
2.462989 1.903007
0.5743979 1.033195
2.11595 0.130836
0.6155794 0.08972288
2.902271 0.36155
0.6988406 1.98055
-0.6083588 0.5561567
1.596838 2.067695
0.8303152 1.266818
0.9673342 0.3290732
-0.1094572 -1.068798
2.119187 0.2552617
0.5416704 -0.846166
-0.1531652 1.84653
1.102167 1.279082
0.8950619 1.649482
1.988259 -0.5976882
2.932608 -0.2999686
0.8916876 0.06293126
2.903697 -0.2691722
-0.02511406 -0.2442131
0.5040825 0.5663773
1.673021 1.941323
0.03839198 2.542864
2.505999 -0.2490616
1.087944 3.303977
-0.660294 1.11329
-0.07965727 1.20285
0.2016506 -0.2235578
0.2433613 1.767349
2.074018 -0.4316323
3.424059 1.565064
-1.560422 0.09081782
1.239971 1.140009
0.2190385 1.875474
0.6853697 -0.4241103
1.488577 1.1533
0.5127988 2.027307
1.838973 -0.08851
1.910897 3.012078
1.736718 1.654998
1.471541 0.5455807
1.536064 -0.6687071
1.535692 2.89586
1.585972 1.390788
2.909419 0.1562738
1.652235 1.664169
1.657788 1.991579
0.2279999 -0.8851802
1.386742 -0.4546736
0.3430953 0.9103156
0.3659909 -0.4562629
0.04422339 0.1847053
3.379928 1.086785
0.6696367 -0.1057658
2.653352 0.8840001
-0.1392593 0.06090386
0.3119651 -0.3448472
1.650978 2.466484
0.6638144 0.7494624
1.597042 2.301357
2.629718 -1.118977
-0.4162903 0.5721042
3.024029 1.237629
0.9930068 1.492846
1.421304 0.9874504
-0.6104693 1.610424
1.727115 -0.4866042
0.3060798 0.8689048
0.6908506 0.9019174
0.9449059 0.5877953
1.302384 -0.4528264
0.9037818 0.8515184
1.188508 1.895817
0.8866304 1.283443
1.867766 0.6548865
2.075195 1.572952
