1.905051 0.2700271
0.7522145 0.3113982
0.2497512 1.018485
-0.4349967 1.269414
0.8968999 0.6924684
1.377502 1.501379
0.2507878 2.104723
1.767471 1.534577
-0.2572587 0.3681109
1.06776 1.365839
1.359124 0.9710605
4.151006 -1.634557
0.1964687 2.275671
0.7487044 0.06499022
1.803979 1.811304
1.409869 0.4280178
1.747998 0.1249378
1.006362 0.3809649
1.805828 -0.05737403
-0.2040929 1.659293
-0.1689348 1.919857
-1.042918 0.7241672
1.574154 0.6902366
2.254779 0.8554472
2.441332 1.497325
0.8406956 0.9749925
1.444264 -0.3066048
1.586735 3.195493
0.02673522 -0.5481385
0.1203682 0.02882124
1.470219 -0.6107403
1.319688 0.4619793
1.059838 1.326836
0.4862775 -0.923673
-0.568608 0.1567708
0.7786191 2.17597
0.8583617 0.9874989
0.7732 1.94281
2.206192 0.3736979
-0.0275849 -0.1169838
3.417954 1.937005
2.127227 0.9577153
0.6903295 0.73586
4.525752 -1.679461
2.27542 1.39408
-1.031281 1.547627
3.334754 1.043246
1.460978 1.460611
-0.04151566 -0.5656985
1.568188 1.546239
1.239942 1.203176
2.866466 1.415551
-0.8614673 -0.5847497
0.5823242 0.3686544
0.08129319 1.20176
-0.31937 0.7094377
3.349861 -0.3643908
0.5406001 0.3546481
-0.1113825 0.6475102
1.830792 -0.1944127
2.431994 0.3426932
2.396014 1.003293
-0.5891742 1.350461
1.634026 2.237638
0.8925643 0.8656272
-0.01741442 0.9139394
-2.015604 1.982073
2.034974 1.76372
0.3916437 2.59155
3.357603 2.725849
1.448632 0.273599
0.1552153 0.04398463
1.486497 1.245639
0.02485999 -0.7117866
2.673596 2.694534
2.553308 -0.2410026
-0.2065225 0.2027436
0.7475583 1.325448
2.516559 0.3866776
0.7268865 1.202904
0.7935618 2.138484
1.403679 1.950819
0.2765872 1.01478
1.547028 -1.037431
3.075965 -0.6692417
0.8134516 0.7708604
1.214057 0.8703341
0.8720543 0.9472919
0.8756894 1.713654
1.361822 1.344894
1.879897 -0.9046934
0.1098145 3.17112
0.1199076 -0.6180042
1.273729 0.9207173
2.646045 0.8406267
1.98456 1.62931
1.364402 1.181528
1.307597 1.20097
-0.1765636 0.1391845
1.5489 -0.1505116
