2.87569 1.029807
0.6073374 1.848728
2.195374 1.026159
1.283464 1.878947
1.979476 0.7984144
1.578554 0.2128299
0.6164743 2.283687
0.9879699 1.094134
0.525194 0.461175
0.9374436 0.3790251
1.611587 2.021814
2.905183 1.010941
0.6285067 0.7638544
1.989063 1.812328
0.842484 1.974918
0.1898771 2.84113
-1.77959 1.086228
-0.04803865 1.731005
0.8610176 -0.8084832
1.206777 -0.3571966
-1.105075 0.8303726
-0.8136252 0.2659273
0.6673702 0.4422304
2.723224 1.624796
1.227698 2.667133
0.3958749 -0.9443027
1.897632 0.2848068
2.455084 -1.498299
2.21613 3.890261
1.149292 1.824537
1.868368 1.317599
0.7654806 0.8731972
1.151526 0.6731366
0.79626 0.1743007
0.8217643 0.9235341
1.918241 0.4293931
1.447014 0.6684579
-1.819048 -0.2708365
2.204234 0.9331396
1.670781 1.57582
1.585447 2.603396
-0.7142128 1.315839
0.8030859 0.003819452
0.0672322 1.223541
1.246343 2.210424
1.479722 1.426665
0.14871 1.998743
0.7140566 0.2990667
0.06062262 1.802188
1.000204 -0.3741883
0.2720479 1.923749
2.330101 -0.7328031
0.8218098 2.144245
0.8547607 -0.6614974
2.549336 -1.475578
0.6967024 1.715797
1.063137 -0.03205374
1.588485 -0.6895
0.4148855 0.6687285
-0.207428 0.9097394
-0.2292684 0.1191595
0.8825468 1.462034
1.193355 -0.4400008
0.1023006 -0.1303309
1.617593 1.091374
1.113005 0.8364151
0.5903956 2.636769
0.6137263 1.801136
0.292933 1.514717
1.457966 0.381794
0.6783983 1.854206
1.312171 0.8598054
2.147136 0.9990029
-0.1287126 -0.4047254
3.234771 0.8774777
0.4028502 0.3632953
1.233514 -0.4909422
0.8437182 0.3083111
1.483899 -0.6962427
0.151264 0.5481954
0.01585795 0.896959
1.430985 0.7130355
0.03019298 1.973565
2.766798 1.010047
0.0713169 1.899295
-0.02119547 1.608602
1.11843 -1.519539
0.4028566 2.358768
0.3078799 1.205913
2.700126 1.396605
0.4835661 0.7272574
-0.3358908 1.144348
1.652893 0.3228469
0.5297759 -0.8464137
2.301011 0.08970862
0.2548642 1.341624
-0.04635974 0.2560848
1.327765 1.107743
1.281895 2.100549
2.105247 1.515074
