1.083492 2.082571
1.758835 -1.15726
1.446109 -0.8662719
1.73135 1.594893
0.9243942 0.3320328
2.146589 -0.2345754
0.6610953 -0.5305266
1.902051 1.708663
2.055422 1.621044
1.837744 -0.6087036
0.7695777 -1.224989
-0.1322283 0.09187787
0.1314332 1.205212
2.102032 -0.4981387
1.934274 -0.5803502
0.779391 0.2816959
0.6645403 1.100106
1.146937 -0.8833211
1.592472 1.057518
0.8504695 1.664931
1.436866 0.1287557
0.3621992 0.7885617
2.170944 1.148781
2.866493 1.72138
1.776834 0.7736145
1.058825 -0.1959274
1.419184 1.659456
-0.6593708 -1.377724
0.9193764 1.694582
0.5090399 1.772291
0.1588368 0.4908133
1.033454 0.2886585
3.134804 1.850662
1.241054 3.412613
0.665067 -1.503408
2.098115 -0.2233885
0.8490992 1.336509
0.05200429 0.8063262
1.156213 0.850578
0.3770291 1.009642
0.236339 0.3077398
0.1256517 1.030834
1.277973 1.149382
0.7322077 1.611902
0.5551382 1.436588
-0.4509746 -1.379343
2.070764 1.500457
-0.03977149 0.9025194
1.322128 0.3496935
1.407259 2.170598
1.308762 1.19873
1.925891 0.3081386
1.086689 1.324177
0.5006231 1.869713
0.3677624 1.16285
2.531633 -0.5193828
1.160396 0.6389318
-0.1637113 1.595247
2.236902 0.8488586
0.3152063 0.5089284
1.860424 1.04742
1.509973 1.364613
0.1536778 -0.5653827
1.025082 1.287827
2.051241 -0.8088926
2.622538 -0.7903034
0.7976627 1.064327
0.6302877 0.4883891
0.1332427 2.195694
1.419587 1.408023
0.4150465 0.8751756
2.554877 -0.2025365
0.9839854 1.381731
0.1215221 2.22866
0.8883677 1.547014
1.441763 -1.108396
0.911054 0.8134678
0.4159934 -0.173091
1.443576 1.305656
1.370211 -0.3391355
1.401954 2.267335
1.430284 0.03314807
1.116011 2.343499
0.5291254 1.069453
0.211693 2.29794
1.47453 1.062869
0.5175072 2.151577
1.689868 0.7594432
1.776439 0.8074797
1.599316 -0.2485869
1.525458 1.171249
1.485101 0.8238698
1.003753 1.340331
0.729464 3.019141
1.102514 2.043359
1.808655 -1.136673
0.9734078 2.774043
1.968518 2.192575
2.706387 1.160622
2.181835 0.8341503
