1.064699 0.8596575
2.152012 0.6136135
0.7032418 1.910555
1.130963 2.15359
1.567085 1.075735
-1.156501 1.480542
1.918711 0.8880025
1.655968 -0.6716908
1.661423 -0.7463978
2.81646 2.238874
-0.07288545 1.307398
-0.03949069 1.362111
0.5015489 1.112444
1.036427 -0.4156025
1.323246 0.6639439
2.146184 2.036268
2.116651 0.6705668
1.600655 0.7872436
1.020672 2.438878
1.910406 0.9910925
1.787923 1.62675
2.420288 -0.3966296
1.245711 2.65859
2.623093 0.3780136
1.192978 2.86005
1.324159 2.056723
0.5926878 1.779182
2.453216 0.6310314
1.403412 1.267876
0.7920979 1.176449
1.932955 0.9067602
2.487902 0.5394166
0.1628931 0.009101591
0.8824636 -1.223684
0.9198603 1.273567
1.070504 0.7995532
1.284905 0.6707665
1.06151 -0.3874708
3.485535 -0.8156096
0.2810276 1.800206
0.4789911 0.7074422
1.517958 0.9680141
1.81777 0.5061085
1.649897 1.065661
1.732185 2.308672
1.366722 -0.3740342
1.837704 1.034255
1.622522 0.9389056
0.3422083 1.145424
1.378015 1.130325
2.416359 -0.5133574
0.6971953 0.3056554
-0.3023376 2.500204
-0.5980715 -0.9704926
0.8527984 0.6762835
0.7895323 2.073854
3.021323 1.372593
1.567241 1.529967
1.106453 0.4685489
1.020841 1.623106
2.527851 1.028319
-0.7193908 0.3378212
2.405085 1.563749
1.017919 1.080343
0.8020941 0.6633739
0.7378217 0.5404713
1.304314 1.876823
1.887856 -1.87488
2.245552 2.264864
1.625144 -0.1789458
-0.02828741 1.874583
1.59477 1.490226
1.248624 -0.614203
0.6456827 2.364506
-0.3209785 -0.201088
1.127491 0.8014778
-0.09654088 1.645367
1.396331 -0.3113149
0.842633 1.884483
1.526061 0.3549437
1.087362 0.3048801
-0.09663868 2.025873
1.092791 1.755953
1.12604 1.539898
-0.099836 0.8227773
0.540394 2.496006
1.751901 0.5005299
0.685181 0.5755689
0.4148554 1.881639
3.085075 0.7446436
1.335571 1.486157
1.651128 -1.149491
2.699624 -1.075431
2.623933 2.270943
2.129126 1.362007
0.07404464 -0.1504075
0.771796 1.955174
0.575733 -0.8544203
1.386531 0.3975284
1.630801 0.3646495
