0.09921369 0.6495039
-0.6214571 1.519343
1.6087 -0.2865013
2.244772 0.6031186
1.001732 2.216453
1.751104 0.3744241
1.039239 -0.08570386
-0.4146575 1.070705
0.5512117 0.6459158
1.525984 0.8426797
1.03862 2.132355
0.6675058 1.27685
0.7226542 -1.005528
0.07010856 0.5923353
1.595142 1.331758
1.747688 1.08554
3.156292 1.215184
1.912405 -0.7931598
-0.3726064 -1.237757
1.393829 0.9691649
0.9633845 2.005039
0.3435201 0.406983
0.5594928 0.7925888
0.921505 0.8690908
1.933492 -0.1947297
-0.3903747 1.16679
0.9312773 3.305973
1.1151 -0.206483
1.110378 -0.04321249
1.894527 1.615265
1.408607 -0.5469668
1.463391 0.5349625
0.4358606 1.637425
0.3457946 0.6504513
1.164136 0.7641361
1.04442 1.276463
1.481134 0.5230101
-0.8926001 -0.6588978
0.8832853 1.486867
2.041186 2.105698
-0.6198302 0.7143095
-0.2369921 0.4987193
2.047955 0.840975
-0.1447605 0.5836973
0.1509247 1.123453
-0.2151862 0.7884996
0.9734991 -0.5533637
1.653833 -0.3904051
1.521542 2.312692
1.799135 1.288102
-0.07240989 0.2219803
2.915608 0.3127759
0.7131704 0.05286552
0.1789117 0.8587575
-0.0434901 0.1923254
0.7464744 0.9842758
1.13015 0.4670626
-0.8046074 2.328209
-0.9124248 0.6069264
0.05970819 -1.5354
0.7926315 1.004994
1.93217 2.808033
0.7393298 1.888928
2.195461 -0.3299257
-1.604408 -0.9452937
1.025165 0.7081155
2.132895 1.60117
0.8844784 -0.1004407
1.577688 2.680339
-1.132239 1.554282
0.5411492 0.4714509
2.203555 -0.5468028
2.066714 0.6075916
0.3019339 0.1688791
0.8869905 2.987779
3.031709 1.361708
2.215535 1.344209
-0.959242 0.4400242
1.056327 -0.5674323
0.2726481 2.028708
1.686315 0.8456127
1.049313 0.5736077
0.9691105 0.9343152
2.839905 1.032298
1.823575 1.043427
1.380846 -0.769223
1.64559 -0.3079711
1.08032 1.198856
1.075475 1.702987
-1.27243 2.270957
0.7681182 0.1333998
1.083605 1.25516
0.4137574 3.080874
0.03462911 1.264469
1.682773 0.9058958
0.3074253 0.2279067
1.015304 2.327983
0.2915111 1.368292
0.8219264 1.313582
0.1517685 -0.3302546
