0.6696192 1.847066
3.172924 3.28931
1.46217 1.688054
0.6808487 2.554153
2.200116 1.122912
2.261817 -0.04115645
0.7990836 0.7026569
2.467515 0.9607307
-0.9466849 0.3545104
0.7335489 0.09679791
2.0244 1.61272
1.786518 1.02811
0.9095239 0.3674411
-0.7106985 1.433211
0.5164043 2.082948
2.006181 0.5162446
1.500791 2.95777
-0.07011028 0.9555401
-0.05423989 1.910426
-0.6332764 2.242613
0.8704336 0.9302336
2.814671 0.2467024
0.8589321 -1.824741
0.1737457 0.6430255
1.878132 1.444476
1.407321 -0.1372362
1.434575 0.8074686
1.127465 1.507313
1.29412 -0.1090873
1.802044 0.8503391
0.4099311 -0.3771573
2.043882 0.7253711
-0.4095198 0.6850792
-0.6378327 0.003748107
1.744346 0.1514148
0.5493672 -0.6601985
3.786496 1.027021
0.7900354 0.1931444
0.9224184 2.588972
1.116872 2.21892
0.9246744 -1.012094
1.256106 1.43833
1.652966 1.864587
2.043824 1.477154
-1.096693 0.1932155
-0.5875255 -0.08339706
-0.1629703 0.9480298
1.767514 0.8193347
0.135529 1.191088
-0.2411599 -0.3060212
-0.1737183 1.151945
0.197672 -0.4008446
0.4042881 2.073375
1.775723 -0.3893812
1.543528 -0.140849
-0.6184192 2.563635
1.362916 1.475115
-0.2735184 1.408646
1.324288 0.3486409
0.2590612 0.1936133
1.852019 1.544267
1.752294 0.03964229
1.575453 1.266006
3.36667 0.2101836
0.9691887 0.8292899
1.068979 -0.1241584
0.05536168 2.067593
2.482613 0.7532786
1.544717 0.9070738
0.2824454 0.7178741
-0.5458209 1.676504
-0.6275507 0.3751902
1.465066 1.102651
-0.6323962 -1.485525
2.489058 1.664911
1.11669 3.081062
2.067536 -0.1641055
2.561527 0.8877751
1.949887 -0.2399412
-0.1325732 0.7858815
2.235279 1.337537
1.199695 1.299736
1.526086 -0.1616201
1.666613 1.004862
0.07264476 1.70206
0.7798861 1.037542
0.8513892 1.924444
0.4773901 0.5387187
0.6356938 0.3677325
0.3723073 -0.1114611
0.7150919 0.6606033
0.601429 0.6027686
-0.101034 0.5683962
0.7194344 0.6454079
0.8068889 1.396206
-0.6687671 1.095932
1.688594 1.123607
2.430479 0.9144544
1.214536 0.348843
2.676026 0.114795
