1.395861 2.156398
0.9532105 -0.2348931
1.168178 1.045944
0.9547495 1.114425
1.780133 -0.441304
1.467428 0.7175604
0.9157526 0.5998992
2.619538 0.7605748
1.534821 0.6717835
1.253458 0.9025275
2.346397 -0.585712
1.46065 -1.359225
-2.228971 0.2813088
0.1614562 1.468144
-1.158877 2.909355
1.005661 1.290724
0.8706815 -0.1859634
1.378468 0.1918949
-0.03679666 -0.2088134
1.508708 0.3938065
-0.2834814 1.002838
0.6189472 0.3528663
1.80895 -1.282085
-1.517139 2.957179
1.531646 1.173512
0.7654332 1.477307
0.9095857 2.680888
-0.8876247 1.649541
0.6219191 0.7733481
2.842562 0.8284077
2.210768 1.279375
2.108017 1.769232
0.4997115 -0.5415994
1.619157 0.3433241
1.007518 2.35313
2.529855 -0.05095792
1.271298 1.506175
-1.034558 1.152025
0.9101983 1.3739
-0.4354371 2.627909
0.6576166 1.802872
0.9676006 0.05627325
1.519854 -1.547514
0.2527702 0.09751205
1.652948 1.63057
1.518144 1.28606
1.04619 0.03189681
2.519311 -0.5511923
0.04398908 0.8976713
1.916016 1.526282
3.147579 0.9024124
0.8515539 -0.2910273
0.9314392 0.6070256
0.9362704 0.5287638
-0.3303664 0.8279761
2.076375 0.5361827
0.4124271 0.2418124
0.2489758 1.210524
0.2152704 2.562967
-0.2964179 0.5772174
-0.3314141 1.411975
0.8571575 0.1595443
0.8725409 1.58803
2.537656 0.2845145
0.7390877 2.253539
1.996094 0.4619409
-0.5535076 0.08195889
1.386874 1.460219
1.256522 0.7706392
1.070358 -0.6099105
2.384208 -0.7366495
1.971017 0.6023166
-0.1779404 -0.09632767
0.5504779 -0.5521714
-0.668436 0.1696499
0.1029085 1.01957
0.3410411 0.8483002
1.877434 1.17167
-0.4528165 1.071233
1.192882 2.381266
0.7918536 1.252879
-0.01933095 1.133575
1.437284 2.639238
0.3888208 1.952488
-0.1416863 0.9420179
2.230983 0.5783579
0.693354 1.874573
1.375238 1.955082
-0.5853615 -0.6593171
0.06503474 0.2239942
1.70022 0.09813143
1.472804 -0.3225571
2.313485 -0.2089896
1.296321 0.2170849
1.43346 0.4875795
0.571932 1.69715
-0.3832375 1.411799
-0.4273495 0.107899
1.3968 1.432206
0.6767145 -0.4937073
