-0.283147 1.629435
2.23723 0.9774951
0.2979842 1.399132
0.2084676 2.133799
0.2297814 1.108172
2.248677 0.2589887
1.45484 -0.3332259
0.3714797 1.358398
0.9859472 0.9452958
1.128329 -0.002408853
-0.1572241 0.9740654
1.251315 2.23705
0.2232129 1.97002
-0.04416769 -0.1709159
0.2236966 1.350876
1.918883 0.8026776
0.7616321 -0.230533
1.047461 -0.1041844
1.340641 0.802531
0.5285539 1.48814
2.407119 1.337414
1.351644 0.5707686
-0.4535675 1.938074
1.890566 -0.9705557
0.7659644 0.8122697
0.270115 -0.2734227
1.512962 2.250087
3.248891 0.7004395
1.467092 -0.2531015
0.2360945 0.8627126
-0.5579348 1.853607
2.394213 -0.7411449
1.81083 0.6392758
0.6134554 2.613485
2.119501 0.1876137
1.763305 0.6238196
1.821727 -0.03156732
0.2484142 -1.770459
1.334134 1.850856
1.547618 1.929215
1.291091 1.037516
0.9792666 1.180614
1.068852 1.128522
0.4004386 -1.275506
0.3940765 1.877283
1.156917 0.6985472
0.6877072 1.26568
1.475233 0.3968958
-0.0724787 0.639694
0.8150478 0.6158647
-0.1745916 2.543174
0.8041902 -0.8728432
0.8135156 1.536077
-0.4688052 1.373343
0.3714025 1.298651
-0.2851959 2.087594
0.1391637 0.02026426
1.364883 0.5816514
0.8856189 0.7825673
1.12721 2.546888
2.515982 0.9451289
-0.2463715 2.400707
2.391803 0.1717821
2.163392 -0.3956385
0.05348911 0.210866
-0.06919362 1.653161
2.050559 2.107525
1.462371 -0.1929029
0.9171802 1.39473
1.179978 0.2968965
0.8623714 0.4097343
1.90501 -0.01499376
0.6865396 -0.3109187
-0.4255378 -1.199609
1.07801 0.5562658
0.8564268 1.278681
2.349669 -1.299399
1.243574 0.4172446
1.694301 0.451438
0.115228 1.935617
2.032967 1.561791
0.3058535 -1.211498
0.7328513 0.326261
2.110982 0.2511588
1.480239 0.1670869
-0.6166624 0.4363938
-0.7443427 1.469122
1.900335 1.637098
0.7420035 -0.836263
-0.6498928 -0.0221125
0.331541 1.668586
0.5736716 0.584906
-0.04808204 2.038041
0.470319 1.578007
2.025292 2.143507
0.2648825 0.4617219
1.990893 0.1273171
0.2250423 1.540212
0.9330449 3.010437
2.326642 1.478092
