1.481859 1.367815
1.462444 1.623111
0.5549281 2.268831
2.028324 0.07303614
1.422959 3.266869
0.7448833 0.9873704
1.165402 0.2349181
0.7881172 1.01933
-0.1038214 0.5077246
0.1368496 1.451083
0.4082555 -0.06406149
1.209701 0.1748508
3.880611 0.7889933
2.332674 0.5899956
0.7634459 -0.5859074
2.387392 2.897303
1.585969 1.045833
0.9083313 0.1393012
2.429292 0.683963
0.5127875 0.9632831
0.3097393 0.6023775
1.158088 0.9279196
-0.1991752 1.401773
2.134127 0.2475479
2.529904 0.4174659
1.244792 1.771938
0.9558692 0.3260598
0.8144374 -0.1783985
2.232893 1.37578
1.565911 0.512909
0.6056957 2.516667
0.7807751 1.621806
0.1532477 1.225478
-0.3419568 0.6956493
0.0008901757 0.4945601
2.768103 2.313928
0.5837342 -2.532582
1.393084 0.4676648
0.6146625 0.7122195
0.125502 1.863904
0.2452068 0.2575146
-0.2215784 0.354828
0.7678838 0.9326102
2.459141 1.202019
0.2906729 0.8890831
0.7915834 1.595723
1.856207 -2.532447
-0.8347361 0.4764944
1.42068 1.113405
0.8748156 0.5795394
0.6753431 0.8971676
2.213656 -0.9150562
1.85912 2.702711
0.4914572 1.064834
0.4500555 -1.555149
0.6213335 0.2188934
2.511532 2.268254
1.378144 1.323987
2.756197 0.01891825
1.477762 1.112227
-0.6073099 1.447964
0.9681793 0.3874905
1.621055 2.57476
0.7180778 0.1322435
1.450211 1.852928
1.234777 1.213004
0.6002992 1.013726
-0.3196307 0.9659158
1.023008 2.397812
1.64304 1.758681
0.9194033 -1.762494
2.809966 0.7835693
-1.439953 0.7207845
0.0673594 2.468208
2.310507 2.279781
-0.05939995 -0.2268456
1.687699 1.816335
0.8439905 -0.2621453
1.083161 1.526756
2.028953 1.102677
1.850968 0.08734988
0.871808 -0.03075912
0.512066 1.323491
0.6332277 -1.264211
1.796575 -0.4037701
1.338384 2.478275
2.52353 1.556555
1.235352 2.516542
1.042055 1.278853
2.420043 -1.001431
0.4910855 2.237924
0.003590445 -0.1535588
0.4290374 0.5419109
1.487373 0.1567561
0.5164883 0.699112
0.7809741 2.062291
2.601319 0.4308042
1.236912 0.8202088
0.03942744 0.009051692
0.3782989 -0.06729875
