1.624889 -0.3775063
-0.1908184 1.992877
-0.2310361 -0.2565281
-0.08662544 1.502944
0.2042666 3.352805
-0.05657681 2.181023
-0.2779515 3.201964
-0.7180687 -0.5267445
2.011636 -0.5022226
1.232007 0.7030326
0.8026465 0.9610381
2.439593 0.9123726
1.024189 1.060063
0.6733338 1.101989
-0.5081485 1.214766
0.7164837 0.5084961
0.02079252 1.002646
0.4006215 0.1859113
0.5242275 1.920413
1.77162 2.090653
2.144834 1.395428
1.408486 0.4780236
0.1346503 1.010221
0.6363134 1.11161
1.842835 1.425521
0.5477761 0.1513913
-1.482907 1.4646
1.704491 1.415096
1.357511 -0.3164553
1.747339 -0.4263391
0.3451624 -0.4995237
0.0460028 -0.8620148
1.147994 2.701435
-0.3474844 0.3172198
0.9216722 0.02675274
-0.6391843 -2.004504
1.648072 0.9548202
2.479944 1.402673
-1.329562 0.539811
-0.7336515 1.979511
0.2104895 2.088777
1.716223 1.176459
1.721521 0.3877326
2.47937 0.9585042
2.571695 1.758802
-0.394117 2.756412
3.925952 2.0374
-0.3713472 0.1365255
-0.7227318 0.5908103
0.3920822 1.361829
2.539967 0.9131297
1.581553 -0.8467855
0.2655902 1.149033
0.1189766 1.84918
1.650106 0.7310625
2.374842 1.215296
0.8214767 -0.6305798
0.6684178 1.067434
-0.4615603 0.3411252
1.457168 0.9267127
0.3783968 1.096728
0.891927 0.9358825
1.010099 1.787574
1.945295 0.8842675
0.1066418 3.038768
1.96263 2.447926
1.378116 0.8267646
0.5899902 0.5380618
-0.1050479 1.149063
0.8086896 1.516909
0.2037892 0.2892617
0.8977297 0.2377159
1.818631 0.2710765
1.018565 2.098197
1.585727 0.5932745
0.249364 2.159716
-0.4838265 0.5758375
0.6578427 -0.1759019
0.8551246 -0.07240336
0.5643466 2.454336
1.50633 0.7581167
2.04919 0.950081
0.2973182 0.6206925
1.168367 -0.4304362
3.308467 -0.3136241
0.8568047 0.621755
-0.4986291 0.09503463
1.88248 1.271594
1.97474 0.3019233
-0.05854382 -0.6295703
1.358389 -1.069252
-0.4424246 -0.3406152
-1.21311 -0.8832884
1.850739 3.832215
-0.6663071 1.719528
-1.034687 -0.3495712
0.6944675 2.868249
1.4929 0.8066213
1.965674 0.593231
-0.4622789 1.22969
