2.20623 1.036565
1.862969 0.7787907
1.238202 2.094517
0.6377633 0.6262051
2.485879 1.040218
2.415808 1.768481
1.443873 1.454299
0.6135174 1.169066
-0.3600685 0.5542309
0.2292211 -0.7886303
1.523707 0.3371265
1.811971 0.6705205
0.2442924 -0.3803638
2.566047 -0.5727823
1.101369 1.958029
1.331505 -0.06610383
-0.3806587 2.283615
1.035331 1.719642
0.976592 0.7607438
0.9437152 1.383644
1.443383 1.52224
1.241737 -0.1877361
0.09582629 2.397581
-0.2124501 0.3372599
0.5432373 0.5032315
1.370042 0.5554959
-0.9616412 0.6204022
1.718188 1.03822
1.487856 -0.3284299
0.6925828 2.883461
2.086324 1.537633
-0.01558149 -0.5001498
0.9139392 1.408045
0.6253077 0.95027
1.906796 0.6599888
1.204547 1.786629
-0.05004791 1.504511
1.348667 1.036161
0.6377541 0.4120731
2.952233 3.223583
2.365146 0.6701362
0.5569198 1.522362
1.747638 1.479673
0.6059773 0.2208127
0.07791119 0.1838853
0.4126802 -0.1424945
1.532178 0.1964808
0.9029391 1.186753
1.160905 0.2188407
-0.03476186 1.915116
0.7316811 0.1408703
-1.398362 0.6003395
0.736664 2.39583
0.8543858 1.891523
-0.5623366 1.35966
0.9380937 -0.359154
3.634315 1.232854
1.845483 -1.00327
-1.331571 1.081303
0.297946 0.607364
0.8818683 1.325851
1.14981 0.6723214
1.735382 2.547326
2.310321 -0.8736226
0.9767298 2.291211
0.6217183 2.259526
0.644232 -1.610725
1.239011 -0.1847878
0.2154034 0.6057126
2.009799 0.2656938
1.712581 0.6144465
-0.7228898 1.542362
-0.3017723 -0.3158225
1.517316 1.294662
0.6170661 1.61895
1.572493 0.453021
1.040167 0.1264537
2.157971 3.023458
0.866275 0.7966771
1.003069 1.938919
2.148368 0.7353626
1.582296 0.04193801
1.17458 1.964811
-0.8820823 2.018153
1.656687 0.3881375
1.778842 0.4619886
-0.3573239 0.8282696
0.086171 2.402506
1.517038 1.053624
0.6635789 -0.3198088
2.029456 0.1540572
1.825548 0.3323603
0.3823193 0.1527481
1.781211 0.4171597
-0.8958013 -0.1994116
2.083224 1.999355
0.7126687 -0.8306035
1.634282 -0.4137514
0.2627759 1.022422
0.6218227 0.9510297
