1.083519 1.272408
2.129041 0.1089433
0.7372382 -1.389947
0.8824986 1.414836
0.5382607 1.057436
3.477483 -0.07360931
-0.9001887 0.1651438
1.669021 -1.026484
0.4987504 1.386901
0.2001828 1.813502
0.1116249 0.2456311
1.828949 0.2863009
2.313803 0.1422047
1.726185 0.587418
0.7511903 2.375745
1.944434 0.8887444
-0.1957741 1.072817
1.429119 -0.08689889
0.9219411 1.523896
2.09456 1.058957
-1.043555 0.5192326
0.6838751 1.291097
-0.1554715 0.05150551
-0.03443767 0.2134783
1.130936 0.8567139
1.43774 -0.4355035
0.8151685 -1.498094
0.7774713 2.632874
1.448634 1.0375
1.037641 0.9128896
0.4061772 1.483337
1.271605 0.1569011
2.114536 0.5958265
-1.43477 -0.281561
-0.8322577 0.6978717
2.078572 1.052861
0.7975675 0.8789509
1.055173 3.337788
0.2981861 -0.2234862
-0.06595919 2.126702
0.5786069 -0.1971399
0.7535929 1.500143
-0.5855306 0.785286
0.254269 -1.177353
1.904739 0.4154233
1.231463 1.923043
1.452711 0.6076972
2.179599 0.3550717
1.317593 1.625079
2.193641 0.7054101
2.792805 0.632024
0.6362391 0.845132
1.325064 1.002337
0.9854924 -0.09178152
2.158772 0.1069364
-0.2976769 -1.144662
1.310378 0.3824994
0.03347796 -0.01772166
2.983164 1.666464
1.046437 0.5746286
0.8751569 0.3416761
2.561524 0.6868247
1.951295 1.288401
-0.4121627 0.5761995
1.169787 0.8222156
1.720588 1.387653
1.397509 0.01578551
0.7327908 2.455407
-0.5983657 0.5551359
1.816005 1.253045
0.4701311 0.886449
2.115344 0.01363842
0.8556065 -1.089609
0.4097817 1.923988
0.07054431 2.174174
0.6127986 1.197682
1.315797 1.644612
-0.6573654 1.02684
1.247396 0.6308127
-0.9227074 0.2871897
1.267349 0.03422625
1.174606 -0.7515172
0.7080494 1.516884
0.3080934 0.6210901
1.403688 0.2947163
0.4064446 -0.1554529
1.631449 0.9496016
-0.2681877 0.9825436
0.3569484 1.276412
0.3574656 0.6224044
0.4961067 0.2901738
-0.4076826 1.187889
0.04525641 0.2887152
-0.9825794 -0.3590296
-0.2266037 -1.454797
0.1863824 1.820317
0.3873393 -0.1715708
1.609518 2.708567
1.193492 1.905374
0.7533114 1.581406
