1.124389 1.060768
1.674808 1.400299
1.130957 0.1397681
0.5186768 0.8427854
2.244252 0.8057754
1.971418 -0.1948715
0.3610266 0.4063893
2.767323 1.795855
0.666409 0.09541669
1.327327 1.522774
0.4606215 1.784273
-1.220913 1.807432
0.3193677 1.091621
2.428527 0.2902269
1.794669 3.267467
1.899995 1.700767
-0.07066608 2.324324
0.8949551 0.6289356
-0.6396056 0.1734961
1.541609 0.5489476
0.651099 0.4602061
1.99279 -0.1381747
-0.01213351 2.390404
0.5485474 1.784243
1.130415 -0.2119574
0.8261401 0.05472816
0.3852993 2.37823
2.129058 0.3682596
0.9983211 1.436281
1.006468 0.3346502
1.074854 0.9949398
1.855672 -2.144234
1.593728 0.7049499
0.01006283 2.716001
0.8429982 2.053968
0.2817276 -0.5582416
0.8750453 1.025148
1.92883 0.3761909
-0.5870196 2.455635
1.611956 2.216835
2.62757 -0.5409228
-0.34455 -0.3642825
1.650373 1.635114
1.08807 0.02925885
2.083063 0.7884922
1.726563 0.3935817
0.1717875 1.196477
0.7762485 -0.0325159
0.7203072 1.904278
1.198163 0.7472905
1.610657 2.641383
1.984102 0.6317376
0.2931462 -1.5855
0.9810323 1.088863
0.8035881 1.45387
2.77008 0.3360057
1.603257 3.355665
0.1580825 -0.02550951
1.298309 -0.1814693
0.4694684 -0.21981
2.262496 0.4311061
-0.6384839 -0.7994068
-0.9633875 -0.5680765
-0.3747559 -0.4385726
0.8213207 0.7006543
1.277142 1.052049
0.9500727 2.404603
1.782029 0.4080288
2.538746 0.2694012
1.302208 0.2856884
2.229589 1.681203
0.6068114 1.562467
0.3494787 -0.2858488
1.970696 2.702877
0.113154 0.7184011
1.673889 1.426159
0.3662056 -2.026673
2.87146 0.4117915
2.829004 0.3824343
2.156067 -0.7090638
3.110147 2.020272
0.8568496 3.328553
1.585595 -0.32361
0.09118882 -0.09204939
0.5598664 2.641313
2.408939 1.345159
0.07019242 -0.06249976
1.478449 0.586385
1.857013 2.817166
-1.080532 2.271428
-0.9868676 1.181471
1.450034 -0.537072
0.9593299 0.07822432
0.8079605 0.5421051
1.680425 0.8868894
1.731033 -0.2493121
-0.04373168 0.919958
0.3889664 1.037136
-1.408817 -0.9034724
2.106276 2.141352
