0.6510706 0.8499341
2.224425 2.425182
1.026592 0.09399725
1.209924 1.024562
0.2170034 -0.380271
1.189653 0.8666533
0.3432069 2.056143
1.584464 1.080841
-1.090513 -1.38922
0.5243251 1.30319
0.6102317 -1.262189
1.502099 0.9355698
0.9678296 -0.6960918
0.9690931 -0.360258
2.440746 0.9359876
1.413845 0.3445247
0.9721008 1.593329
1.76353 0.2885607
1.276388 0.5302103
0.2956422 0.9546193
2.801937 0.2800002
-0.1231561 0.9653157
1.189925 -0.3703432
1.275994 0.681387
-0.006568302 2.884549
0.6565304 2.321258
0.5743168 0.4290967
0.05703161 -0.09765362
0.7615355 0.4898268
-0.4364719 0.9916535
1.660577 1.205735
0.5559202 0.9352604
1.005276 0.293223
2.887711 1.245144
1.297317 0.684666
0.233822 -0.3443427
0.585888 -0.6821148
2.281514 0.7285327
0.8189802 1.244324
2.21919 -0.5116315
2.214887 1.018737
0.7878709 1.131909
0.878995 1.291616
0.3074986 2.980509
2.839216 0.7796724
1.185237 1.859515
1.296771 2.351965
2.532925 2.065421
0.2261759 0.1815969
0.6118018 2.033145
-0.1013556 0.5690369
1.57572 1.205715
3.197749 0.3207128
-0.2928556 0.945064
1.684655 2.423191
2.713296 0.1690472
-0.3426342 1.499598
0.8932719 0.3001272
1.597761 -0.0661225
1.915485 0.5473703
1.98538 1.612515
0.09715793 -0.04829018
0.5029695 -0.3884767
2.161906 1.249077
1.493748 1.286015
0.7493491 -0.001919731
-1.55153 0.2841893
1.434774 1.080946
-0.729059 1.990612
-0.04559565 -0.6797498
1.771554 0.3077928
0.3711432 -1.02549
0.3519359 1.029438
0.557956 2.281992
2.272576 1.236993
0.9051442 0.8160003
1.065481 1.693514
1.245002 1.558489
1.693023 0.6173049
0.9540331 2.228917
1.055274 0.2491637
1.027859 0.2259138
0.3242924 1.631476
0.1810782 0.98042
0.6063787 1.3507
0.1072988 1.022958
0.9913519 0.8204751
1.152475 0.7809949
0.7594231 1.077541
1.335152 -0.2493665
1.026963 2.607889
3.190418 2.071856
0.7423266 2.359024
-0.4188165 0.8091593
3.104401 1.728849
1.791194 2.321863
0.440121 0.9594428
-0.3164568 1.179679
0.6060218 1.512354
1.625218 0.7744472
