0.05209956 0.5076994
2.762213 2.678439
0.2583812 0.7590614
1.601351 1.572411
1.041132 -0.4512744
1.663842 -0.08460518
1.691093 1.953581
1.326645 -0.7216704
0.3835675 -0.2295361
0.3179422 0.6343467
2.053059 0.7436778
0.3865227 -0.4920178
1.812723 1.104817
0.3609539 1.10078
0.2372943 -2.654757
1.223463 2.468154
1.872619 0.2769326
0.7415907 -1.368097
-0.3856595 0.3055131
0.8477245 0.003210911
1.860554 1.790533
0.7155067 1.220056
1.319831 0.4182745
1.963702 -2.244756
1.830816 2.544628
1.822557 0.5600754
2.285947 1.463426
-1.517347 -0.1861261
0.6982407 1.037168
1.114785 1.017373
3.105023 0.0668792
0.6255132 1.928241
2.005717 -0.8313106
0.4864061 1.089067
0.8053142 1.032754
1.52717 -0.3923629
1.604439 0.5452351
0.4549948 -0.4803423
2.893864 0.8401504
0.2733306 1.026746
1.235585 0.3394609
0.2181922 -0.1622222
-0.009460295 2.199907
3.426165 0.6452853
0.2111083 1.437937
2.763325 1.55804
0.7507846 1.767557
2.035518 1.609799
-1.2318 0.3552198
0.09006904 0.2740177
0.9525764 -0.3351228
1.00053 0.5585116
1.062279 2.383523
1.025146 0.2248169
0.6321855 0.2928942
1.974321 2.346714
0.9619331 0.5365469
1.191799 1.287825
1.639473 1.827799
0.580367 0.5887792
2.371209 0.7748269
1.633598 0.6809798
1.427871 -0.06693297
1.287194 2.196846
1.548302 1.963826
0.9084576 1.760248
0.8742985 -0.3447883
2.33039 1.425651
0.9396546 -0.1217821
-0.3064078 0.4861919
1.040943 0.8447566
1.416555 -0.3291332
1.438255 1.962866
0.8121979 0.0964171
0.1979938 1.565347
0.6238677 1.819818
-0.2617196 1.339561
-0.9359178 1.293348
2.19094 -0.5955844
2.484115 1.654872
-1.211379 2.115438
1.527066 0.09179479
-0.8777616 0.748507
2.71134 1.070028
0.4411227 1.784853
1.46914 -0.06290166
1.783707 -0.4359677
-1.129009 1.292017
1.891858 0.4216411
-0.757299 1.110201
0.4114705 2.331517
0.8721906 2.325524
0.189358 3.026523
1.50915 2.07591
0.8079382 0.6328559
0.3640088 1.663417
1.066517 1.758842
-0.1631381 1.708078
0.1950694 0.4544531
1.175635 1.345436
