3.078608 1.461229
-0.05501722 1.000137
2.683857 0.7828234
1.883939 1.249185
1.250232 0.7164701
1.886981 -1.266695
0.819889 0.7468792
0.9617231 1.990331
0.2348337 1.007117
0.7897 0.5824215
1.347003 0.9375083
1.642927 0.183034
-0.4499705 0.8647623
2.404548 2.221857
0.008155508 0.502294
1.431053 -0.9918753
2.146958 1.805788
1.66123 1.892465
2.51601 0.8810059
0.141401 0.2569132
-0.2223366 1.739891
-0.4894138 2.060136
-0.674128 2.181052
0.2825007 1.268582
0.1335185 0.881563
2.005789 1.397012
1.716109 2.203573
-0.1520567 -0.3081323
0.2635363 0.3766877
0.89947 1.378759
-0.2172648 0.7320039
1.145926 -0.2980268
0.9781436 0.09015674
2.213622 0.3542806
0.927875 -0.2671133
1.242087 -0.09888125
0.1825282 1.426622
0.6036903 2.026277
0.2484661 1.065552
0.9576337 -0.7039127
1.528743 3.336697
0.5398601 0.789362
2.04589 0.4152182
-0.5032923 1.236735
-1.710821 1.186308
1.130544 0.2174663
0.3029456 2.375222
2.174848 0.8706245
1.006757 0.6010171
2.871058 1.437794
0.2722491 -0.2814872
1.026537 1.432459
0.1775326 2.378309
1.743684 -0.1937781
0.6082099 2.132805
0.3646319 0.1946955
1.550214 -1.489187
1.050312 0.07036174
-0.5273717 1.870777
-0.4889622 1.304232
0.1148588 2.246623
1.745878 -1.828849
0.3035668 0.2244932
0.4360817 0.4756108
2.390648 1.664008
2.878973 -0.5174352
-1.559092 0.9942104
1.154152 -1.277354
0.1243389 0.1085306
0.1967086 0.7801125
0.8582497 0.1277248
-0.2904817 1.3301
0.2340375 1.388535
0.3033125 1.305377
0.6182759 0.2949667
0.07925399 0.6093046
0.7039004 2.271482
0.784845 2.215147
0.5487548 0.9541636
1.005146 0.5327049
1.565115 0.4842912
1.893037 0.265563
1.651647 1.308854
2.144429 1.949947
2.37585 -0.199644
1.611169 0.5560708
2.276364 2.998718
2.508148 -0.5113747
1.042081 -1.100137
1.736882 2.299722
0.1762708 0.460334
1.456733 0.892841
0.150997 0.0690638
0.8253386 0.6910559
1.797185 -0.8643874
1.926225 0.8898197
1.622723 1.292725
-1.387043 -0.3285389
0.7179752 1.585436
0.3408674 0.9382165
