0.8377141 1.144086
1.896129 1.218853
0.991765 -0.2299
0.3074552 1.774502
0.2147059 0.5430318
-0.4392406 2.200074
1.112895 0.2879195
-0.4967168 1.665278
0.5522555 1.725099
0.9419347 -0.3692842
1.045921 1.371169
0.1283647 0.59101
1.225742 0.747308
1.470146 0.4946182
2.033989 -0.4009582
-0.2544292 -0.1068374
-0.7422688 1.781271
1.23756 -0.622677
1.273254 0.1287356
-1.568067 1.153664
2.011458 -0.616486
1.364336 2.057578
1.407913 2.470168
0.8207217 0.6861782
0.3054402 2.272819
1.04515 1.149891
0.7800178 0.3442173
0.08782086 0.55726
3.370654 0.1427469
2.644384 -1.092433
1.099034 1.494203
0.6338925 2.65039
0.4757101 1.491756
1.291902 1.303945
0.3087319 0.9395999
2.308608 1.845091
1.82542 2.251547
0.1717555 1.640419
1.545159 0.3322209
2.47285 1.902359
3.036354 1.066352
1.117749 -0.04113986
-0.5808003 0.017547
-0.4080888 1.06323
-0.4785044 -0.04496712
1.926841 1.323073
0.4861216 1.475755
1.801495 1.997809
1.862552 2.347191
0.8609397 -0.1190754
-0.4407928 2.305451
0.6134977 -0.2242793
1.809415 2.088337
1.700651 2.457943
0.8739778 -0.4787399
1.548759 0.01928905
1.237241 0.632225
-0.3993274 2.525703
0.7770933 1.355018
2.24795 1.32575
1.00603 2.056858
1.294765 1.388909
-0.3179647 0.6744773
1.585526 0.8014265
2.147825 2.144716
1.996598 0.7425832
3.465708 0.0813671
0.6588893 1.34603
0.2143875 1.372851
0.3972542 0.1114419
1.530867 0.8073276
1.716774 2.934523
0.9607875 -0.08855768
1.620281 2.453352
-0.0022583 2.33595
1.387902 0.1702568
0.4248137 -0.3523724
0.3277425 2.472489
1.31967 0.3264929
0.7952119 0.4625677
1.78541 1.530223
1.917513 1.111812
1.524588 -0.9161288
1.95283 1.113266
2.268958 -0.1011285
1.364618 0.6176317
0.6085404 1.880781
0.2465895 1.183399
0.7203343 -0.641255
1.225294 1.045231
1.278855 -1.0709
1.025274 -0.8443447
1.16358 1.651882
0.9363944 0.1761457
-0.8025345 2.21313
1.021057 1.496805
1.820622 1.751732
1.357064 -1.144909
0.8815153 1.746616
0.2198888 -0.02077566
