1.493658 0.9666862
0.5099942 2.05198
1.502517 0.430194
1.487242 0.2863487
-0.7934793 0.3795334
2.355522 1.444476
2.045346 2.055212
-0.5792282 2.147003
0.6866992 -0.1140782
2.681037 2.082691
1.555525 1.187549
0.9524826 0.9783252
-0.275302 1.603636
0.5952891 2.176708
0.06112174 -0.5038031
0.740583 1.24973
2.248256 0.6202098
1.926996 -0.9116202
-0.001246919 1.164506
1.272295 0.1782201
1.393505 1.437212
-0.300925 0.2202719
-0.144482 0.3142601
2.206317 1.444776
0.6005015 1.637529
0.9772672 -0.6295526
1.100641 1.568136
2.135777 2.08024
-0.7829144 1.791083
1.606527 -0.5877889
1.217548 0.1351632
2.090084 -0.3180358
1.878103 0.008748102
0.4969644 -0.7600692
1.745861 -0.6438976
-0.1836796 0.9228851
0.2403069 1.654566
-0.3985541 0.3538186
1.583119 0.8930614
-0.3146624 1.637582
3.168794 1.831499
1.365667 0.1443481
0.6986048 0.3868574
0.9331381 -0.954009
-0.04074211 0.4142953
0.9305866 1.607067
1.293378 -1.172853
1.939122 -0.5231
1.142351 2.28694
-0.9311782 0.4909903
2.158649 0.1005704
2.286216 0.8407121
1.499753 1.988009
1.650198 1.198796
1.528047 -0.7084986
0.8353223 1.497064
-0.816646 0.1046246
1.168199 0.1323234
0.2437857 0.8749572
2.269849 0.6707989
1.932621 1.634556
1.190982 -0.1984166
1.666344 1.614842
0.5730802 0.4664168
1.308566 -0.7462515
2.806818 0.6879586
-0.1441743 1.63359
0.1151295 2.313548
0.9751208 0.9853824
1.252499 0.9673715
0.6063068 1.316927
2.553682 0.3477275
1.790497 -0.7286132
1.076649 0.5254751
1.768031 -1.259954
0.1350566 0.2563825
1.417635 0.3782205
-0.04573512 0.7395758
1.774543 -0.830948
1.222495 2.209325
0.3476828 0.3259974
2.031172 0.9015625
1.925422 0.9722193
0.9726416 0.5619077
0.2246538 -1.169923
1.414807 1.992408
0.8657527 1.165366
0.5307996 1.441377
2.956845 0.5124271
-0.8548225 1.381203
-0.3994802 0.6401852
0.4870305 1.250975
-0.1160867 0.7559434
1.971386 -0.09393991
1.992653 1.193117
0.4230393 0.7814744
-0.7479454 0.9549159
2.478946 2.279623
1.409569 0.8922926
-0.9247065 0.03696363
