1.1825 0.8028707
1.225642 2.010169
1.882632 0.6653477
0.06421389 -0.9299241
1.051852 1.497777
2.380741 0.5641359
1.536618 -1.249953
-0.7600528 1.732733
0.880694 -0.6830306
3.328333 0.5257672
0.2483102 1.908179
1.103139 -0.2266242
2.678711 -0.05459959
0.1806984 1.22181
1.192411 0.5614753
1.266759 0.6650659
1.405442 -0.6842017
-0.4073217 0.7448363
0.6919597 -0.3143285
2.307128 -0.01265458
1.786027 0.1757745
-0.4506358 0.6393545
1.901283 0.8906967
2.541038 0.6906671
2.06676 1.352155
0.516107 0.5070097
1.366851 0.8775993
1.395983 1.154845
0.7487662 1.090327
1.27212 -0.2707427
0.1601064 0.1923185
1.807649 -0.0366114
-0.7554767 1.37933
-0.26078 0.7327849
1.505386 2.684108
0.431857 0.01783482
0.9539408 1.5912
2.246606 2.429861
0.3657847 0.9873019
0.0830488 2.076575
1.322814 -0.2383532
1.662949 1.436033
1.349687 1.893149
1.088693 0.3520858
0.5149294 1.483465
1.849796 1.306961
0.3597356 1.640201
2.239062 -0.4812032
1.030499 -0.762276
0.9509184 -2.175853
0.9385586 -0.8553867
1.79166 -0.2783732
1.396903 1.103999
0.7775919 1.451334
0.6057992 0.7218863
0.9349187 1.780378
-0.05241941 -0.5809099
1.983307 0.7364922
-0.2880421 0.940013
0.6683865 2.65511
1.42959 0.7847733
-0.2859463 0.3739744
1.980246 1.816833
0.1286293 2.167785
0.422543 0.3766118
0.9511306 0.1864042
1.80382 0.2654185
1.583664 0.7946958
0.2170363 -0.5870797
-1.319748 0.6244295
0.7543953 2.347832
1.897608 1.159623
1.131661 0.671534
2.048997 1.448442
1.074097 -0.3419577
0.4812476 1.480814
1.108563 1.061329
2.400736 1.046989
1.158322 0.4057516
-0.8271231 1.033253
2.071629 0.7085678
1.804874 0.7069463
-0.6333347 0.8362782
1.025256 1.07948
1.053871 -0.3083803
1.18875 -0.7867809
0.8552453 -0.4667768
-0.3856525 0.1532858
1.238947 0.6540604
1.369186 -0.5534759
0.729757 1.807275
1.777752 1.147449
2.470449 0.6743995
0.2331552 -0.3727956
0.9630007 2.954889
1.201625 0.4798035
1.799673 1.220999
2.465388 1.10328
1.500576 2.69703
1.120908 1.802496
