1.984596 1.039995
0.7365818 0.9448539
0.6987642 -0.5115129
0.4365099 -0.3547055
1.538765 3.005874
1.682886 1.572354
2.005609 0.2803221
-0.01783265 1.045078
1.765439 -0.2225288
0.07078101 -0.9567887
2.638697 -0.03591275
-0.0172296 -0.1633408
1.87763 -0.073806
0.4597987 0.9573541
1.612851 -0.5896794
1.010441 0.7508794
3.130065 0.5691724
2.170907 1.167685
4.005619 1.188762
1.534347 1.012261
0.1016133 -0.4820216
0.2496078 -0.989698
1.089342 1.481694
1.447683 1.404983
0.166191 0.5180076
1.50994 0.5084942
-0.04232149 0.485503
1.108338 0.08926069
2.021853 1.694164
1.40913 1.073201
0.810089 0.005598297
1.384687 1.689353
-2.251656 1.190416
1.639677 0.7620189
2.168241 -0.3263958
0.3940249 0.2110425
0.2060498 -0.6903478
0.906101 -0.7196311
1.115143 0.6517806
0.5710817 -1.185471
2.797492 3.002547
0.02625578 -1.053228
1.183232 1.526347
0.6026639 0.1992333
1.945291 1.696101
1.400821 0.3274304
1.537483 1.763495
0.3456887 0.8386185
-0.6822763 -0.5262688
2.345626 1.754683
1.009279 2.328425
-0.3894182 1.383904
1.374283 -1.092959
1.87402 -0.09319325
1.079201 2.000178
-0.35669 1.589118
1.308341 0.3754723
1.46167 0.4027303
2.593848 1.249328
0.4259849 1.532074
0.9390975 -1.151153
2.163211 -0.6644417
-0.07400625 0.840604
3.668725 -1.318872
0.2485684 0.7443401
-1.88029 0.8704836
0.7783402 1.170435
1.411589 -1.125736
0.7665149 1.033229
0.7695926 0.7430808
1.286466 1.990342
2.807888 0.832093
0.9316788 1.213752
-0.3374331 2.594411
1.360963 0.3230076
-1.270237 1.185981
0.4501363 1.191911
-0.2007867 -0.5547796
0.7818842 0.8903557
-0.5140154 1.149811
0.1105372 -1.077255
-0.2684137 -0.1286504
1.347672 1.086448
1.127207 -0.1636045
2.270495 1.83228
0.5426135 -0.2032887
0.6434088 0.5597056
1.864349 0.6943258
1.243594 2.46505
2.285721 2.214192
1.632945 -0.1717476
0.9763104 1.447868
0.9548166 2.665467
1.020593 -2.208083
2.337507 0.7310043
2.599404 0.5879525
1.573207 2.557937
0.6398947 0.1577581
-0.3204511 -0.182472
0.864362 -0.1379548
