0.660328 2.100997
1.270851 -0.7313394
0.1442684 0.3339009
1.395729 1.46392
0.3542206 0.707465
0.8039861 0.1645687
-1.509181 0.3731707
1.500336 1.353801
0.9490098 1.168913
-0.3681248 2.101541
-0.5417377 0.5513505
2.882639 0.9503948
-1.394424 -0.7122667
1.110967 -0.208578
2.562199 0.9368745
1.198706 -0.8316892
1.083822 0.502309
1.264888 0.6741574
0.637011 0.5041033
1.070813 1.269761
2.013353 0.9110131
0.8120009 1.352741
2.485434 -0.06120395
0.2100322 1.664051
2.039745 2.18487
-0.004879502 -0.4026759
0.0225925 1.951193
1.999369 0.7058445
0.4871277 -0.2133186
-0.05780862 0.08728929
1.093379 2.106917
0.9932016 1.349563
1.9338 -0.4050916
0.9688123 -0.04890465
1.051253 0.9069942
2.007714 -1.044708
-0.3350173 0.7332057
0.1497586 0.9068319
0.2533911 -0.278015
2.377387 0.6258925
2.862166 0.3941849
1.892345 1.387551
-0.02508241 1.507169
1.846691 0.6030681
2.860832 1.848801
2.499986 0.5829339
-0.4196282 0.3700758
-0.9795185 0.1516551
2.631794 1.708571
0.8882058 1.378597
0.6242229 1.727931
0.4893654 1.201849
2.290871 2.264207
0.177568 0.3588625
0.4176687 -0.2573391
1.336322 1.782643
0.7624721 0.251853
1.273994 1.163373
0.5642368 1.203776
1.488435 -0.7049138
1.723144 1.869494
0.5105642 -1.129151
1.17265 0.6982024
0.6077174 0.6181555
0.8933899 2.427574
2.595556 1.95192
2.205763 0.8303619
1.777471 2.011602
2.55501 0.3376699
1.480265 0.1119811
-0.8845671 -0.04362183
1.631363 -0.1793834
-0.1296789 -1.367312
0.8727406 0.5197988
0.9172621 2.507963
2.533828 0.7217854
1.757046 1.453867
2.993547 1.506059
3.059946 2.006701
1.730104 2.226609
1.826375 0.7455441
1.465479 -0.3345115
-0.04149918 1.193859
0.3701364 0.3101957
1.887143 0.2652757
0.2123263 1.501194
1.446636 1.796373
0.6941532 3.254312
1.205988 -0.1348954
0.4150488 -1.459624
1.182713 2.218368
2.352404 1.813263
0.6816279 2.321842
0.4254042 -0.1652105
3.286908 3.390761
2.999226 1.508121
1.202477 -0.360823
-0.6833334 0.7708418
-1.331721 0.1464153
1.500998 0.3554073
