0.2132217 -0.4160188
1.333723 0.8536195
1.203857 1.192887
1.646689 -1.516866
-0.7522383 -0.3451973
-0.4481932 2.45823
-0.7194059 1.323462
-0.5248799 -0.6997408
1.647032 -0.2853241
-2.322469 0.9930715
2.024073 1.2482
0.6604598 0.1723886
1.203535 1.344287
1.676671 0.8095846
0.1084627 1.619036
1.514861 0.8954266
-0.3227633 0.7371002
0.9253357 1.582964
1.829529 0.7180687
3.485272 0.4318448
2.072532 0.6200335
0.9518216 0.01281299
1.204125 0.5499888
1.295621 0.9475877
1.088138 0.8954253
-0.280787 0.5474478
0.1245829 0.7541006
0.8262845 -0.096241
1.284026 1.485441
0.571069 0.8475397
-1.179364 1.295145
3.024935 1.530302
0.1047522 0.01952789
0.07594172 0.8730312
-1.082662 0.1867962
0.4703059 1.35569
2.661236 1.072232
1.079998 2.399139
1.25374 0.8358312
2.195575 0.3979879
0.6528774 -0.4842696
-0.05473075 -1.807494
-0.04226732 1.291849
0.9468898 0.8680532
0.943775 1.839802
1.379704 -0.2973658
-1.693818 0.6532732
0.2504278 -0.05635714
0.09019424 2.557851
1.631616 0.5211507
0.7536852 0.6098652
1.725381 0.874111
1.107648 0.07436031
1.032812 1.789384
0.8834886 0.06606235
2.130398 1.276229
0.4970821 2.03396
-0.2563952 -0.4058399
-0.2924231 0.8159384
0.7486246 -0.4829262
0.5439479 2.126018
0.2957615 2.01557
1.342439 -0.5437158
-0.9944426 -0.4419082
1.207603 2.573967
0.128513 -0.8912601
2.446879 2.414332
1.597337 2.732057
0.7449236 2.089429
0.3914368 -0.3709664
-0.2927378 -0.2414693
0.7650087 0.6914711
1.317542 -0.4414175
1.69387 0.8711296
1.256225 -0.0343307
0.3810597 1.461965
0.3711222 2.756195
3.279668 1.755337
-0.2430538 1.500715
0.2367702 0.8795903
1.623942 -0.368775
0.3852262 0.9163602
1.324375 2.074234
1.693399 0.5607124
0.3440194 1.355644
2.163516 -1.217534
-0.293363 0.03858946
0.01520168 3.745652
1.99074 0.1773464
4.185912 -0.2181306
0.3886045 0.7370516
1.512445 0.2829794
0.8874995 1.033249
1.80764 -0.08127022
1.665851 0.8321265
2.145174 0.4934102
0.2347477 1.323734
1.297832 0.03943084
-0.8965677 -0.3386718
1.388332 2.644123
