1.390127 2.619793
1.175508 0.04626686
1.25027 0.5878468
2.040544 1.104351
-0.6918811 0.5826164
0.03368182 0.9461089
1.033824 -0.2161085
0.5094311 0.2472857
1.0947 0.9453121
1.426829 1.129439
0.3250352 0.6525251
-0.3396525 2.140508
1.513102 1.186698
1.421978 1.487506
0.8061203 1.335217
2.041408 0.5776478
0.7337364 -0.9154038
0.3985964 1.06511
1.144762 0.5576878
0.8241271 1.741998
-0.6932196 0.9400605
-1.017079 2.820579
-0.7596099 1.71111
1.178407 0.02292624
2.105724 1.736287
2.613584 0.7529438
1.252482 2.008938
1.41302 0.01838206
2.496661 0.9282854
1.454262 -1.193496
0.3742674 0.5375746
1.647105 1.376826
0.9292972 2.320724
2.24299 2.542097
0.6520432 -0.7005213
-0.2604139 0.8387408
1.79961 1.938
0.9041916 2.290171
2.000391 2.19959
1.790452 0.9714955
-0.9405041 0.6997163
-0.5560738 0.2715483
1.064578 1.267937
1.428874 1.077299
1.222323 0.1702378
0.008622695 2.377484
0.2233806 -0.126031
0.8304183 0.3822135
1.89266 1.328576
0.5551214 1.312345
-0.8602003 1.096641
1.427613 -0.1304871
2.165476 -0.980492
1.907846 1.615718
2.080826 0.9387071
1.086998 -0.04542719
-1.136242 -0.1977673
1.133301 0.9838334
0.816796 1.650823
1.563992 0.8046522
-0.1754019 0.06721009
1.550445 1.026027
1.124319 -0.5231643
1.454246 2.545872
2.143045 0.486631
0.7361918 2.134579
1.056995 1.401303
-0.06202354 1.904951
2.746373 3.154926
1.064629 0.1807271
2.106126 -0.3223931
1.348155 1.431155
2.203333 0.5869509
1.296813 -0.2821356
0.4506567 0.1450726
1.627162 0.722612
0.464153 0.5121094
0.8573314 1.846554
0.3562958 2.153284
0.5327214 2.172492
0.8617161 0.2215516
0.8213142 1.463783
2.185182 -1.282435
2.219729 -0.4074128
-0.1021424 0.2102781
0.8667888 2.225562
0.8309265 1.131938
0.2023749 0.8214204
1.050038 2.04035
1.926141 -0.1351163
-0.05260723 1.790247
0.03767308 2.188971
0.09632945 0.2761738
3.227776 1.051978
1.357281 1.207335
1.660857 2.659499
1.580083 3.143142
1.182013 0.2741503
0.8305962 -0.1770707
0.8647149 1.675268
