2.199769 -0.2231493
-0.5925294 0.8341929
0.775967 1.935513
-1.377471 1.197964
1.218537 0.6014971
0.1721116 2.82635
1.249238 0.4855728
0.3316487 2.07517
-0.5036138 -2.076682
1.80958 2.117638
-1.358584 -0.716326
0.8595973 2.038556
1.813567 -0.1525742
-0.1218977 1.374382
1.234339 -1.35395
-0.712438 1.593706
0.1048105 1.700474
-0.25477 0.6817048
0.7059061 0.6598368
0.933582 0.03489118
1.57593 0.335552
0.9111085 -0.2689498
1.372841 0.6916471
-0.4214119 0.9998291
2.616744 2.020115
-0.1024779 0.374356
2.028347 1.444337
2.899949 1.01636
1.308166 1.410893
0.288683 2.190117
1.355723 1.067881
0.4277455 1.97733
-0.344601 0.03707803
1.993354 2.064164
-0.1668529 1.741789
2.955281 -0.05499937
1.682067 1.144269
0.1063095 0.5184705
2.241152 0.9798898
0.5511477 0.3221255
1.422791 1.067992
1.103619 2.014632
0.5295804 0.9837932
0.2779055 1.819045
1.155105 0.7501031
2.624986 1.68488
0.7884637 0.6288926
2.021918 0.448282
-0.007944234 -0.09208989
1.478356 0.1598126
1.548969 2.362945
1.751542 0.6119215
2.032389 1.585795
1.930954 1.802255
1.340679 0.1190974
-0.976454 1.539444
1.421794 2.530438
2.004712 0.4493063
-0.241082 0.2973945
0.887814 2.308962
-0.275101 0.3271266
-0.5592158 1.365508
0.5529465 2.069862
-0.5713716 -0.7984183
0.5318896 2.743674
1.013601 0.7038731
-0.4635928 1.332536
-0.1658734 -0.3939033
2.000314 0.4552948
2.348642 0.2057708
2.540714 1.16335
-0.7606918 2.037054
1.198316 -0.0002880659
3.752267 -0.05146973
0.2213717 0.5332795
1.763115 0.2893138
-0.1046021 -0.5601516
1.318727 1.182092
0.9031442 0.9474333
-0.9192266 1.436952
1.790229 1.25166
1.647021 -0.2180167
0.9626478 0.1995877
1.703576 0.8006721
2.186032 1.068093
-0.8137089 -0.5326736
1.855542 1.353171
0.8909778 1.316403
1.467541 1.116758
1.729779 2.458076
-1.137465 0.4783909
-0.6945345 3.038475
0.4287171 -0.6141482
0.5644952 -0.3897392
0.6009634 1.2327
-1.553284 -0.7435418
-0.431597 1.203296
1.898275 -0.6522273
1.177914 0.8958439
1.488254 2.649074
