0.6603068 0.531443
3.018065 1.282483
0.847639 0.5668009
0.7840615 0.5688476
1.64301 0.9908784
1.907765 0.3686121
0.9257333 -0.001289257
3.915179 0.7123749
0.7205508 -0.572545
1.016113 0.9519957
1.373311 -1.048421
-0.3702573 -0.1104731
0.4116382 2.281091
0.08652498 0.5909672
1.272667 0.2088155
0.3506067 0.6784276
1.75172 1.092575
2.615086 1.508234
1.899045 -0.1783661
1.437862 2.494891
-0.2731345 1.096535
1.610161 0.9241777
0.264882 1.823715
0.4267415 1.151378
0.005704099 -0.2284725
0.4536049 -0.4995721
-1.488082 1.59914
0.1520612 -0.2672964
0.8957616 1.052994
1.048602 2.432664
-0.5942089 0.5721698
1.636049 -1.502582
-0.3537046 1.726366
-0.1292482 1.963551
0.03940703 -1.119878
1.307561 0.4705513
1.796677 0.5772864
1.009024 1.617016
2.799847 0.5151829
0.6980964 0.3449406
0.2172899 0.3522096
0.3358788 -0.3046765
-0.0749455 -0.118375
1.036978 -0.007842499
0.4304123 -0.1419753
2.59526 2.338177
0.6216288 -0.4834114
0.8023409 1.738569
3.232787 -1.393456
0.7664637 1.049925
2.036509 2.204407
0.7672426 0.0002753549
1.668489 2.15953
1.319935 1.065481
-0.4424038 1.612636
1.34121 1.751784
1.145201 0.1879834
1.695714 0.5205352
1.716143 0.4244496
0.05854373 0.3537286
1.941841 0.03248701
2.289543 0.3921824
0.7134991 0.7335538
0.382898 0.8352137
1.17469 2.619637
1.487261 1.579903
0.8964176 0.02371337
2.153811 0.6640487
-0.239355 -1.123497
1.451871 1.635618
-0.142659 1.532931
1.474731 1.000661
-1.056606 -1.036061
1.49058 2.402423
0.5068971 0.8412598
0.650944 -1.546818
1.00278 1.708882
0.1955232 2.12492
0.1257293 0.7734177
0.6370782 -0.8966554
0.1651185 0.2523805
1.043665 0.3508461
1.8806 2.974545
2.062378 0.7820213
0.9367078 1.531018
0.08570565 1.091767
3.186536 0.4617476
0.04466694 1.251331
1.143826 0.06877011
2.922577 0.8696455
1.236125 0.8107285
1.997737 -0.7272483
1.639178 1.59635
1.937417 0.3453198
2.209804 -0.4834852
0.6928596 1.973136
-0.07490568 1.549316
1.468797 0.3938822
0.6557242 -0.4085779
0.002698354 1.006227
