2.465826 2.50666
0.1666702 1.571115
1.678305 0.690199
0.3299646 -0.162267
3.332293 1.062859
2.151058 -1.081924
0.06934107 1.447502
-0.3889279 -0.5223448
0.07428877 1.823945
0.6860894 0.8236201
1.012938 0.8138517
1.379394 0.6413666
-0.003121058 1.574627
-1.040924 0.1043945
-0.7668655 -0.3228779
0.1395409 -0.4871888
0.3068419 0.2173632
0.4580781 0.7356181
1.403604 2.086829
1.424835 -0.4263214
-0.1515429 0.4881653
2.68837 -0.1666512
-0.02040544 0.7602637
1.54217 2.27595
0.3763873 0.1390461
2.21844 1.069383
1.690928 0.4106859
2.555599 2.143683
0.0920976 0.7795156
-1.198878 2.179627
-0.1528097 1.294055
-0.4177806 -0.4555867
-0.2283321 1.485987
0.3497961 -0.3432397
1.754995 2.192176
0.8903378 0.8394818
1.972122 -0.01512484
0.7197485 -0.7936402
1.051722 -0.6264545
0.4094066 0.4171775
1.823195 1.162912
0.6398955 0.8168667
1.619496 1.792332
0.8062812 1.116089
1.913173 1.154943
1.494891 0.4415192
0.5992869 0.7871848
1.523283 0.7081647
0.586377 0.638976
1.808294 2.022679
2.085234 1.318448
1.218577 1.486537
1.519593 1.608702
1.838642 2.9672
0.6982407 1.466422
1.035195 1.599497
1.981621 0.2945948
-0.2150617 1.495705
1.058377 1.204651
1.561849 0.4491828
1.845009 1.10088
0.531553 0.7470443
0.1159807 -0.2848719
0.4219597 0.2183018
-0.43 1.370085
3.625771 0.7544679
1.134053 1.597293
1.906115 -0.7455541
-0.709675 0.2048169
-1.303536 2.497994
1.080879 -1.168204
-0.8494006 1.016949
1.282258 -0.1980338
1.183871 0.05795896
-0.1352435 0.4670771
2.14159 0.6452445
1.392262 0.6250922
0.7521714 2.672513
-0.247125 -0.4591896
0.4301211 0.1966322
0.7299141 1.658435
0.1246894 0.3671357
0.3345685 1.882288
0.9032701 1.825633
1.859044 1.872443
-0.3054167 0.0916177
0.8652741 1.270564
0.2970402 1.910477
1.680957 1.798849
1.862543 0.3687706
0.0395033 1.447219
0.546034 -0.06903984
-0.3306552 1.781968
0.2934447 -0.7997934
0.9187508 0.4802101
0.709729 0.2662692
0.3159138 -0.4287208
1.386289 0.5117965
1.346079 1.909493
0.5678421 -0.2171262
