0.8407729 0.6914171
1.866422 1.236626
0.5491559 0.5671541
0.7102056 0.7318776
-0.7894055 0.6087375
-0.2112896 1.322241
0.2309458 0.6174859
1.461744 2.741125
-1.060299 0.8330164
0.6744842 0.7591371
0.2111662 -0.5134558
0.5722036 1.249369
1.624741 1.680407
1.222587 2.343422
-0.01391548 0.08431904
0.8079724 0.3140462
1.983466 1.506986
1.793797 1.888983
0.2179031 3.228877
0.7383787 0.7965139
3.030671 0.3965244
0.7935394 0.4798708
0.5540663 1.956478
1.518913 -0.78863
0.8141807 0.5181656
0.7379837 -0.7126143
0.9107652 0.1887252
1.215385 2.661471
0.6690746 0.9425833
1.104568 1.382694
1.554999 2.858552
0.5575964 -0.05652407
1.42593 1.38536
1.719737 1.182807
2.041993 0.6529636
1.500261 -0.4444742
-0.06021265 0.5304413
1.410872 0.4098035
1.98964 1.159644
1.463221 -0.2077675
1.146945 1.657216
0.7424098 -0.9353484
1.442014 0.574102
0.4718717 -0.02570635
2.206731 0.8235495
0.290674 0.4638367
-1.154637 1.421395
0.09823966 0.4866805
1.177894 1.364793
1.557807 -0.8684165
0.6315436 0.5234004
0.05124262 0.5529999
2.876998 0.9080432
1.215827 0.4356969
1.472553 0.9843912
1.22929 0.5888618
1.413861 -0.05507097
2.476379 1.406347
0.3643823 0.6552371
1.305805 1.962464
0.6543068 0.3578437
0.1873625 -0.7121364
1.788354 2.100856
-0.1307136 -0.8262987
0.5601063 1.321605
1.627201 2.470775
-0.1699769 1.380563
2.452484 0.3289314
0.9037285 2.197987
1.489752 0.07355755
1.16566 0.2992718
1.533396 0.8869139
2.15242 1.185943
2.315519 -1.067643
1.710224 1.755489
0.2065019 1.465615
1.924508 -0.09500181
0.7947916 0.8773668
2.128499 0.6375372
2.114501 0.2224708
0.8463178 0.305597
2.182595 -0.2428791
2.058415 1.582579
0.09749597 0.2806926
2.217876 1.993706
1.639815 0.1747114
0.5818979 0.4616926
0.5229659 -0.8980405
0.3280468 1.363986
2.121281 1.987378
1.881629 -0.7160198
1.265943 0.9259907
0.7528204 0.1422769
0.5274927 0.2962685
0.896575 2.833247
0.5334986 0.3389533
1.948522 2.396452
1.68571 0.6504362
1.881027 1.620739
0.549237 1.302912
