1.481669 0.7028717
1.991852 1.225618
1.330144 0.4518074
1.864758 0.2856555
0.4684821 2.106348
0.7840793 1.120501
0.1985229 -0.1421094
0.9697823 1.655742
1.240899 0.8569087
0.06710386 1.919373
1.648329 -0.08002262
0.853855 0.1760787
1.322206 1.509161
4.779913 1.127633
0.6858835 2.234981
3.720021 0.6343404
1.265984 2.158467
0.4887019 1.728983
1.720374 1.524714
-0.2149099 0.790427
0.1888918 2.517973
0.8058844 0.09724927
0.829906 0.2027779
-2.179502 0.5843126
1.360863 0.2033399
0.06419654 2.163275
0.8675422 1.654424
0.4361955 0.6603448
1.451152 0.4339898
0.7469482 0.004293362
0.9677548 -0.1034553
0.08325911 -0.2359176
2.242047 0.09821708
1.786157 1.435084
0.2384985 -0.3958186
2.049328 1.703824
0.9496384 0.1379607
2.525555 1.723878
1.834232 -0.6187177
2.593395 0.6690587
-0.5109304 1.962956
1.507686 1.530042
-0.6656834 -0.04923534
0.9636546 1.55583
-1.015234 1.481215
1.666497 -0.2765441
2.303986 0.42816
1.337815 2.158626
0.2245263 0.7867507
1.606419 1.547772
2.39745 0.2367712
1.145945 1.859709
1.899502 -0.0985325
1.107899 0.9996726
-0.163357 2.109913
3.03615 -1.930132
0.7002726 0.9776721
-0.734183 0.9710252
0.01021154 0.6604645
-0.02657852 1.819434
1.771758 0.6805949
0.9231149 -0.1932068
-0.5035429 2.041524
2.025218 -0.4086578
0.4630618 1.477626
2.187543 1.609225
1.830388 0.930419
-0.4653291 1.958967
0.2087546 0.04541045
0.267068 1.145256
2.37604 -0.3092676
1.23108 1.189999
0.6810618 -1.272467
1.243129 1.522676
0.3735683 1.918048
1.589668 1.256678
0.1591293 1.957394
2.115668 -0.5201008
0.4082534 0.9116403
1.467458 0.238954
-0.1133764 -0.2332086
-0.7569876 -1.026039
-0.1868103 2.692955
-1.773402 0.8127772
0.9155622 1.608348
-0.1021799 0.5992091
2.258308 2.317999
0.2086542 1.385083
1.357579 -0.7702787
-0.1895653 0.8805165
1.908048 -0.7212002
0.5943293 -0.4140309
0.6048798 -0.1041689
-0.2170127 -0.1741668
3.560441 0.4199965
0.1450072 0.1849503
0.4531226 0.5693587
0.6751424 -0.5498099
0.8114042 1.755727
2.079613 -0.3360918
