-0.08624862 0.1457181
2.378827 1.802582
0.6313778 1.364318
2.408711 0.310864
0.2927876 1.915722
1.016661 1.376047
0.4010004 -0.2698658
2.080121 0.9620632
0.4294883 0.9808841
2.021967 2.123938
0.4530597 1.499397
2.064662 0.2373994
0.9949131 1.764476
0.6047892 0.5306235
1.820952 1.530652
1.284673 0.009546404
-0.4709085 1.365784
0.6738761 -0.1230001
0.3045891 0.1167127
-0.7901019 1.45758
1.227326 1.709933
2.023798 1.266322
-0.1485341 0.8688359
1.134199 0.01101399
0.8945519 -0.1380281
1.607524 0.746614
0.8993627 0.4844779
1.727188 -0.513084
-0.01824573 0.9094353
0.2382698 1.873047
1.212696 -0.6199846
0.9800729 2.520612
1.741264 0.3168437
0.850368 3.637835
0.4970181 0.7658926
1.90401 0.8110521
2.508371 1.188672
1.729986 1.238292
0.5172018 1.245529
-1.532845 -0.6100124
2.358139 2.464822
1.166538 0.002926788
1.28005 0.3681173
1.224687 1.646782
0.9771281 2.013622
1.978784 3.268209
1.579394 0.6046453
0.3974788 0.8074323
0.7674772 0.9344455
1.081609 1.746024
1.235176 -0.4044248
2.857782 -1.015241
1.517701 0.4368896
0.7260348 0.7617963
-0.4333442 0.4357194
-1.311123 1.837737
1.409586 1.436184
1.438636 -0.09516071
1.876762 1.783724
0.415663 0.204272
2.364452 0.3514079
0.529571 -0.703935
1.502844 0.9935402
1.108719 0.1045231
1.911453 0.4553139
0.6612719 2.33826
1.335862 -0.8607497
0.08990282 0.3050696
1.356901 -0.7151334
2.197651 -0.5212896
0.2638807 0.2072366
0.379852 -0.07643377
0.9035631 1.316917
0.1204395 1.608459
3.040411 0.4615086
1.325493 -0.3788908
1.999101 2.143887
1.375439 1.449048
0.557148 -0.5157091
-1.348448 0.794528
0.6396871 0.8939307
0.03706977 0.1213225
0.3613447 0.3272604
-0.6164144 0.1272503
1.070642 3.923841
1.592147 -0.7119503
0.5314158 0.9338132
1.524923 0.1673958
0.6936975 0.8843907
1.351082 0.4745847
0.7946277 1.187908
-0.2530722 0.9575699
1.231967 2.194948
-1.030574 2.048141
0.03934606 0.5715154
2.258726 -1.310792
0.65518 0.6537393
2.224101 -0.4741139
1.15038 1.531435
0.8876572 0.001068517
