-0.09425784 1.380812
-0.01859538 0.3731804
0.43907 1.671629
1.896205 0.2651641
-1.011223 -0.4354981
1.012544 2.739762
1.123683 0.3175669
-0.1785904 0.3560757
3.052161 0.9426088
0.405811 0.475584
-0.309303 0.5815925
1.601023 1.089315
1.521987 1.654988
2.21469 1.438168
0.785396 1.125839
1.448611 2.522689
-0.7435412 -0.2412767
-0.6494331 1.910822
0.1457943 -0.1635227
1.404797 0.4657905
0.9774354 0.7541772
-0.4663082 0.3222892
2.311245 0.6333255
1.980662 0.3949084
0.5412184 -0.441792
1.067051 1.23575
-0.8051732 0.08753753
0.3230694 0.9869852
1.676268 2.375813
1.15115 2.654568
0.6992809 1.134497
1.661937 0.1069216
1.410658 0.09119412
0.2919066 0.6465594
3.093979 2.010946
0.2337785 0.6049539
0.07632805 3.552327
2.048503 -0.8174974
0.9210192 2.065021
1.854266 1.906536
0.8310999 1.391254
1.392388 1.339254
0.7244458 1.556959
0.8773446 -0.1430679
1.859985 0.7789645
0.6114136 2.643187
2.021208 0.6937512
-1.255222 0.7272475
1.24876 1.274007
-1.02304 -0.6672711
1.093876 -0.1429676
1.401011 2.664336
1.539248 3.166024
-0.7796377 -1.39089
-0.8310075 -1.184032
-0.7149154 0.2062269
2.374179 0.2703293
0.1343785 0.490419
2.679702 -0.8040656
1.090944 2.841136
-0.5221978 -0.224395
1.96819 0.9200105
1.604919 1.68181
1.24894 0.6500348
1.746373 1.171807
0.9845426 -0.4007756
2.629438 -0.3171486
0.6698007 1.912842
-0.4192569 0.1755692
2.659656 -0.1794312
1.226192 -1.433104
1.427926 -0.6226657
2.503462 2.183785
0.1798784 0.2254912
1.960769 0.6373315
1.746326 2.134535
0.3521416 1.048102
1.968699 0.8315073
2.224107 1.144255
1.316203 1.079071
2.409646 1.613512
1.544263 1.777738
1.963323 -1.596576
-0.05876939 0.8308285
0.5745896 0.5143463
0.4851093 0.369699
1.038548 -1.083947
-0.5888927 0.3358352
1.61538 0.8297343
-0.4327258 -0.03590123
0.5255186 1.214361
0.5065396 1.561999
-0.1719208 0.6347148
1.345925 1.376718
3.144267 -0.03392719
1.117612 1.392363
-0.3608299 0.1330494
2.791076 1.238044
1.328177 0.1873956
0.645087 0.6696269
