1.390367 1.920602
0.5176158 0.8820729
-0.8608907 -0.2137431
1.387706 -0.3888921
0.5029587 1.194309
3.079758 -0.2890476
1.270329 0.462892
-0.02421993 0.3739032
0.7367426 1.14211
-0.2572302 -0.6845187
1.624516 1.905931
2.468935 -0.26771
-0.2970301 1.429559
2.699995 -0.5637429
1.233238 -0.7146206
4.301876 1.412475
0.856865 1.058134
-0.5659038 0.5059313
0.2148458 1.193443
1.023701 1.277139
0.2875822 0.1184966
2.695185 0.4701003
1.116506 -0.4631426
0.9310948 -0.1213917
0.2134011 1.113155
-0.05837474 0.7986909
1.061075 1.121566
1.469081 -0.1182513
2.073153 2.792862
0.505397 0.6199057
3.12052 1.627363
1.6426 1.84478
2.802687 -0.1715667
0.7594107 0.2789368
0.2214638 0.4870627
2.717688 0.8501784
1.503598 -1.02565
0.7353924 -0.5827507
0.6599467 0.5550644
-0.1612223 1.29354
1.102964 1.808034
-0.1297877 0.02628808
2.875951 0.9921461
0.3756196 1.246434
1.081677 0.2809193
0.6049269 0.7908832
2.988962 0.4753013
0.01250862 3.100488
1.236601 1.580882
1.456314 1.494226
0.4336939 0.4769025
1.454464 1.273546
0.9260882 1.794781
0.6388488 1.713926
-0.2138452 0.3469345
1.606081 0.03151614
-0.08347159 1.239758
1.227609 0.2217738
-0.4540691 1.30307
-0.7145708 -2.037543
0.7263212 0.4263313
0.6225325 0.3903776
0.3695104 1.314251
1.226531 0.5878785
2.381739 -0.01768217
0.6662866 -0.6644714
0.7584826 0.02602922
-0.9260638 0.5219354
2.331395 1.309363
1.491213 0.4020185
0.1101122 2.283241
2.516069 1.059061
0.1435499 1.179647
1.226718 1.272801
3.028743 0.4045279
1.075514 0.3926978
-0.1965626 0.2154896
1.506186 0.5972149
1.41909 0.9054672
1.404347 0.6744562
1.656601 1.697961
0.3822381 1.3068
-0.7481528 0.9319457
1.883018 -0.05239463
0.08061605 0.3648997
2.105377 0.9749428
1.556789 0.2918067
-0.1960034 1.703638
0.07906806 1.439824
0.5839156 2.236372
0.5872696 1.193074
2.342107 1.398537
1.255851 1.41497
-1.294455 -1.367329
0.7337648 1.002162
0.9393865 0.2591416
0.848629 1.789938
1.115084 1.78043
2.3759 0.7512499
2.467524 1.584973
