1.904762 1.755031
1.437761 0.6666666
0.1913119 0.7724501
1.066945 -0.01217239
0.4709798 0.7285371
-0.02009774 1.645115
1.619492 0.6042273
1.375675 0.1188397
-0.02628004 0.4549228
0.3724906 -1.160966
1.546721 -0.07234462
0.7972311 2.232411
0.4906337 -0.8095772
2.90169 0.9185171
-0.2605101 1.462531
0.3731319 2.653319
1.432463 1.226287
1.025736 1.273154
0.5991041 1.075787
0.9159099 0.2805278
3.745903 -0.8678645
1.626264 1.363392
1.768478 2.988794
2.234233 1.670666
0.8986065 -0.7222934
0.6910723 1.485242
2.111218 0.8255742
1.17095 0.3820675
1.300317 0.0756935
0.7904295 1.372617
1.247051 0.08153691
1.197808 1.18751
-0.2484224 0.285958
1.208505 0.7250174
1.027826 0.5585157
-0.934867 1.363068
0.5556159 2.351326
1.092422 0.2567714
0.07831709 0.2051084
-0.5005199 2.961728
2.206601 1.433405
1.960351 0.7653463
0.4625274 1.810726
0.8240454 2.744187
0.8788206 -0.6838063
-0.5972251 2.616487
0.2489218 1.613539
1.269995 1.419397
1.133958 0.4597402
0.844811 1.036324
1.27693 2.302241
2.319346 3.156437
0.8098627 1.532074
0.1489648 1.283623
1.327761 2.158172
1.234836 -0.6592061
-0.03908869 1.661856
0.3693227 0.1922955
0.275783 0.302304
1.08511 0.4901466
-0.3564674 1.183352
0.1445199 0.5165347
3.228216 -1.046163
-0.2551632 -0.09940102
2.61857 1.320348
1.386953 2.74731
0.4764107 2.479747
1.05348 3.032907
2.642118 2.7137
0.9536935 0.4369357
2.183414 1.978333
-1.534653 2.547938
1.400043 2.654804
1.044861 1.633615
2.519515 0.7055855
2.351789 1.782625
-1.452985 -1.870462
1.909744 0.540558
1.756545 -0.00744219
-0.01245581 1.92892
0.8475167 1.916125
0.5394363 0.6660182
1.238684 0.1456806
1.615883 1.481781
-0.3686465 2.602772
1.699611 1.719812
2.214271 1.814986
2.243101 -0.129285
1.136322 1.529406
1.358873 1.446958
1.572495 1.307148
0.3071124 0.3611029
-0.8460551 2.905962
0.7736173 1.586806
0.9342744 0.7972502
-0.387466 0.5042997
-0.001308823 1.183832
2.183814 2.648881
0.01829506 0.7749838
0.6302875 1.780396
