0.07667682 2.085004
1.937503 1.187952
2.174852 -0.3678853
1.493401 1.770331
0.07941479 -0.1901171
1.951161 1.028302
-0.4593253 1.722437
1.213536 -2.45551
1.612932 1.528211
-0.2378955 2.813227
-0.4042522 1.00253
1.552227 1.014722
0.7784979 0.6909404
1.042412 0.6629658
1.429161 2.604952
0.8985193 0.2194267
2.83457 2.951084
2.633488 -0.0764794
1.789011 2.840351
1.371191 1.200284
2.050144 1.35172
0.3361114 0.2229887
1.364017 2.886634
0.3908359 1.811776
-0.6753313 2.039604
1.81705 0.8122992
0.7199515 -1.466394
-0.002082156 0.7466397
0.4418769 -0.627105
0.4134858 -0.705025
-0.1345927 1.608224
0.7767664 1.973134
-0.6320906 0.6612029
0.4398547 1.606773
0.1433677 -0.5034222
-1.617089 -0.1886031
0.1496035 1.127192
1.271564 2.257332
-1.080401 0.01148454
0.6218555 2.126568
4.197716 2.925102
0.9933129 0.292619
-0.3274962 1.786109
1.63862 1.039588
0.3497818 0.4670363
1.93375 -1.746806
1.160011 1.047061
0.6033288 1.747882
2.817287 1.99444
-0.09743041 1.392132
2.891272 -0.6165912
1.993202 2.363966
1.950182 3.022525
2.254502 2.148506
1.592674 -0.41426
0.6255194 1.435061
1.468702 -1.810784
3.170334 -0.9253556
2.919074 1.762306
3.632711 0.6942227
1.330603 1.228631
0.2475331 1.604086
0.6573151 1.350819
2.090165 1.390783
1.591626 1.14371
1.843897 2.457634
0.7764368 -0.5031224
0.8638646 -0.3287216
1.18196 0.6593449
1.700754 1.059326
0.8724514 2.982442
-0.1890074 1.432322
2.495065 2.651288
0.335396 -0.165441
2.083172 0.5285527
1.362663 1.418207
-0.6488874 1.069008
-0.01230489 0.3761616
1.336065 0.7463188
2.355552 2.497498
0.9041445 0.9212085
-0.05520824 1.859958
1.865277 1.371449
3.662905 0.4919821
1.568609 -1.969043
0.8029453 2.514416
2.501419 0.02162707
2.230861 0.2664163
1.279275 0.8919028
0.9246811 1.37811
0.4466066 1.201642
0.6570544 1.334052
1.068818 2.95705
-0.3367012 0.183073
-0.941208 0.8835796
-0.10463 0.7109685
-0.2181486 1.921187
2.204029 -0.6296514
-0.4231916 0.8395952
0.561937 0.4725036
