1.667474 0.2814846
1.457792 1.62068
0.5466717 -0.05542281
2.412814 1.378137
1.613842 1.792583
0.8572704 0.9922129
0.7448828 1.814043
1.026138 0.3344539
-1.384398 -0.5692343
1.536059 1.418264
0.08230842 1.838883
1.621098 1.17427
0.647791 2.376686
0.5597432 1.227341
-1.095484 -0.5557101
0.231827 0.009257694
-0.02922466 -0.04141185
1.277192 0.1377403
2.494118 -1.336948
0.7041903 2.78553
0.9542498 0.6230227
1.746704 1.25604
0.9015891 -0.1773376
2.919237 -0.04866244
1.639052 1.265428
3.120666 1.497153
-0.6083549 2.175982
-1.040701 0.4967837
2.06197 -2.026585
1.023185 -0.2740935
0.1573474 0.5092043
-0.02790987 2.021597
1.603489 2.049407
1.446701 1.854495
1.23556 1.832413
1.261327 0.4508905
1.194821 -0.7709572
2.223481 -0.177806
1.590075 1.463167
1.684086 1.342461
-0.08935703 1.951452
3.092006 1.853468
2.149198 -0.8967238
0.2529823 -1.30085
1.130918 1.397242
0.7890271 -0.5984405
0.1248409 1.722503
2.37697 0.1548731
1.156827 -0.007853529
2.412679 -0.1405992
0.6622187 0.1176434
0.3257592 2.176037
0.6467064 1.330977
-0.7203168 1.652047
1.57357 0.8303419
-0.5312309 0.2239443
2.490131 0.1875795
1.269262 0.4606322
1.897861 0.008841554
-0.4517949 0.7619934
1.15215 0.6705189
2.125012 0.9198951
3.220663 -0.05326999
2.509426 -0.3977296
1.873951 0.09898874
0.2893818 3.305428
0.3746309 0.3770235
1.01775 0.2520746
1.768682 0.2353058
2.843764 2.022534
0.4194606 1.627507
1.563835 1.188403
0.9817566 0.8307416
0.7355116 2.175494
0.7998057 -0.2238181
1.494769 2.214996
1.784093 1.955034
1.906697 -2.153581
0.08564704 1.134345
2.843598 2.191278
1.125228 -0.5880309
0.8761799 1.841873
1.349127 0.9934913
2.307787 1.384823
1.848031 1.243675
0.3334021 -0.4654647
1.20949 0.539109
-0.1960807 -0.2695914
0.7435013 0.538757
0.8342465 -1.105976
0.9521917 -1.702249
1.736231 -0.2580883
1.353843 1.141336
1.180302 -0.3300941
0.4713668 -0.9891595
-0.3017749 -0.4874974
2.547635 -0.6256224
1.054837 -1.021545
0.8026174 4.690882
-0.05413739 -0.0996516
