1.512307 1.661859
0.855374 0.4077599
0.8095746 0.1526271
2.648243 1.345947
1.338713 0.182318
-0.05906555 1.941509
2.394037 0.3826521
2.007287 1.321417
1.8958 1.023315
1.634923 -0.4206572
0.6038322 1.707136
-0.02195925 0.1983062
-1.643071 0.8977361
1.229868 0.4714621
0.3248198 2.556493
1.342538 0.7966074
2.715802 0.4823084
1.522736 1.201865
1.069081 2.284109
1.644445 0.01949716
1.674432 0.6715961
0.2697248 -0.2627201
1.322991 1.846333
0.7698818 -1.289018
0.95868 1.373081
1.331134 3.471453
0.6776643 0.9809874
-1.630876 0.2226826
0.8276852 -0.4376975
1.361903 1.906514
1.657773 2.272697
1.419034 0.2765418
0.9973852 -1.105487
0.02788976 1.977439
1.438804 0.4598209
1.365983 -1.937111
1.908311 -0.1966568
1.136984 -0.6629834
0.8016792 -0.3244416
0.8753388 1.052873
0.4342 1.414566
-0.04451643 2.631934
0.142109 0.04987981
1.208165 0.3142629
0.4298111 0.1731925
1.334278 1.989961
0.9010448 1.512722
2.263196 2.015721
1.531598 1.157583
2.869575 1.01302
1.700038 0.413016
2.45039 0.8222645
0.1048991 -0.7222436
1.006462 1.163867
0.9770343 1.393602
1.015768 -0.2882553
1.513878 1.671103
0.179477 0.1059731
2.431566 0.1126096
0.5547721 1.073056
1.840261 0.7626938
0.9213593 2.534458
1.658168 -0.5116163
1.088031 0.3065353
-0.0159944 -1.407697
1.519349 1.218953
2.0292 1.402658
0.3346898 1.449312
1.048346 0.6685177
3.923382 0.6994083
0.3012777 0.08296518
0.1022192 2.628367
0.9396391 1.179088
1.758588 1.338758
0.4129971 2.173085
0.1584308 -0.7510426
0.7751103 -0.3463012
1.37515 2.900748
0.9248473 0.8926676
0.4855173 0.4750962
0.3676314 0.5334919
2.097815 1.201476
0.7399007 0.02242549
1.42534 -1.924765
3.013616 1.273494
1.157473 2.295251
1.643743 1.679795
1.533496 -0.9707853
2.209794 3.207947
0.07595918 1.796669
1.937952 0.05498144
-0.2380811 0.4685191
0.9362303 2.250402
1.635251 2.064647
1.689256 1.695952
0.5928298 -1.23126
2.586644 0.4995715
2.176989 1.483639
3.278131 1.65838
1.221456 -0.1300183
