-0.444975 0.8913518
1.537195 -0.765838
0.2920388 0.7153004
0.8029334 0.6670738
0.6864642 1.300582
1.299482 0.5214012
0.2111392 -0.4859624
-0.3966269 2.525502
2.012782 1.116649
0.7088416 -0.6192987
1.136989 1.116909
2.10633 1.316882
1.250369 0.1087785
0.8289177 0.5514408
-0.09507198 0.5234593
2.723221 2.434336
-0.952234 1.122712
1.205356 0.03648059
0.9720679 -0.1097394
-0.3527098 -0.2832339
0.8910041 -0.6347125
1.610097 0.602634
1.276006 1.806321
3.45161 -0.5395642
2.389076 0.9658188
0.6663708 2.547002
2.40449 0.0911027
1.165755 2.142853
0.9400838 1.554751
1.348163 3.773543
2.052391 -0.1603338
-0.7001558 0.1167322
1.968229 -0.3543329
1.555136 -0.4457735
-0.6308669 1.694102
2.254853 2.329867
3.035252 2.157407
0.2699277 0.5059358
-0.3506834 0.9021042
0.07903297 -0.1135744
1.459474 0.4609309
1.360473 -0.5184098
0.237315 1.451975
-0.1873797 0.6611921
0.5935292 0.4486898
0.6208304 -0.1238397
0.5934446 1.581335
1.495228 1.139153
2.246419 0.9071365
3.299139 0.08071637
2.931803 0.4731225
1.693226 0.8908144
1.295661 0.2921577
1.001573 -1.195393
1.55601 -0.5259976
1.717158 1.636318
0.905285 1.711955
1.539774 0.7942281
-0.3869335 0.4050899
1.942578 1.205456
2.418541 2.600412
2.680034 0.06912018
0.8581437 1.211096
1.876785 0.7832231
2.947233 1.934294
2.918283 2.842879
2.629924 -0.5373888
1.152408 -0.2118793
1.451362 0.373739
1.98755 0.1353589
0.9812581 0.6514346
0.4881298 1.332805
0.4332498 1.195549
1.142617 1.687932
1.847566 1.781107
1.473035 1.396575
1.555893 1.996078
0.8876965 1.099626
1.46044 -1.0125
2.717674 0.4496866
2.053913 2.37184
0.8529498 1.917395
0.8994571 1.327236
0.7460269 -1.03761
2.287232 0.7124163
1.486139 1.872192
0.9810017 -0.7058175
1.07837 1.568243
2.024317 0.6345173
1.500867 1.088413
0.4034049 0.02241722
1.231061 1.899592
-0.2168339 1.761473
0.2881956 0.2613285
1.465286 0.1400325
1.858934 -1.202929
0.5995862 0.6331144
0.2651578 -0.7835247
1.998032 0.7317472
0.9753954 1.158392
