1.222389 0.3429343
2.535857 1.702977
0.07931797 -1.315893
2.439685 1.650505
0.9418236 0.83731
0.8043545 0.2413415
0.6497122 -0.3854437
0.9045467 1.386078
0.3764458 1.481706
2.056233 -0.3041945
-0.6608024 2.592074
1.33868 0.4473792
0.1515057 0.4863887
-0.1729476 0.7087873
-0.2632088 1.318978
0.9543548 0.2653155
0.9282974 0.164198
-1.265243 2.008909
0.319824 1.795215
0.04814226 -0.5861502
0.9348115 0.04020126
0.8359147 3.404386
0.8701751 -0.5351415
1.363902 -0.7050494
1.133383 1.912887
2.175991 0.3986495
1.414754 0.3454063
0.7763253 1.645488
2.144882 1.066089
0.9471412 1.734985
1.121395 -0.5711148
0.5312166 2.393547
-0.3278921 0.4107427
2.572261 0.008720096
3.012288 2.456098
1.279476 -1.128454
1.74737 -0.240284
0.5134268 1.044612
0.8366836 2.480147
0.3541916 1.231372
0.2726705 0.9633855
1.724844 0.4946391
0.6479778 0.2565913
0.3338902 1.853145
0.211457 0.6308077
0.7922493 2.229374
0.3164299 2.540006
0.001821467 2.033657
1.061537 -0.5777446
0.5180475 0.4169051
-0.6585415 0.28454
1.153041 0.5417364
1.986164 1.463661
2.40407 1.562969
1.799242 -0.07257419
1.144167 0.2489103
0.7080132 1.509532
1.498567 0.9835425
1.878676 1.279734
1.216231 1.015935
1.970552 0.2633561
-0.7835322 1.273377
0.4058821 2.046268
0.0007750021 2.02874
1.782921 2.337755
1.309944 0.9104747
1.341639 0.1247241
0.5203469 -0.3470734
0.8548239 0.2120706
-0.2375261 2.507193
2.191568 2.14698
1.739359 1.352739
1.406331 0.9875978
0.5172985 2.369812
-0.2241009 -0.06578224
-1.102601 1.204518
1.505278 0.6252466
0.1338306 2.039163
1.082231 1.310722
0.8106274 0.4708645
1.142082 -0.6739837
1.445036 0.7292862
0.3274479 2.113861
1.270911 0.7567602
2.378147 0.2430904
1.821596 1.840818
1.961827 -1.831921
1.602096 0.5598058
1.214736 1.507497
-0.5149564 0.4590782
1.067904 0.9875287
0.7082382 -0.3147431
0.3034777 0.7995246
1.253401 1.305593
0.2493954 0.3038807
2.001686 1.36923
1.292306 -0.2391096
2.419539 1.280472
1.369001 0.4177508
1.520141 2.998948
