-0.2859549 1.125134
1.109882 1.18549
1.402899 0.7219986
-0.3430828 1.527272
0.2622054 -0.1109337
2.008645 0.0569102
2.080294 0.6972801
1.185742 0.1801536
1.039381 1.692341
1.403951 0.9823872
0.06544278 1.997011
-0.04055171 1.418096
1.714871 1.497986
2.177131 1.903839
0.2876018 1.167272
1.638676 0.02923376
-1.081036 2.594244
3.347829 2.287613
-0.08264875 -0.3133976
-0.1298004 2.125481
0.3065862 1.152246
0.7934822 0.5386555
3.31715 1.484605
1.18623 2.582442
0.04184652 0.7941885
2.210969 -0.5856124
-0.02976857 0.1321814
1.830227 -0.3345255
0.2701737 -0.8604633
1.261344 2.172438
0.7612164 1.114729
1.775787 -0.3280692
1.359733 -0.97873
1.26302 0.7368834
-0.00430755 1.080301
1.62343 1.107998
0.07608885 0.4629996
2.006245 1.260472
0.3062803 1.789168
1.505393 -0.1169348
1.568568 0.9676238
2.348655 1.682715
3.317761 0.04895232
1.661525 1.034224
-0.1207009 0.7106081
0.3103283 0.09752408
0.6424867 1.621345
2.130575 0.3857979
1.354609 -0.1178097
-0.4076179 0.6885703
1.550232 1.047425
1.121768 0.9258589
-0.6256082 0.0508838
0.7312765 3.970362
0.576991 1.788649
0.7396308 0.6127762
1.924086 0.4333164
0.858789 0.1002247
0.4774353 0.4661369
0.4485891 -0.1553148
0.4166482 0.8097751
1.293463 1.870083
-1.11924 0.9633118
0.09876481 1.845531
1.686298 1.062012
1.881838 1.275371
1.116916 1.119261
1.330312 0.2327033
1.183322 1.563148
1.89912 2.460501
0.9477837 1.335449
1.512837 -0.5664169
0.03718914 1.243243
1.601388 1.400605
2.058072 1.844781
2.283365 0.6361684
0.6433332 0.6808015
0.4270794 0.1995139
1.233797 -0.06097987
1.557255 1.465808
-0.07923777 -0.05324932
1.076013 1.158311
2.190211 0.8647524
1.120977 0.8725483
1.169812 -0.4628368
1.403676 3.260868
-0.2463745 2.32497
0.2358403 0.8092041
-0.531283 0.1555188
0.4043579 1.349889
0.7163145 1.446082
0.9497802 0.2620712
0.7555641 0.4907519
0.5817253 1.745645
-0.3086029 -0.7971062
-0.9323137 -0.86371
2.147305 1.647284
0.7560998 0.6487135
-0.5635456 0.9842123
0.1192322 1.253725
