3.36842 1.682457
3.070688 0.8604388
-0.3818182 1.03489
0.8412921 0.03217037
1.0946 1.545876
0.1780261 0.7123049
0.3370339 0.6114165
-0.3490149 1.254038
0.9686346 1.189312
0.3678187 1.291603
2.120931 0.5449975
1.232413 0.7893751
1.187185 -0.2061367
0.7750973 0.3290086
0.2962312 1.169936
2.891435 -0.5661459
1.948602 2.304912
0.2189746 2.282782
0.3597785 1.84029
3.076706 -0.1192938
2.122393 -1.606826
1.424584 2.087874
0.09442881 1.945148
-0.04942173 -0.1410958
1.555956 0.7176791
-0.7628183 1.15732
1.861224 1.490298
0.4623865 0.113305
1.578131 1.37447
2.13234 -0.2393838
0.3523053 0.482023
1.362854 -0.3585391
-0.2647258 1.463562
1.755061 2.329819
-0.1861622 -0.4379144
0.8705542 -0.4189975
2.42692 1.141912
1.204562 1.280425
0.985904 0.8599158
0.1456519 0.8935537
2.087395 0.2608429
0.6676943 -0.5400639
1.737691 1.529156
1.534644 0.7312213
1.176463 0.9784694
1.937551 0.6741922
-0.6589716 -0.7685554
1.079727 1.033382
-0.3780547 0.9597569
-0.7378571 2.080388
0.7312471 -0.07975488
1.024318 0.6264517
1.439204 1.253577
-1.412699 1.653311
0.9129075 0.9034154
1.307437 1.377013
1.106503 0.5483876
0.5402585 0.4693522
1.7899 2.175726
0.8465078 0.9162552
0.06763119 -0.871086
0.3550201 0.9387987
0.5927113 0.5917655
2.75094 1.305823
1.798791 0.846212
4.177694 0.5918035
1.776916 0.6953155
0.2224006 1.357136
-0.2700727 0.3479892
2.095123 0.53831
-0.8663212 2.342167
0.8961344 -0.09053964
-0.6133662 -0.06412698
2.268129 1.69596
0.2617212 0.6997058
0.1934803 1.037554
-0.6626082 2.399612
0.6073443 0.8873276
0.7136975 1.083434
1.802936 0.2880772
2.231796 0.974156
0.9560413 0.7840183
-0.6997852 0.4117681
0.4955015 -0.6499667
1.64902 -1.238699
3.65924 -1.576752
-0.127633 -1.450679
1.946795 0.1473923
0.8522512 2.424085
1.870435 -0.5859129
0.7725323 0.1487733
1.136089 0.4475036
1.403987 1.304059
2.235926 0.9769053
1.276548 1.477439
-0.2760699 0.8226641
0.9429504 2.235633
3.739848 0.4713816
1.478172 -0.3533711
-0.4920194 -1.252488
