2.549424 0.8617608
2.068158 3.219946
3.163751 0.4624304
2.7426 0.2837699
-0.02423541 -0.4989168
0.6896229 2.606865
1.351829 1.746016
0.8387904 1.990118
-1.610597 0.7503736
0.06816181 1.855142
-0.5025332 2.057896
-0.5085904 0.1426317
0.265108 -0.3254522
0.5948711 -0.2022963
1.314451 2.614409
2.250919 1.54761
0.3890002 2.403309
0.8924907 -0.004190177
0.8410588 2.010558
0.970001 2.334615
0.908462 0.445068
2.274797 -0.2148419
1.200693 1.057759
3.036968 -0.5120539
-0.544849 0.3519128
1.439954 -0.1526445
3.271847 1.534584
-0.5502248 2.52785
0.2235926 1.037183
0.9398754 1.670183
1.053018 1.606462
0.9931234 2.781109
0.8988227 -0.003548697
-1.10679 2.791076
0.7248753 0.7409801
2.241199 2.066343
0.876003 1.04609
1.325216 0.6778225
-0.1224457 -0.1042476
-0.2225257 0.136575
0.961767 -0.6480282
1.501625 1.47433
0.2495379 1.010187
0.7728836 -0.425487
0.1665825 -0.8320915
0.08035509 1.286041
1.240594 2.392363
1.570544 1.027537
2.336874 1.559984
-1.005592 1.776152
1.044796 0.4509814
0.853724 2.874342
1.585717 1.483059
-0.2137579 0.3751958
2.694355 2.405849
1.808384 0.5572437
1.834828 1.304521
2.844366 2.773672
3.238898 -0.6877726
0.07882838 0.6642266
0.8375425 -0.3595589
1.408694 1.539201
2.211897 3.339934
-1.274438 0.7016899
0.6159495 1.628743
1.521704 0.5097706
1.048139 0.3657233
1.980668 0.8819234
0.08403459 1.950649
1.474526 -0.01469519
0.7552058 2.118072
2.062791 1.391766
2.062751 1.202655
0.192475 0.7529049
0.7904429 0.6338568
-0.01423614 1.424753
2.464321 1.439662
1.446199 -1.286736
0.9916287 2.428178
0.959218 -1.025228
0.06086713 2.640051
1.972714 2.039659
1.637374 0.02846404
0.2117986 1.76891
2.279515 0.5653043
2.615816 0.813365
-0.3364883 1.431997
1.690866 1.064316
0.4214606 1.322737
1.972215 1.214482
1.996738 0.2531846
1.949908 -1.262697
-0.1229586 2.094375
0.4129737 1.124266
-0.1694834 1.983159
1.809409 2.103776
-0.4418229 -1.98827
1.085602 0.2563195
0.813342 -0.02084699
2.039171 1.728164
