2.117198 -1.586671
2.001003 1.98223
0.5312696 1.340388
1.298206 0.2996002
-0.4357054 0.9033021
1.47025 1.846759
2.908602 0.3241462
0.4253619 0.4128192
-0.08390801 1.226464
-0.3346365 0.9585359
1.522887 0.1218123
1.695571 1.644881
0.3481518 2.038153
-0.09807423 0.4245787
1.153183 0.2279866
1.18085 0.7633168
0.509351 0.4031046
-0.6661236 -0.6369352
1.241546 0.647392
1.059001 0.4073824
2.148719 0.7909356
1.138738 0.8407844
1.583782 1.783813
0.8831742 1.086145
-1.666062 -0.6514622
1.631237 -0.3655968
0.4236102 1.666124
0.6871479 1.7355
1.648766 0.3164836
-0.480725 1.76579
1.767709 0.6094889
-0.2627094 -0.5694076
0.06713788 0.2340875
0.6779908 1.125835
1.889112 2.067904
2.327742 -0.2732798
1.636149 -2.153839
-0.5588632 1.502807
-1.698564 -0.4437491
1.293373 0.1775719
2.00128 1.829042
0.3566309 0.5509846
2.343815 2.72132
1.066378 0.9885226
3.883317 1.418915
0.4054271 -0.008784389
-0.4261703 0.9914466
-1.252248 0.4611967
2.249392 2.395343
2.455033 1.669011
2.323105 1.607743
0.3376271 -0.8929472
0.1387674 0.9763853
1.619106 0.2813429
-0.3776846 -0.6098132
0.5569562 0.05378883
0.7477633 -0.1074395
0.6331898 0.9737831
0.4258843 1.841735
1.37848 -0.07731993
1.526462 1.603614
0.2034165 3.300951
0.03087364 -0.01217788
0.7667254 0.7418243
-0.7264826 -0.6346537
-0.5018138 0.6211888
0.1589621 0.8074576
1.024235 1.327022
0.6212139 0.5535489
0.8376766 2.561887
0.441788 3.631442
1.538939 0.3838201
3.570137 1.455128
-1.038432 -1.114778
0.007708769 1.253136
2.037243 0.7333616
0.5128969 0.8758038
0.0008579102 0.598884
0.5540348 0.3737532
0.7856369 -0.04657829
-0.1818573 -2.167505
-0.1805163 -0.1102875
1.733219 0.5755301
-0.6613453 1.674205
0.7217769 0.8060148
0.3752248 0.4988873
1.179657 -0.6584083
-0.4800802 1.521859
2.635769 -0.335142
0.7722621 0.4222389
1.577091 -0.1423982
0.9351332 -0.5512697
1.645185 0.1201193
1.395344 0.8753703
0.136767 0.8901741
0.7827681 0.9736394
-0.6533142 -0.3425955
-0.7557023 0.7097378
-0.7650831 1.717196
1.250847 0.994959
