1.01738 0.7921633
1.338602 1.393378
0.7729648 -0.4641885
0.04417622 0.8199291
1.107951 2.122556
3.175385 -1.543518
2.827463 1.907372
-0.6408179 0.3444225
0.09201178 -1.211956
1.878905 1.214525
0.1291104 1.891461
-0.5282694 -0.7091512
1.435087 0.3618791
-1.60677 0.5840181
-0.4330033 0.492559
0.1872141 1.080933
1.104653 -0.08683709
1.833786 1.240669
0.4760686 0.7181402
0.3068895 0.5116631
1.202999 1.368606
0.4926082 1.348368
0.1483507 1.998106
0.5667802 0.1777106
-0.05123723 0.5100953
0.6252882 0.6680199
0.6947347 0.330306
0.4113184 0.3959907
2.088945 5.805279
1.615764 0.3236651
-0.09032977 0.6157297
1.01038 -0.04041138
0.7435165 2.36991
1.688609 0.5552111
0.3582038 -1.268434
0.5418526 3.951095
0.4223555 0.09116925
1.004261 1.387781
0.6766603 0.7909126
1.99325 -1.657386
0.9537041 2.00594
0.4953537 1.311131
0.2848499 1.781167
2.444065 0.9307812
-0.3653983 1.353714
3.295882 2.378171
-0.07341149 1.121925
0.1906172 0.6945233
0.1131797 0.1596443
1.438383 2.237496
0.5387529 3.123405
1.434981 0.6762003
0.4019521 0.5056191
2.100912 1.572623
1.017686 1.019116
1.838758 1.261176
4.003929 1.948372
0.7013202 2.713315
1.367671 0.3403
1.451483 0.5316215
-0.04285712 0.9603268
3.122604 1.773781
-0.0619901 1.535512
-0.3317498 0.1180021
2.132683 2.82158
1.069195 0.8999416
0.3715446 0.9984115
-0.9182031 2.67654
1.093075 0.1826296
0.0899606 0.005362579
-0.419672 0.1367967
0.8901295 0.4664558
0.8514096 0.1681689
1.451592 2.207147
0.9010177 1.181449
1.14229 2.69127
1.353531 0.7369756
1.967781 0.0202534
-1.05358 1.172515
2.6101 0.5524213
3.4608 1.851082
1.338805 1.628567
1.543762 0.154337
1.989637 1.220579
0.3404498 0.5684826
2.587626 1.990198
2.108537 -0.4280368
1.164067 1.270782
0.5486699 1.159024
1.419625 1.549445
1.271698 1.188034
2.099937 2.542625
0.9331012 0.2184325
0.9903525 2.600871
1.60939 -0.1204083
0.7400415 2.090026
1.575723 0.1853843
0.9199308 0.1729536
2.902325 0.7497929
-0.05637639 0.5299081
