0.4603079 0.8411471
0.2031886 0.8613991
0.7213873 0.9382081
1.657781 0.115104
0.652287 0.7439218
1.545767 -0.8470267
1.130818 2.438828
1.050162 2.076541
-0.9487518 0.3292501
1.530261 -0.04816974
0.9182874 1.452153
0.2922322 1.071695
0.06212517 1.069079
0.5447285 0.7514313
0.372717 1.371951
0.969221 -0.09635053
0.2320646 0.2173215
1.082489 0.7591633
0.5640516 0.3017432
0.2449463 1.458416
1.565184 1.406987
0.512932 3.175907
1.85734 1.287698
2.439201 1.004685
1.926328 0.1212756
2.749028 2.319702
1.285274 2.309532
0.05471768 0.9154722
-0.6378933 0.7929871
0.6965538 -0.8697702
3.039862 2.350597
1.349363 1.019819
0.08983497 2.019233
0.8814065 2.029885
0.09585995 2.31432
0.473733 2.99287
0.4276552 -0.1219933
2.164507 2.658269
0.7211238 1.455235
3.196665 4.020127
0.1051689 1.454965
3.900098 1.532239
1.783584 0.3987015
1.823064 2.635521
2.191473 0.97775
0.8221281 0.536741
2.161837 1.985985
-0.2553955 -0.907115
0.324173 0.9952424
0.4184578 1.796897
1.040038 -0.2448714
1.334597 0.9982241
1.382267 2.836753
2.620138 0.2939688
1.403193 0.5629349
1.102217 0.6820585
1.763735 0.6535744
-1.079823 2.529956
2.804835 0.04431814
0.2343669 0.6226849
0.21631 -0.04342787
-0.09206595 1.21128
2.269841 2.627042
0.9767782 -0.3496745
2.689031 -1.390695
1.086313 1.342399
-0.2085757 2.222171
1.79077 2.342925
1.473324 -0.5420084
0.7891737 2.172443
1.739888 1.592979
0.8128127 1.091002
0.9027094 2.188133
-0.1137032 0.4637202
0.4285331 2.108124
1.41953 1.869799
-0.9699007 0.8135151
1.738747 0.4051089
2.83627 1.899334
0.2328458 0.8394134
-0.4173887 2.03314
1.401399 0.7037695
0.5373206 2.210102
0.5992991 2.158646
1.078816 1.957045
-1.029328 2.157749
-0.3365573 0.3711983
-0.3305566 0.8129461
2.914354 -0.642379
1.453278 1.389351
0.9772714 2.165075
2.375782 0.3659353
1.727104 1.493887
0.9393799 1.252273
-0.2748115 0.3575715
1.587091 -0.6473269
1.783657 -0.8505988
1.257796 2.232378
0.4736472 0.1801605
0.5190351 1.993844
