-1.076068 -0.1339023
2.186415 1.499177
0.0009799901 -0.3344336
0.08640317 1.575917
0.6357064 -0.1895172
2.800201 2.346535
2.219343 0.4068389
-0.4173757 1.214524
-0.1046087 0.09311823
1.049678 1.270668
0.1609644 0.3156934
1.404847 0.9527256
2.008513 2.02646
1.081671 1.65857
1.233868 1.9574
-0.02006826 -0.719317
1.49356 1.32584
-0.6641093 0.3571774
2.423316 0.6210219
0.479931 0.4209197
-0.5653269 1.220617
-0.1123791 1.114345
0.5661995 0.983547
1.520146 1.785914
1.148145 0.1988128
1.007837 0.8542936
0.7377702 1.277841
-0.02286993 0.5007886
1.345821 -1.685218
1.403788 0.5291606
0.4507148 2.043461
1.718479 1.639021
0.565358 -0.3516275
1.956218 0.8383392
-0.3290868 -0.07366307
1.844267 1.349193
0.2589414 0.4926046
1.608426 -1.122155
2.337441 -0.3445357
1.55897 1.070704
1.008292 -0.2047675
0.4009248 0.7489125
0.01120091 -0.6236883
0.7106723 0.9946175
0.0802323 0.8216204
2.582586 -0.2086786
0.8908515 2.746661
0.7866515 1.682846
-0.1757644 1.403989
1.910751 1.39504
0.2930139 0.6052159
0.7154819 2.865541
2.064363 2.550619
0.6088924 -1.29821
0.6878015 0.1505627
1.0792 1.015402
0.3974758 0.04317614
2.662239 2.068286
1.009636 -0.5825856
0.993812 1.250086
2.180639 -0.7557818
0.4243362 0.2584589
1.996917 1.17199
0.22831 0.1976288
2.27174 0.3535186
0.6770721 -0.05821868
1.465256 2.141008
1.072235 -0.2497126
1.760078 0.2493907
1.305086 2.140306
2.148163 0.1663429
1.934407 1.621888
0.3176478 0.5442123
-0.6168229 2.374295
0.579378 1.749452
-0.3475601 -0.2282138
0.4201022 -1.090528
0.4484538 0.9370797
0.3568643 1.153179
1.318722 0.5032829
1.808401 1.55221
2.834721 0.2091188
0.3662591 -0.5360665
0.9410035 0.8045272
1.550746 1.667308
1.458029 -0.2618844
2.095229 1.407583
0.3103519 -0.34959
1.666739 0.9658072
1.17258 1.461978
1.460007 2.252167
0.4800139 1.560621
1.227068 -1.216571
-1.860342 1.122315
0.7224149 2.580948
-0.743443 -0.1494393
0.1416771 2.422847
1.163318 1.33826
0.07937866 1.908538
1.18651 -0.9457711
