1.785334 1.541404
-0.893901 1.894931
0.5656208 0.5788795
0.03926064 0.997542
1.585692 0.383504
-0.3163551 0.8787
1.417603 -0.4461061
2.022441 0.5593449
0.7126963 -0.5103069
0.8569718 0.3258625
1.434104 2.273791
-0.1266788 -0.8198137
0.33743 -0.9926242
2.672978 2.665579
0.7150869 0.7719684
0.9176917 1.782166
1.045194 -0.2732852
0.2328911 2.809713
-1.156308 1.035955
1.279721 1.105657
1.57374 0.2788747
1.066638 1.252884
0.3659196 -0.2611795
0.3932261 2.340787
0.6754946 2.026742
0.2762919 1.523296
0.9886835 0.4706063
1.410489 1.130304
-0.3704721 2.332256
1.911735 0.2490032
1.120803 2.977493
1.3341 0.7579897
0.02271637 1.384796
2.807357 0.8160393
0.9081873 0.200316
1.29658 1.683633
-0.1181116 0.690059
1.218578 -0.3120148
-1.349381 1.71168
0.2365652 2.219767
2.887594 0.3781775
1.955651 2.01044
1.921867 0.8857482
0.83222 1.219077
0.9115372 1.014219
0.7467659 0.4278237
2.054353 1.210744
2.190201 2.388785
0.6641755 1.585273
3.132965 -0.9525289
2.460733 0.9380274
0.08737176 0.8965185
0.8510162 1.153958
0.7482761 0.04156228
0.06670683 1.11243
1.307394 0.6599594
1.100419 0.3150843
0.04942107 1.507035
0.1536985 0.8693497
1.18533 1.242832
1.428154 0.9005334
1.536371 0.3962002
2.138312 3.175515
2.612389 1.515184
-0.1377273 0.4419866
1.402635 -0.5730784
1.255167 0.8002905
1.557385 1.045121
2.033784 0.03557088
2.116053 2.260668
1.271993 1.194632
1.463157 1.179983
0.2161664 0.9595132
0.543424 2.071995
1.029558 1.921133
1.103314 2.411628
0.5856562 2.091293
0.6943679 -0.01784477
4.808691 1.542168
-2.00901 -0.7356523
1.794556 2.035625
1.700725 0.8888305
0.06535356 0.2306643
0.4904522 1.116029
2.078835 0.1460071
0.7597169 2.062403
0.2414742 0.6097545
2.77644 2.047287
0.6175224 1.466501
0.9413589 0.8269711
1.333649 1.336467
-0.02032141 0.3788205
2.107602 1.451286
0.7209599 -0.6810054
2.061814 0.6533001
2.179509 1.427569
-2.027465 1.204243
1.577631 2.340961
0.7342593 0.120809
1.242997 0.04924419
