2.060637 0.4609523
2.02874 1.87436
3.046726 2.070461
2.179543 -0.7542081
2.190324 0.2571631
0.1483633 -0.5983821
1.498444 -0.4943084
0.9193939 -0.9977757
1.205456 0.240997
2.977049 1.468994
0.667352 0.8620447
1.511184 0.6294366
3.270091 1.111999
1.575031 1.104392
-0.8087069 -0.319912
0.563008 1.267576
1.418163 1.125655
0.6874779 -0.3331282
1.195544 -0.3089743
-0.7050375 1.437303
1.997067 0.9208116
0.3032714 2.485499
2.812853 -0.3174795
1.776646 1.259945
1.877438 -1.131938
-0.925205 1.517049
2.736228 0.4521479
1.090666 1.938585
-1.455095 -0.3657299
0.1818181 0.2880303
1.220899 0.05266438
0.004041739 1.009653
1.127926 1.463052
0.2106229 1.85177
0.7573963 -0.3540116
0.3032397 2.335247
-0.1032351 0.1047424
1.113256 -0.4811553
1.874407 -0.8777362
-0.1240838 -0.009149694
0.2885409 0.7905299
-0.5273884 0.7879193
-0.4514056 1.330973
-0.6101398 2.547616
-0.807466 1.78459
0.5149346 0.9067685
-0.3376228 1.359767
-0.1392867 -0.9473217
1.994298 -0.03694905
0.9000704 0.5985501
0.7369681 1.203546
3.439183 2.621612
-1.06815 -0.3949853
0.2751822 0.4214942
-1.207791 1.012207
1.986251 1.701994
0.08381067 -0.3745021
1.295129 0.4982565
0.6877524 1.713112
0.6801313 0.4205715
1.551926 0.731353
0.3957599 0.5909365
-2.010561 1.477655
-0.3081904 1.423919
0.9168348 0.8989348
-0.2405233 0.4877467
2.789085 2.179856
1.849919 0.01555899
0.6407831 -0.6271126
0.4683033 0.4381735
0.9094965 2.038319
1.569948 0.9861958
0.4795298 1.962829
1.11036 -0.1537285
0.6143317 -0.6171462
0.7377888 0.4918594
-0.3293004 0.7658004
1.751511 0.6799834
-1.734304 0.4895596
0.1912959 -0.2969586
1.692391 1.528509
1.976786 1.730142
-0.3843467 0.2275731
2.427768 2.216823
2.363732 1.499705
0.571469 1.838842
-1.387225 0.8329347
1.186845 0.5219804
-0.1808165 1.764917
1.656087 2.445271
-0.4278791 0.8095154
1.14794 1.943192
-0.3861969 -0.1209298
-0.03377014 -0.5988359
0.7245218 2.401953
0.6211487 0.4820604
-0.05344746 1.673747
0.8320032 0.4895177
0.09512031 0.2964148
1.265464 4.216715
