0.5176747 0.4639372
1.629434 1.200193
0.5630615 -1.139857
1.107518 1.539613
0.1824768 1.733564
0.8554415 0.1855421
3.489369 0.03890067
2.001431 -0.8338267
1.297923 2.020654
-1.03619 1.13785
2.525244 -0.4823881
0.3007339 -1.09519
-0.05323938 0.4191522
2.658745 1.772144
0.3253226 -0.3692556
2.782734 -0.1090571
0.1048069 0.8750825
1.629513 0.9378677
1.227012 1.010045
0.1675516 2.196662
-0.8638136 2.251895
1.05877 0.3697618
0.6272639 1.771458
-0.4817183 -0.2989294
-0.09019513 0.4423469
3.030405 2.613458
1.342327 0.7340264
1.136995 2.283612
-0.2075306 0.09841148
0.2489296 0.7212751
1.23316 1.687744
1.749813 0.595305
1.701131 1.922283
0.8521394 1.473979
0.1932411 0.5815531
0.07991177 1.192284
0.3590162 0.05703677
3.254322 0.4076561
0.1737221 0.9932394
0.3486607 1.231117
1.23109 2.820781
1.10498 1.383857
0.7504819 1.965335
0.3267542 0.4362497
1.561779 0.8178681
0.2174859 1.238591
2.305563 2.03783
0.6658272 0.9130873
2.001337 1.908101
0.002621841 0.3196647
1.709648 1.099202
-0.1016645 0.07683735
2.218579 0.357581
3.042896 0.1533168
2.115447 0.3462263
-0.3114744 0.4240139
1.080036 0.6026156
1.862302 0.5757158
0.563947 1.443223
2.034668 -0.7889484
1.144424 0.4840244
1.416026 0.9156874
0.8449419 0.3576671
-0.3911222 0.8886945
1.40339 0.2963731
1.923679 1.186835
0.3014049 -0.1617608
1.405504 -1.326201
1.509232 0.04557342
-0.1195038 0.5975707
1.624581 0.7225442
0.8920228 2.7336
2.022937 2.474484
0.6302427 1.050763
1.633766 1.012743
0.4185143 -0.8137947
1.379536 2.600367
1.416093 2.287442
-0.822047 0.2162893
0.3985193 0.7647367
1.89827 -0.3353694
0.2827042 1.248665
0.9562513 -0.2166629
0.9613249 2.373675
0.9387064 -0.2454375
1.382674 0.3734161
0.5554241 0.4575742
2.598071 1.15573
1.234751 0.2551209
0.7530151 0.03183211
3.526326 1.303486
-0.4169676 -0.1483147
1.952772 1.309384
0.8260746 2.096966
0.1471131 1.78486
-0.4687493 -0.8541836
2.150245 1.805452
2.358658 0.9351368
1.528032 2.415776
3.259264 -1.316794
