1.884921 2.84382
0.6473214 2.312554
0.1955309 -0.1125603
0.2605622 -0.1225674
-0.4791299 -0.2217245
0.6071802 0.3569541
-0.8575911 2.126134
-1.152328 3.709499
-0.1966643 -0.4378345
2.506099 -0.6976535
-0.03462102 1.143103
1.460486 1.139025
-0.5281155 3.227556
1.15791 1.707928
0.4740368 -0.5029907
-1.634496 1.310578
-0.2700267 1.060094
0.08027249 1.065468
-0.1136369 1.845565
0.3513124 2.022172
0.6237918 1.683907
1.218906 1.697863
2.212721 1.717819
-1.383043 1.241579
2.332452 1.339019
0.3224985 2.690579
2.378275 0.5981063
1.093156 0.5421105
2.425376 1.285183
1.354727 3.126319
1.322489 0.1981528
-0.2833847 1.108197
2.10717 -1.96822
0.9429528 0.6973199
0.8147236 -0.05373822
0.8612353 0.2816936
1.474488 0.3254099
1.054464 0.8784149
0.06115666 1.333503
0.2246411 -0.2376234
0.07751438 -0.4303638
1.209056 -0.2517528
0.2190554 -0.08806561
1.201703 2.635604
2.000225 1.288623
0.5281612 -1.035005
0.8741054 1.586909
0.9432897 1.249378
0.9794644 1.137943
0.3380908 1.543881
0.8709897 1.899674
3.607058 0.6950357
1.114605 2.461867
2.404581 -1.66203
1.349769 0.8140778
-0.9415818 0.7472783
2.021811 0.7389161
0.6242163 -0.1815203
1.027837 2.925237
1.181663 -0.8161792
1.518886 0.8480639
0.3179456 2.535967
0.6039226 0.4139789
0.6875455 0.5277773
0.9949187 -0.4973751
1.567293 0.9506525
0.9188081 -0.1475832
1.785583 0.4622746
2.254477 3.371736
0.6460298 -0.9619845
1.142661 -0.3547391
0.4532858 0.7739151
1.7576 -0.2339029
0.3147718 1.81514
2.027041 1.757698
1.669719 1.821336
0.4816966 -1.389157
1.683302 1.428047
1.977594 1.58631
2.045525 -0.1240128
1.359138 1.197908
1.542212 0.7251214
0.02303506 1.825867
-0.1042932 0.8644597
1.460744 1.329537
1.085347 2.46687
2.67216 1.415085
2.034799 -0.04169982
0.7138718 2.362107
0.8547567 -0.2140309
-0.3776881 -0.3642653
0.2279065 1.464873
1.283473 0.9402505
0.8730744 0.9377885
1.286795 1.301422
0.1145383 -0.1184532
0.4489118 0.02945984
1.051742 0.5559079
2.785934 3.407211
1.873403 0.292397
