0.856833 0.8989698
0.9475897 1.34402
1.052094 1.881204
1.848154 0.2899354
1.666851 0.905689
0.4867262 0.6234006
0.0998373 -0.7940892
-0.1304837 -0.2858864
1.12627 -0.5455414
1.282561 1.309702
0.5726361 -0.503555
1.379206 1.659859
0.08692046 3.209505
-0.1101401 1.551658
0.06920824 0.297904
0.752408 -0.3446449
0.1304189 2.703734
1.419582 1.592449
0.3980169 1.528708
1.155805 0.7209631
1.907848 0.5806265
1.350388 1.175563
1.507943 -0.05979159
-0.1070328 -0.4426928
1.059556 0.8719921
1.884011 0.4188049
-0.7939519 1.174922
0.3332204 1.216105
1.106316 -0.359343
2.597118 0.07065287
0.1948101 -0.5943306
1.831882 -0.6081117
0.7754029 0.2793379
-0.007590537 0.5262642
0.1426852 -0.5660833
0.1953427 0.653665
1.529437 -0.4904893
-0.7812654 0.3566137
2.764687 1.180128
-0.2987933 2.266596
0.2689427 -0.6970913
0.7596567 1.453115
-0.3350845 0.8968383
1.692376 1.287852
-1.327585 0.6082497
0.9723859 1.626733
1.039173 3.261063
0.3607875 2.544648
0.4071137 -0.3941107
0.5016765 2.108406
1.208849 -0.7452424
1.867866 -0.9611163
0.0618723 1.981802
-0.9392522 -1.058546
1.438884 2.283106
1.39265 -0.148314
0.7212128 -0.04090923
0.7725506 0.4142618
0.3530551 1.509268
1.885162 -0.3202455
1.777541 -1.37273
1.076385 1.087232
-0.4259716 1.516644
2.298246 -0.212804
1.525487 -0.2973741
1.719975 1.376653
0.7619005 0.7285742
1.571037 1.415203
1.649914 1.569302
1.657704 0.6692055
0.6143408 0.1895518
0.03552441 0.6104256
-0.2394401 0.2531092
1.458976 -0.07946246
2.461879 3.567085
2.91605 1.790946
-0.6488338 2.726298
1.226841 2.506763
1.841916 1.214162
0.5604996 -0.5944274
1.024075 1.766513
-1.01791 0.1898172
2.854564 -1.23838
0.5027358 0.5697321
-0.1072349 0.845704
-0.4394471 1.432224
2.405013 2.047332
1.686876 1.629234
-0.3991152 0.7175833
1.869321 0.476183
0.4249274 3.083248
2.512071 1.267994
-1.411853 0.5027516
2.154452 1.071907
1.119858 -0.5397043
0.9272112 1.199797
-1.302693 1.460876
0.5230982 1.171041
0.6051343 0.7189051
1.580181 1.681043
