1.00688 1.529523
1.138735 1.005396
2.87948 0.9610369
1.978092 -0.851136
-0.353924 0.6247294
2.361702 1.770544
1.916115 1.166985
-0.5977877 -0.1324823
0.1286662 0.8180485
0.1146955 1.033933
2.617444 1.115672
1.596277 -0.2278667
2.194068 1.344718
0.08517706 0.2009693
0.4383666 0.6295371
2.551559 0.5582387
1.188511 0.473295
2.512385 0.4876968
1.670705 1.247731
0.3583284 -0.5733016
1.81321 1.42479
1.815714 1.067922
0.003049137 1.482798
3.588974 1.820721
-0.06598109 0.7237227
1.070684 0.1461866
2.988596 0.520424
0.7569761 2.563192
0.4441114 1.199442
0.5335245 0.7232311
0.4211671 2.888879
1.254937 2.354167
0.7641906 2.049242
-0.7043762 1.506794
-0.3418062 2.322166
1.911047 1.053208
1.087623 1.850324
2.197787 0.2680702
-0.03506675 0.9331375
-0.1830229 1.65851
0.3256666 2.498656
2.379837 2.109073
2.216175 0.4585163
0.7765136 1.483868
1.375414 0.5112532
1.132574 -1.062297
1.415914 0.7876852
-0.08523264 -1.92923
1.377878 -0.6016671
1.224599 0.4111208
0.5541968 1.331281
-1.551947 -0.7030461
1.758756 1.57666
0.9977194 1.087246
3.531342 0.7568695
0.7936135 0.3844692
2.378259 2.463837
2.49544 1.045706
-0.1365157 0.4730487
0.445928 -1.229763
0.6121713 1.417896
0.9148567 1.533156
2.097738 1.815192
0.7932522 0.3007583
0.406731 2.049935
2.157147 -0.3202157
1.208252 0.122481
0.4762263 -0.2904549
1.324958 2.079721
0.9284056 0.1106335
2.383016 1.813121
2.522556 0.8651832
1.585611 2.526233
-1.077031 0.4719682
-0.466562 1.716303
0.9172602 0.8946481
1.554106 2.030244
-0.7365984 0.1402609
-0.7235984 0.2478786
1.105704 -1.810705
0.8287616 0.1173636
-0.5783664 0.4190699
0.4921091 0.2991579
0.7374996 1.344194
1.275594 1.34993
0.008312953 1.262918
-0.01477193 0.2486828
1.600917 1.624351
0.8583476 1.885058
1.950083 1.211399
1.77551 2.077146
0.374273 0.3137464
1.23701 1.510189
1.965914 1.857523
0.6349115 1.563623
2.809826 0.3997537
0.5126353 -0.5231034
0.0200679 1.039196
0.2892281 2.222934
-0.1079056 0.4567304
