0.1437316 0.720688
1.266755 0.3951543
2.115138 0.7878704
0.7861247 2.161856
1.891448 1.205978
0.2994555 0.2946152
-0.08149087 0.4570892
1.877677 1.203084
0.3989185 0.279608
2.109642 -0.3461896
0.1244759 1.545794
1.828904 1.447182
1.759712 0.1325241
0.1069811 3.858122
1.316411 1.588247
2.495216 0.2626971
1.520485 0.4529664
0.5549955 -0.5437639
-0.5179986 0.6889024
1.715038 2.344036
-1.455661 1.504771
1.504071 -0.554425
2.209311 0.9688838
2.179868 0.675811
1.501728 1.3861
1.812398 -0.490415
-1.493223 -0.0556782
1.604755 0.806998
0.3303631 0.03450548
1.593634 -0.7824865
-0.2984805 -0.7898241
2.167202 1.644727
0.1803798 0.9710752
0.7545184 1.957645
1.271348 0.06997178
0.6686395 1.685971
0.3440101 0.4250115
-0.3061191 0.2714074
-0.4271558 0.3396756
0.4851485 0.2709561
1.07453 0.8543212
1.426258 1.827677
1.167111 1.036784
0.1519342 2.315771
0.7430208 0.7633499
1.561659 0.8107326
1.520073 0.06121754
0.5400269 1.997049
2.479287 0.8994332
0.1705283 1.116651
1.123527 0.7082596
1.9947 1.752987
0.7085162 0.02280816
1.333264 3.282535
0.1230481 1.086653
3.318124 1.54157
-0.06207235 1.915532
0.01634482 0.8059938
0.6893415 0.8766353
-0.5506 2.763297
-1.75894 2.243743
0.812583 0.01795815
1.171563 1.550309
0.2553423 -0.2704891
0.6259093 2.358922
2.578341 0.8803575
0.6338253 1.22274
2.223427 0.4136259
1.761816 0.8864049
1.627792 1.924923
0.4937302 2.443611
1.608175 -1.137361
1.125318 -0.8451949
1.775104 2.180111
0.4569818 0.6319463
1.753257 0.8978917
-0.05840291 1.210457
1.40465 2.638027
0.5939921 2.535886
0.8358335 3.305961
0.9964082 1.879875
-0.5615272 1.196053
0.7706594 0.7700434
-0.09451194 0.9658377
1.374135 2.304064
1.04525 1.659354
2.323472 -0.6963012
0.5017321 1.69492
1.842182 0.979535
0.7822127 -0.3444084
0.1613074 0.98767
1.108995 1.255718
0.4415941 0.8195944
1.846449 0.468443
1.543293 0.8961634
1.526778 2.258228
0.800866 0.6170469
0.3187938 -2.707755
0.6339092 1.049502
2.028266 2.037664
