1.333207 1.547333
1.494142 0.3937103
-0.2945474 -0.4594091
-0.04605269 2.61665
0.2985559 0.6481889
-0.5267423 0.5227747
-0.6225324 0.1649637
-0.4098001 0.07289358
0.9973147 1.407735
0.5326198 1.159142
0.136387 0.1106905
1.649483 -0.2110112
0.1470773 0.8978269
3.269538 0.9847847
2.053077 0.5855155
-0.2364143 0.1985406
1.276223 0.3981525
2.123226 0.3112503
1.864234 1.942106
-0.1650561 -0.9828497
0.854914 0.3490497
-0.5336505 1.12003
-1.139343 1.598388
1.650287 0.1803035
1.173733 0.9653075
1.225366 2.336798
1.691652 2.029383
1.383203 0.8777284
0.941127 0.9338536
3.459435 0.5366319
1.804141 -0.4088353
1.574242 -1.0026
1.2041 1.602646
-0.5160127 1.062949
2.864076 -0.3053142
0.565545 -0.7306006
2.474973 0.1247695
1.191567 0.2850375
1.922672 -0.8548193
0.6253898 0.5565367
0.3021797 1.212374
0.4516802 1.504938
1.821666 1.53674
0.6279217 -0.06914231
0.7074451 0.6391708
1.186432 1.439628
0.3215354 0.2075143
0.4354825 0.4014934
-0.06169889 2.485351
1.011582 -1.418904
0.455386 0.6758405
2.334494 0.3765189
0.2942541 2.867013
2.750228 -1.050431
0.6646169 0.9824126
1.484487 1.34949
1.789562 0.6807226
0.4390129 0.2171088
-0.1677488 -0.4668926
1.871733 2.541172
1.490014 0.763023
-0.6261168 1.405978
1.310026 1.090289
1.347016 -0.4304844
1.673549 0.4190482
1.44108 1.679178
2.721148 2.007851
2.437722 1.010792
0.3071358 1.731757
1.227557 0.1792905
0.5532987 0.132571
1.61222 1.83793
0.5619749 1.440794
1.36695 -0.04614772
0.8776881 1.601549
2.571286 1.227234
3.445167 2.188728
0.1488066 0.6662313
2.373002 -0.1510925
2.390381 1.059854
0.3019311 2.239521
-0.3736781 -0.2979099
0.7207229 0.664023
0.5348868 0.3795552
0.2486546 0.5817678
2.151635 2.490777
0.3984155 0.02095605
0.4053516 -0.1254718
-0.1661218 -0.5100832
0.3731615 -0.08981302
-0.6706728 0.4150133
1.365287 1.038356
1.283821 0.3892898
2.184901 0.4756504
0.3587122 -0.2658959
0.0902544 0.4389072
-0.9351673 -0.6352591
0.9086965 0.5498366
1.389819 -0.1422698
0.53239 0.2698711
