1.629352 0.2432696
2.881109 1.100509
0.9480684 0.3175971
0.5925712 2.655629
1.183183 2.229403
1.1582 -0.3005053
-0.09128142 0.9696953
0.04717339 1.80547
1.315503 -0.8651559
2.640619 1.189078
2.39931 0.859005
1.251523 0.08604014
2.257765 1.120163
1.959426 1.219777
2.906435 -0.5880469
-1.601804 0.9470991
0.9199221 1.365325
-0.1471079 0.264089
-0.01412982 0.341495
1.122677 1.160973
1.233702 1.51374
0.9318984 1.250943
1.061171 2.381672
0.08313777 1.686067
0.183569 1.045572
0.2958937 1.906778
-0.1662116 1.234697
2.626907 1.796736
0.2442029 1.532413
1.364627 1.067952
2.595159 2.406383
1.443451 -0.06721064
1.088706 1.502712
2.024049 1.473598
3.692016 1.094095
1.6067 -0.2457761
-0.6590277 0.1948257
-1.180811 0.7260409
1.705431 2.652417
1.331777 1.992416
1.936267 0.602282
0.8966309 0.3599748
2.549817 2.461984
-0.561706 0.4627985
2.392047 0.6535416
-0.01642264 0.802374
1.72539 1.855913
2.387085 1.212033
1.525298 -1.282821
2.160031 0.029053
0.4608781 2.474759
2.617209 2.678016
2.294869 1.27011
1.631753 0.7204077
-0.1247805 1.736268
1.463205 2.477381
0.9524628 1.936023
2.270779 -1.019458
0.3684009 -0.417676
0.385902 2.639913
-0.6728534 3.525508
1.528241 0.9756318
0.3140549 1.452587
1.163573 1.418786
0.5222011 0.8809642
1.253775 0.5096748
2.290912 1.59157
1.730587 0.5044526
2.393052 0.7430113
0.6543767 1.643389
0.4516397 0.9624153
0.9428127 1.116406
1.266911 1.007469
1.486932 1.915648
-0.4712073 1.962012
2.872739 2.022819
0.5310674 1.243223
0.6986508 1.406001
0.7059297 2.171434
2.002348 2.21707
1.007459 1.676142
0.7591483 0.9297376
0.6559744 0.994849
0.07834516 0.7713681
0.7508608 1.027548
2.118284 0.3955074
3.384877 0.3251664
1.523106 2.268676
2.221832 0.8811109
1.326702 0.685367
0.7941881 1.580718
0.03628158 2.246974
0.930025 0.9857599
-0.06346177 1.13326
0.3603815 1.968547
0.7357229 1.314262
-1.513339 0.6814865
1.722449 -0.784034
1.179508 1.302334
-0.06216512 3.12161
