0.9912474 0.5805106
1.712284 0.9191913
0.7443877 0.2372628
1.896429 -0.1799895
2.259312 2.449432
1.123588 1.881774
1.074152 2.268887
1.579198 2.05329
0.8027229 0.9321924
1.137864 0.1178851
2.258868 0.5348727
2.356211 1.404712
0.1080807 1.055822
1.502367 2.265686
3.497122 1.335458
1.05705 1.229544
1.021269 -0.9601907
2.028187 1.775058
1.900156 0.2875455
0.375776 -2.392337
1.265237 1.334098
1.633082 2.197648
2.157768 2.722661
1.018448 2.102735
3.075999 1.022434
-0.7992441 2.920103
0.0164236 2.197242
0.619702 1.240165
2.49292 0.2823901
1.159969 1.536088
1.434561 0.9267733
2.036757 1.096132
1.406206 2.095829
-1.225709 1.256368
1.487205 2.090877
1.378872 -0.1829713
1.98387 0.02002307
0.1784552 -0.4548822
0.3653689 2.343687
0.5809937 1.334151
-1.093829 0.224442
1.383332 -0.2277573
0.3524569 0.4313546
0.4040305 0.8371246
0.009983363 2.152933
-1.22054 0.1206005
1.592008 1.843183
0.2192241 1.72269
0.8700534 1.31877
1.903625 0.7433827
2.552289 1.429226
0.2771481 1.602099
2.943268 0.3036267
-0.233265 1.133714
0.6078043 0.4853834
2.308885 -0.9287882
-1.137454 1.657897
-0.3111615 0.2010481
2.830583 1.766802
2.820887 2.553101
-0.5137651 0.8682687
0.9569734 0.8653791
2.012988 -0.5287218
1.094535 1.222031
0.2263248 1.757066
2.271218 0.7508636
2.001901 0.02526817
2.54604 0.1237801
0.3018451 1.003288
-0.7262448 1.109503
-0.7414519 -0.5745782
0.8080872 2.248183
2.180968 0.8690135
2.362537 1.61401
-0.116159 1.200799
0.08026421 1.666983
-0.3808582 -0.8256881
1.63228 1.864413
1.807267 -0.3278435
3.490642 1.838727
2.414177 0.2098119
1.679575 0.819092
0.2934886 -0.2148773
1.35728 0.7886512
2.875941 2.006505
2.030166 0.9260291
0.3261174 2.078956
0.3189349 -0.482331
0.9101008 3.125346
1.621603 1.325638
2.188911 2.758826
-0.8419262 2.071229
-0.06435525 1.386145
1.000047 2.806517
0.8595336 -0.7341607
0.2242542 0.4652527
1.216507 1.687369
0.5410166 0.7128328
0.9763301 1.89455
0.9175248 0.6318014
