-0.2608645 2.975239
2.426887 0.4218298
0.2615834 -0.1263211
0.3830251 1.871352
-0.222647 -0.342777
0.2459596 -0.7360307
0.1246123 0.1969973
0.3871991 2.176274
2.696418 -0.3077455
0.1994936 0.4396756
0.8470579 2.125071
1.497158 1.44099
0.5259513 1.137825
2.413882 1.533562
2.930541 1.015939
1.193245 0.69599
1.36571 -0.1854656
0.8897236 1.894275
3.43242 2.510666
-1.254428 2.090119
-1.152014 -0.41518
0.190919 1.013984
0.8997645 0.2863565
0.237495 1.908058
-0.1926566 -1.246362
0.5138635 4.054204
1.754794 -0.154227
1.906784 0.3931601
0.35207 0.6275458
-0.2120681 1.412529
1.488353 -0.6541778
0.9529042 1.093747
2.115647 1.220841
1.688066 0.3124645
0.7797822 1.251341
0.05032108 1.195624
1.465821 1.424871
1.754795 2.345232
0.2039165 1.166702
1.434185 1.958262
0.9063126 2.598319
0.6736934 1.291581
1.289721 -0.441354
1.467201 0.3293206
-0.1436187 -0.4518342
-0.3264321 1.465234
1.10002 2.520436
0.5256701 0.4897312
2.729966 1.693169
1.801269 0.03249078
-0.3953139 -1.145425
1.291617 0.9341283
2.2036 0.09701633
0.7195765 0.4368989
1.284819 1.621547
0.2086426 0.9885441
2.220267 1.196715
1.019736 0.877187
1.103768 2.407407
1.584687 1.089449
3.55438 0.3661389
0.4312615 0.5869185
0.5904002 0.8203891
1.080728 1.848489
1.557389 1.462036
1.177436 2.519997
-0.134012 1.203012
0.8231082 -1.305823
1.000401 0.8386247
0.461663 0.7424556
0.6289927 2.952217
-0.1372299 0.7900158
0.2287667 1.687009
1.002946 0.417356
1.160691 0.4412803
1.10648 1.248927
2.044865 0.2732428
1.892761 1.221093
1.756726 2.00315
0.6671576 0.5104639
2.281976 0.169971
0.09643664 1.885179
-0.3589114 2.183528
1.573218 0.8540744
0.6242762 -0.2730399
1.582337 1.215324
2.156681 0.6425454
2.368504 1.062804
1.858931 1.030055
0.7396695 0.9187328
0.7339838 1.078605
0.9805809 0.05929169
0.8820874 2.416983
0.6565177 0.6697146
1.085068 1.114345
-0.03764078 1.114257
0.8337245 3.198316
3.246257 0.7381284
0.3472079 0.2510716
-0.8449066 0.928733
