1.226908 -0.3043293
2.033676 2.898562
0.6304708 -1.444916
0.03639276 0.9709051
1.996811 -1.352105
0.08314696 0.6066561
0.9180569 2.52256
-0.4042238 1.859536
0.1954883 1.124721
2.065569 1.563604
-0.529714 1.791012
1.33396 1.682817
0.5907508 2.28045
2.876603 2.895631
-0.02031253 0.5322064
1.243017 1.303986
1.807987 -0.4967588
2.186924 0.6610102
2.130142 0.6574563
1.136007 1.428779
2.215725 1.506019
0.8770244 1.268583
1.143565 2.404196
1.768068 1.223537
0.6649803 1.745409
1.590228 -0.1830933
1.239659 0.8092336
-0.4695308 2.705116
0.6408515 1.276068
0.4372875 2.183733
0.1593269 0.6844669
0.1203129 -0.4769554
2.952922 0.07426302
2.160958 0.5277261
0.6425897 1.748914
2.098248 2.098027
1.431326 1.855201
1.566248 1.871769
-0.1182056 1.59883
1.134915 1.236435
0.2900481 2.799058
2.209553 1.269986
-1.016445 1.990408
0.3698546 2.046882
0.4005761 1.264375
1.447707 2.019752
0.7271942 1.877718
0.4677636 -0.6341122
2.356018 -1.874587
1.687696 0.7440216
2.568293 1.701026
1.77085 -0.9767015
0.581293 1.370498
1.181723 2.983692
-0.02386996 -0.6873349
1.525514 1.522531
2.387792 0.936231
1.41041 1.210514
0.7109377 1.661027
2.41672 2.32614
0.3248274 -1.276116
1.342899 -0.6121754
0.5423369 1.205544
1.347195 -0.9104892
1.800348 0.742187
3.489211 0.4967227
0.7957571 2.599099
0.3395018 1.821953
2.062208 2.293182
-0.5074021 1.395855
0.860076 0.2537493
2.985972 1.888814
1.40275 1.328856
0.0677642 0.5945393
0.3283403 -0.6348865
-0.6548241 1.757508
2.749877 -0.1154468
0.7311959 0.7374532
2.303517 1.427315
2.726027 2.31478
1.408866 1.738992
-0.3331549 0.5382285
1.278073 0.2414995
0.4021761 2.082462
1.604196 -0.5562606
1.165106 1.905647
2.99546 2.901848
0.8781673 1.427669
0.6904895 1.936952
1.009229 1.767807
0.8385991 0.5950022
-0.6284837 3.317344
0.6208702 0.8515945
1.840183 0.4119237
2.071418 2.199363
1.916156 -0.3287609
1.648219 0.2737061
0.9767259 2.942562
0.7642911 1.389375
0.8406589 1.747312
