2.34071 1.676574
-1.753297 1.058118
1.341521 0.4286839
0.6386545 1.986035
3.107016 0.02896985
0.5388757 1.347829
0.1579003 1.956271
0.8453663 2.441915
0.4916363 2.143076
0.4070168 1.05971
1.535717 0.4255589
0.892177 0.9368708
-0.5767318 1.489543
1.597937 0.9264854
1.748439 1.03867
1.281019 1.45153
-0.1128215 0.5507891
1.270916 1.950841
1.689226 -0.3674567
1.272073 -0.7772904
-0.01009009 1.977749
1.057562 2.170969
-0.496109 1.625602
2.568496 -1.090827
1.941207 1.699517
0.9732589 0.5658091
0.6792523 1.75294
1.945209 1.225209
-1.005478 1.468283
0.6030148 -0.05453597
1.002974 -0.3976141
1.776698 0.01359055
3.128299 1.177126
1.116878 -0.07889929
1.751081 0.9036063
0.5450718 -0.722877
3.007771 1.663142
2.134549 3.372766
0.06638722 2.051343
0.496454 2.362223
0.9396446 1.246339
0.7314971 0.224823
0.3766096 -0.897763
1.567268 0.531972
0.8116854 0.2441677
1.551053 0.3594678
1.331625 1.313417
-0.9523378 0.2174944
1.351313 1.57542
0.7510833 1.850803
0.9704365 -0.3073935
2.144917 -0.414493
2.543733 -0.1108977
2.759738 4.186607
1.654883 -0.1777288
2.524522 -0.9170443
0.9803403 0.7070317
0.2730903 1.837911
1.179255 1.129875
1.294875 -0.9877963
1.108424 1.522534
1.781088 -0.5593169
2.096397 0.4288464
2.158936 0.8409094
0.6415337 -0.4169392
2.403207 1.288942
1.958654 1.481406
-0.6473111 -0.1975146
0.4460352 0.7353787
0.8054318 -1.974741
-0.6615205 -0.001333313
0.1203733 1.158244
2.725642 -0.2575966
2.573863 0.4686233
1.255773 1.531931
0.04220383 1.932755
0.6532828 1.286308
0.9483601 0.5522735
-0.6445933 1.409909
-0.2120897 0.3961771
1.94982 -0.126308
2.555123 1.238829
1.841 0.7539956
2.297334 0.1905855
0.9621407 1.581894
0.3799729 -0.1043734
-0.09658725 1.406967
0.09064518 2.49658
1.328685 2.880917
0.01012328 0.2170876
2.531156 0.5258497
1.696305 0.986789
1.085831 1.60314
3.736612 0.290399
-0.1991178 1.092713
1.063394 -0.006829064
0.7189727 1.373577
0.2193661 0.02120681
1.315277 -1.389869
-0.681781 1.171935
