-0.2624175 -0.135162
1.279836 1.916033
0.876111 2.452073
-0.3204807 1.131612
0.8887599 0.3222074
0.2088274 1.47137
1.177148 1.158773
1.089541 1.482779
0.6139785 0.6087104
0.6925644 1.759141
2.343448 3.316053
1.681301 -0.9371053
1.640288 0.008620873
1.009863 0.3912331
0.963942 0.2493214
-0.2089313 1.772075
1.100179 0.6845292
0.2623666 0.588147
1.631229 0.262975
0.5062268 0.3146117
2.019151 1.212677
2.586925 1.758831
0.5251045 1.409711
0.7451566 1.514998
-0.6325747 0.3291343
0.2689586 1.183893
0.1250977 -0.5048444
0.09129549 0.6084692
0.4092853 0.5756477
1.118597 1.090623
0.3355374 -0.1627064
0.5922888 1.960485
-0.321953 1.438595
1.199104 2.000715
2.840489 2.26107
1.238237 1.053366
1.272711 0.1935693
0.6859876 0.1478088
1.749377 0.4324397
2.402211 1.787015
2.533886 1.531286
0.6643138 1.727845
-0.2017014 2.071315
1.723303 1.865476
3.682663 0.2810735
1.457047 1.08528
1.492368 0.4154866
1.608767 0.8929066
-0.9481871 0.9930823
0.6388262 3.190621
-0.1973522 1.328428
-0.01223844 0.4480662
0.8580616 0.6906962
2.403024 1.169484
2.434488 0.2434754
0.6942631 1.420719
1.60802 2.263709
1.795579 1.110609
1.946802 0.1503895
1.463635 1.438591
0.6884386 1.492625
0.6467885 1.612908
1.893162 0.3061602
0.5078709 2.038486
0.2118374 0.305319
0.4759773 0.7786812
1.450876 0.9497703
-0.4307407 3.538208
-0.152508 0.8073646
-0.2737555 -1.196689
-0.2655323 0.4524186
1.404818 1.256541
2.458688 0.9138032
1.539092 1.426819
0.3537058 2.04167
0.5635138 1.588852
1.895538 1.121548
-1.539222 0.1102668
2.086065 2.030462
0.8480869 1.700891
2.191791 0.253946
1.516784 -0.2377722
1.07288 3.718244
0.8200521 1.070718
-0.7101801 -0.1700268
2.923113 0.851863
0.3559666 0.2619922
1.699591 0.6936133
3.720249 2.40155
2.731898 0.840314
-0.2842174 2.9262
2.477663 1.533399
-0.2151104 0.7549326
0.6230754 0.7175202
3.970223 0.7790162
1.062678 2.356159
0.978789 0.4348885
0.7005385 0.004378462
0.0236907 1.594231
1.560091 1.270194
