1.881606 1.247555
0.7835277 1.327837
-0.003001333 1.682431
2.910821 0.7421614
0.257498 1.770302
0.2340976 1.136782
1.740798 0.2085385
1.652262 -0.007956139
1.148394 1.620064
1.32151 1.970981
1.119357 0.3086547
-0.06765344 2.534646
-1.553896 2.112329
1.311072 0.1973658
1.151556 2.000787
0.6497307 0.4011867
2.163644 -0.402417
2.375834 1.236176
0.03567671 0.6282736
0.7932768 0.5029872
-0.06202252 0.7024007
-0.1142844 2.028431
1.505314 2.6258
2.037475 0.3502865
0.4613673 2.797976
3.10532 0.4092077
0.750421 -0.9215811
2.391484 0.4162757
3.198525 1.62975
0.8333776 0.8716224
0.09297012 1.163691
1.56396 3.547752
1.274165 0.5087793
-0.1335246 2.814642
1.205316 0.3081757
1.317816 -0.5618912
0.3673347 1.296473
0.6578131 1.136235
2.063214 0.2891832
0.9326453 2.665788
-0.2557831 0.9104311
1.845075 1.709743
-1.052203 0.7136606
-0.02683918 0.8893382
0.4982807 1.112363
1.435811 1.523053
0.4478476 0.5846911
0.150033 1.780678
0.9727774 1.243504
0.8741033 -0.03847336
3.278387 -1.264435
3.032752 1.081899
1.336255 0.8718318
0.1670604 0.3951496
0.7099513 -0.09216461
3.668407 -0.4347421
1.258373 1.732904
1.528475 1.177149
2.739172 -0.6912459
1.210608 -0.9906578
0.7962025 0.687829
1.01954 -0.09368071
2.36951 1.589789
1.959513 0.3701847
1.326302 2.500413
1.417547 1.019105
1.818798 -0.9201821
0.3846687 1.265903
0.6194959 1.707336
2.010505 -1.131757
1.555068 0.4641054
1.385886 0.2197781
2.835245 0.2319955
2.672313 0.9091471
2.123751 -0.02419876
1.331194 -0.1846315
0.007953752 0.2002678
0.3723572 -0.4099694
1.572567 1.006707
0.9364729 2.048928
1.070349 -0.2347875
0.7370124 1.255832
1.231518 0.3458976
0.9743094 0.08055762
-0.1964723 -0.00850886
2.224144 0.498619
1.873101 2.741877
1.367432 0.8330478
-0.569936 0.5036338
1.953026 -0.8109583
1.509995 2.61573
1.52935 0.5844064
3.119154 -0.1440496
-0.03988835 1.074599
1.88792 0.7271809
1.024489 0.5322576
1.384193 1.888544
2.60319 1.055924
2.298681 3.052721
2.261416 1.047018
