0.5788736 0.5180867
-0.1886574 -0.1443052
-0.2306341 0.7305842
1.230941 2.873833
0.9438124 1.766478
1.812112 0.9152432
2.755394 2.192808
0.7176648 0.7950084
1.49723 -0.2761457
0.5310038 0.4184508
0.1151279 0.9543064
0.3631519 -0.8765872
0.5415482 0.1706309
1.829105 1.434317
0.5468698 0.6494484
0.9431893 0.8174981
0.03278893 1.692119
1.993834 -0.1278412
1.82438 0.6006305
-0.4390857 0.1179276
2.426947 0.9246753
0.3413758 1.117063
1.13784 2.719701
1.81784 1.78685
2.575507 -0.09540051
1.585567 1.952034
1.671081 0.1840224
1.574858 1.021792
1.805637 2.424205
1.532571 1.238399
1.156049 1.335014
2.049362 2.123819
0.6083161 2.315742
3.281907 -0.4453199
1.920851 0.6168205
1.26696 1.615121
1.111709 0.4159799
1.194253 0.7746896
1.287606 -0.1151711
-1.075373 1.429384
1.045449 2.653883
2.21801 -0.2924749
0.1279802 1.751574
3.754858 0.5265322
0.08519161 3.018982
0.1678805 1.007023
0.572972 -0.3143452
0.4526601 1.385272
0.9087035 1.370185
-0.6531993 0.4428159
0.290763 1.224507
2.060822 1.128936
1.533242 2.094208
1.542852 1.511489
2.475898 0.9673611
0.4838825 0.1594616
-0.6629979 2.07063
0.9438171 1.246057
1.920337 1.622744
1.134503 2.466841
-0.1233254 0.9181154
2.637172 1.449543
-0.3281388 -0.3040763
1.612392 -1.384565
1.170663 1.773045
0.5066897 1.542386
3.115423 1.544856
1.54441 0.8337658
0.4376329 0.6179107
0.2030731 2.046598
1.618516 -0.1489856
1.390705 1.295581
-0.6488179 0.7536334
1.103992 0.1336448
0.7973436 2.609659
1.749136 0.6021724
1.311657 -0.7432947
0.8063199 0.7536771
0.476687 0.7958866
2.138737 0.4276484
2.533437 1.610985
-0.09362329 1.186484
1.940056 0.7066562
0.6476712 0.4202698
1.924189 1.354656
1.734291 0.7684258
1.189971 1.105052
1.02681 0.6622166
1.018549 1.334208
0.8656583 1.756446
2.65134 3.591004
-0.1593871 -1.265413
2.802842 1.242979
1.44368 0.05676928
-0.0005674931 0.4626938
2.885358 1.15352
1.580211 0.7302483
2.233966 -0.999675
1.941488 1.478366
-0.3496535 1.436596
