0.5168137 0.2150497
0.3325424 0.9194437
1.483898 2.154733
2.598933 2.794475
3.157448 1.261153
2.075321 1.7824
0.3902407 -0.3040725
0.2019465 1.611527
0.6847179 0.7867187
1.079813 0.5645726
-2.453555 0.88006
-0.1208621 0.2852207
0.5247675 0.03650891
-1.266524 1.435238
2.449196 0.907637
2.689086 -0.1188999
1.587249 0.8548968
1.2553 0.427385
-0.2016639 1.857203
3.289139 2.56181
-0.1458816 0.08995288
-0.546767 0.6140563
-0.003251627 -0.9497914
0.227258 1.708546
0.5124521 -0.6294853
1.649477 -0.6662538
1.505446 3.785539
0.2454221 2.706443
1.029884 2.567386
2.016222 0.2604311
1.545408 1.693119
2.304751 -1.352553
0.7041905 -0.2780293
0.3381042 -0.3870991
0.7076729 -0.05987785
0.4091471 2.457098
0.02532272 1.361045
2.014926 1.548984
1.938639 1.629462
0.9184204 2.608362
1.312673 2.308032
1.821405 1.707816
-0.001846199 0.8609852
1.166893 0.3560255
2.166993 0.3895972
0.2498416 2.055811
0.5680042 0.6847857
0.2961937 -0.4432742
1.652186 0.2419019
0.3468565 -0.1482855
-0.9171951 -0.01831959
1.112052 2.298388
-0.1674632 0.3487657
0.8340237 -0.9442248
2.596266 0.4246384
0.1980073 1.750311
1.16788 1.801374
-0.2849067 1.795145
2.201473 -0.7033538
1.176722 2.254339
1.023199 1.927534
1.681657 1.701565
-1.271629 -0.8201604
1.864216 0.1754901
1.106599 2.106689
0.5818289 0.5651007
1.48988 2.038172
0.9535733 0.8618207
1.206165 1.217741
0.9788385 1.815369
1.18623 1.736537
1.521991 1.860784
1.712493 1.974492
0.07487895 0.9727489
1.053037 0.2655882
1.002767 1.807395
-0.5893554 -1.048479
0.2329799 0.002247618
1.255722 1.067899
1.523165 1.307509
0.2832959 0.8114752
0.5006513 -0.1073889
2.321993 0.1050763
0.7235327 1.828871
1.625245 -0.7784016
1.081797 2.911334
1.87061 0.6169191
1.617782 1.168057
1.052204 1.289941
0.967427 -0.5182794
2.73444 0.54756
2.863795 0.76237
1.557169 0.1706784
-0.3115188 0.9634275
1.267663 1.353124
1.919969 2.468692
0.7063081 -0.600033
1.557023 1.308086
-0.5750563 0.3328153
-0.06709601 1.014952
