0.07327011 0.9756362
3.142356 -0.1521306
0.5998411 0.5074026
0.9497458 1.107583
0.07383626 -0.08427184
0.8684423 1.221882
0.056528 1.046421
0.5734357 2.050311
1.36006 0.02679622
0.8008896 1.174034
0.236644 1.351042
2.827348 1.487284
1.201979 2.420856
2.78064 0.7986316
0.2061589 -0.1273729
1.943072 2.116937
2.685089 1.07767
1.309628 1.60062
1.247868 1.317414
3.349845 1.26323
2.28832 1.274002
2.490211 1.951636
-0.1134012 -0.6629496
0.2429358 -0.121128
2.372568 -0.2979278
2.564686 0.7026407
1.856287 -0.5805331
0.9566867 -0.08784049
0.5399817 1.038589
1.490861 0.634395
1.053818 -1.396414
0.8171038 1.950291
0.01050017 -0.06067946
1.44234 -0.8311372
0.7355007 2.08142
-0.3939139 -0.9065444
0.8766002 0.0718916
0.2458164 1.218172
0.9016576 -0.1711382
2.328118 -1.369078
-0.02464936 0.2701585
2.080699 1.060119
1.38082 2.019903
-0.0278355 2.547611
1.846297 0.975961
1.406655 1.35728
0.2948101 2.920637
1.1426 0.6887033
0.9197766 0.1396379
1.05541 0.3407502
1.001319 -0.8967081
-0.0937588 -0.3283197
0.9483854 2.618762
2.208849 0.6229074
0.7601473 0.9895287
0.5377543 1.132049
2.2187 0.6767922
-0.1914302 -0.1573928
0.9310777 0.4512217
0.07990869 -0.587124
-0.1400661 0.1606168
1.515028 0.05255268
0.2047762 -0.03120762
0.5265974 -0.7094235
0.5039148 1.632673
0.9948593 -0.9691685
2.835117 1.25343
-0.3615479 0.9694813
0.4555051 0.4460518
3.537067 1.178876
-0.08186228 0.6303078
2.552457 2.779382
1.163096 0.2923146
2.061935 0.7136164
0.7095293 0.1612621
-0.2034485 -0.6885994
1.273307 -0.2188714
1.898527 -1.157577
1.640392 1.730859
0.3599062 2.200324
0.05548424 0.6362463
1.24058 0.001129375
1.63333 1.082406
0.763585 -0.6824635
0.1668377 1.249261
1.011716 1.737649
1.382322 2.499537
0.6096492 0.3373644
1.195876 0.5827005
2.334694 1.953506
0.4624465 1.840918
1.510988 0.6929576
-0.3386476 1.04092
1.499888 1.858468
1.010159 -1.93643
-0.2714184 1.7643
-0.01159988 0.7390402
1.231996 1.882967
0.6365345 0.778539
-0.9006977 -0.6413636
