0.7328918 0.576832
0.5861123 -0.01716556
1.307388 1.835638
1.414151 0.1356088
0.7256063 2.446263
-0.7349344 1.819628
-0.7165152 0.4662043
1.086015 0.4501677
-0.3095543 0.7987563
2.398706 0.6337909
1.042974 0.4813554
1.418854 0.07630779
2.487909 1.843543
1.096477 2.698993
2.055062 0.2140679
0.1683487 0.9660009
2.456734 2.559838
0.3878586 2.759193
1.635927 0.1678802
0.971528 3.107144
2.371255 0.2076937
1.895281 0.7247299
0.4779482 0.8631125
1.750715 0.5223772
0.1889593 -0.1798697
-0.3697955 0.7401085
2.822108 0.3076603
1.695102 -1.234442
0.5503462 1.49716
1.493995 2.5775
1.440967 0.26656
1.24417 -0.3806588
0.3329632 2.226363
0.824734 1.564897
0.2320901 -0.9407596
0.07496909 -0.04078029
-0.261521 0.7658681
2.049598 -0.04170862
1.488723 1.529069
0.7615937 0.9756039
-0.301606 0.3517259
0.8157779 1.308288
0.8595069 0.4542082
-0.3471933 0.8118661
1.987007 0.4475603
0.8709921 0.4644868
1.327471 -0.2809096
0.6223466 1.277822
0.06419992 3.362542
-0.5114953 -0.9068317
1.17959 2.635601
-0.07456827 3.203592
0.2956641 0.24146
1.635354 0.2673426
1.063195 0.6092714
-1.106513 1.01539
0.6970122 1.552594
0.6289993 1.911473
0.5117659 1.431267
0.4037911 -0.4566903
-0.1914462 0.7972746
1.162146 0.9778862
2.179555 2.955178
0.2634299 1.180484
1.866114 1.964373
1.696975 0.09731564
0.3795296 0.5292698
0.705012 0.8067413
-0.0516548 0.3504918
1.164279 0.8204222
0.967732 0.505705
-0.6723721 1.151832
1.018468 0.0749057
0.299311 2.108999
1.390745 0.6317042
1.558638 1.030734
2.097069 1.97586
1.996542 1.604641
0.7480989 0.1356408
0.9846524 -1.095543
0.4977043 -0.1507173
0.7242714 3.5429
-0.8103223 1.176515
0.9884441 0.3329184
-0.0104221 -0.1942665
-0.6318622 -0.3107573
0.3371528 -0.5624708
1.036351 -0.006601732
0.008633801 0.4418273
0.6825461 2.378459
0.5267345 0.4295061
-0.7542397 1.875765
2.724672 0.02815487
1.997253 1.478089
1.608227 1.521017
2.511637 1.500839
0.5934592 0.9824695
2.609044 1.957137
1.454489 1.53185
0.01568277 1.360958
