1.481171 0.7395635
0.4070027 3.785814
1.749039 -0.291569
2.021031 0.5329765
-0.6953483 2.023843
0.2307618 2.290788
1.480786 0.8630722
-0.4634547 1.240539
1.431835 2.152113
0.4766747 1.874986
0.962363 -0.3525248
0.2410299 0.4140901
2.506078 -0.0885247
1.306512 2.694789
2.683624 2.718309
0.5259187 0.7208254
0.6764516 -0.5031725
2.073194 1.303846
0.641592 0.1459008
1.507364 2.583757
-1.006294 2.041416
1.388268 -0.5697038
1.059282 0.8368426
1.123978 1.957625
2.98501 0.7080803
2.188562 1.711825
2.11494 1.42581
2.281118 -0.6116454
0.2169795 -0.09816888
2.424187 0.2712713
2.75804 0.4990038
0.7096542 1.541701
1.805205 1.910271
0.158336 -0.4723096
0.6286667 1.106643
2.380252 1.891173
0.1766146 -0.2052453
3.69893 1.143817
2.965259 0.6845058
3.08251 1.328171
-1.401615 0.8505334
0.8870382 -0.4637009
2.092439 1.49614
0.606185 0.1376649
0.107545 1.010386
-0.4511648 0.9339066
-0.6333496 0.3876356
0.4192519 0.1370803
1.656392 2.027981
-0.2186938 1.611458
3.188103 0.04927054
1.389962 -0.1688705
2.970508 0.3441538
1.162237 0.1848596
1.68087 0.6091126
0.8061183 0.3035885
1.286885 0.2713381
0.8268305 -0.3620575
0.2024337 1.708879
2.087513 1.207915
1.557267 0.8720108
0.4448674 -0.4955531
1.791604 -0.2671387
-0.4218267 1.195221
1.110593 1.513825
0.4945439 1.392746
0.6147238 -0.7673527
1.794548 -0.4196195
1.679416 0.6616524
0.1065047 -0.115433
0.8533315 1.564742
1.293955 -0.1468219
1.542843 3.681793
1.53615 1.48751
0.949327 -0.06650189
-0.05927903 1.291444
2.323728 0.04258012
0.1425777 0.8560639
-0.5088062 -0.3261677
0.09999082 0.3019713
3.131984 0.2052038
0.408031 1.642756
1.48546 1.058564
0.7453712 0.3267377
0.2244165 1.374765
-1.17177 0.8673228
1.181487 0.9858272
1.291121 1.457654
1.672226 0.9229367
1.465749 1.084497
-0.2414957 0.6566379
1.04683 1.306492
-0.1810709 1.3146
-0.2242948 0.1532663
0.9396334 0.9873584
0.6222854 1.132946
1.850138 0.4832949
-0.3859227 3.487899
3.103498 0.9507783
-0.09204253 1.515341
