0.367096 1.480029
0.9349948 0.2617526
1.157234 0.4694621
0.9325639 0.7541094
1.448473 0.301419
0.1572235 -0.6828875
0.2838685 1.078933
1.922104 0.3603615
2.004543 -0.5484469
2.057051 1.642215
1.310301 1.673465
0.164671 2.470266
1.694548 1.383872
0.6858798 1.126479
0.9981507 -0.08615127
-0.4821093 0.3749027
2.307782 0.7766452
0.4637358 1.091635
0.1085554 1.172299
1.75762 0.214079
1.761948 -1.129158
-0.434097 1.028809
0.697407 -0.6739801
2.910743 -0.3087629
1.2469 1.431526
1.644096 -0.404282
2.232526 0.964843
2.763804 0.6092358
1.92426 2.298885
0.821465 1.115525
1.229892 2.501082
1.934087 1.582667
2.774133 0.1497241
2.322413 0.9173495
1.221331 2.943107
1.569501 1.596197
1.048788 -0.9051513
0.9615124 -0.075447
1.100395 1.196197
1.722359 1.580481
1.016083 -1.088041
-0.8235938 1.331956
1.105042 0.9960215
-0.04447108 1.919027
0.5790201 2.030134
1.545665 -0.05953265
1.273586 2.968757
1.915611 -0.1667071
1.148182 0.537036
1.192472 1.767028
1.493337 1.969976
1.524047 2.406531
0.6802393 1.840836
1.895474 0.75784
0.4935237 1.10954
2.051005 1.244033
0.4552512 2.129505
0.5031301 0.7399339
-0.1693623 0.7059557
-0.2425427 1.596671
1.383122 -1.816433
1.885693 0.757824
-1.214297 2.091827
2.338625 -0.4016538
0.4324261 2.514805
-0.1937122 -0.2807334
1.519509 2.279846
0.624403 0.3175748
0.6180898 0.4005703
2.236897 -0.7490502
2.778695 1.660713
3.059018 2.089182
0.5066342 1.175133
-0.7597581 1.371814
0.6065345 1.604247
1.180971 3.330656
-0.06104201 1.29335
1.522373 -0.270099
2.404928 -0.0596761
1.695393 -0.8176031
1.196135 1.632217
1.209165 0.4342263
0.8092999 0.6876635
0.3671131 1.318772
1.255977 0.8103055
0.5928281 0.260675
2.71789 1.55537
1.681679 1.803208
-1.13494 -0.632302
0.4542302 1.596491
1.210128 -1.274916
0.1875866 -0.4231164
-0.5578979 0.9102092
0.05524022 0.4628501
0.3920628 1.107738
0.6352996 2.523146
-0.05272283 1.612788
0.3958634 -0.579901
0.9806672 1.690533
1.560519 0.8396596
