0.6982508 -0.342819
0.9088649 -0.9566804
-0.6241416 -0.8670993
2.218199 2.467061
1.490339 2.627754
2.140275 1.20378
-0.1054056 1.089042
1.508598 -1.281194
0.3411256 -0.1094061
0.5351681 0.6746476
0.7483947 4.03241
1.941221 1.487454
0.4448067 3.17557
2.23421 0.2932255
1.417451 -0.2573241
1.204888 -0.01293608
0.4853439 0.7376456
1.011976 0.5484153
2.320605 0.3306722
1.446365 0.8681287
0.1591271 0.1484987
1.126573 -0.5927102
0.5820505 0.04551895
-0.02631857 -0.4101956
-1.265252 0.3756965
1.610028 -0.7855649
0.8636456 0.4311046
1.585947 1.047965
1.420481 0.7750622
-0.2639437 1.140615
0.3094682 0.4426654
0.7509132 -0.4317714
1.561765 0.8562421
0.5375074 1.417342
0.2467453 1.083429
1.009486 -0.9889343
2.580896 2.046968
1.280945 1.219327
1.47906 0.7701841
1.305054 1.829829
1.556843 0.9796331
1.295846 -0.6990297
0.8413426 -1.13968
0.9472096 0.3278087
1.768529 1.279541
-0.4850522 1.009767
-0.7731345 0.08423908
1.658433 0.9235481
1.579325 0.5448648
0.6476849 2.152195
1.403717 -0.7440098
1.12201 2.085226
1.247839 1.333623
1.169712 0.4114757
2.572825 -0.1741559
1.735509 -0.5422602
0.8914597 1.460682
1.983498 1.701886
0.7929231 -0.137115
0.8745684 2.095283
2.689268 3.085204
0.5331741 1.131849
2.522354 2.746784
0.2472133 2.334401
-0.7979082 -0.434524
1.635191 1.900194
1.598836 1.398611
2.975568 0.7816056
0.9800137 0.6536583
0.9947199 2.521451
2.770852 0.5345737
3.360995 0.2920169
2.719445 0.9049815
2.116933 -0.8310987
1.843457 1.82455
0.451297 0.9917588
2.519898 1.387209
0.1231711 0.8981642
0.6743602 1.520416
1.769247 0.4692305
1.623509 1.219278
0.2347938 0.8469185
1.736945 0.8386701
1.707866 -0.6568823
0.9096307 2.043868
3.547649 1.46476
1.279425 1.461714
0.8599859 0.08430197
0.4642925 1.228126
0.4038971 0.69205
-0.7285169 2.418439
2.558617 2.409838
-1.003157 2.010004
0.7543494 1.238765
1.448699 1.529427
1.438722 3.896926
-0.8472627 1.676613
1.483731 0.6228895
1.810388 0.9435427
-0.4727332 0.9202074
