-0.0846034 2.17168
1.855791 -0.5855823
-0.0546128 2.042619
0.4975031 1.171294
0.3701234 0.8484717
-0.3372492 0.6160704
0.1451496 0.1364164
2.09822 -0.1773497
0.2473772 0.8209779
1.056369 -0.7073674
2.760722 0.9302245
1.282842 -1.12425
0.9075833 1.381801
0.3436749 -0.347852
1.302723 0.4710521
3.957087 1.906127
1.104538 0.8149929
1.969866 2.299248
1.313357 1.283867
2.479535 1.28473
-0.0807142 0.1726952
-0.1959701 0.04958898
-0.44709 2.881729
1.311261 0.07985725
1.404726 0.8181709
2.503969 0.1015186
0.6607224 0.5987179
2.158539 -0.3621017
-0.2246337 0.8715916
0.478344 -0.6152015
0.1811879 2.728647
-0.01433574 2.565372
0.718606 2.198676
0.82424 2.655382
1.671905 0.8415853
0.07442724 1.800085
0.2805428 0.2953389
0.4241541 0.3233176
-0.2066636 0.1724653
0.6371184 -0.5080975
0.1534163 0.4960955
2.484325 -0.4614715
-0.2836957 2.170332
1.568073 -0.1901298
-0.03181658 2.805186
1.591784 0.2381087
1.370867 -0.4043107
1.164702 1.876569
0.2116578 1.864708
2.919701 1.474504
0.7446448 1.538543
0.1442625 1.731654
1.015878 0.4235439
1.725644 0.2918257
0.5836726 0.09663871
3.337866 1.895808
1.949461 0.9752694
0.4185269 -0.3364882
1.929684 -0.2493447
0.3227429 -0.7109064
0.8543869 0.9002257
2.038598 1.017733
0.05016125 0.3853549
0.1745466 1.23768
2.377117 1.716739
-0.2712013 0.7757323
0.4864227 0.7207889
3.443507 2.243117
1.055002 0.6093729
0.3876817 1.882393
3.200464 0.4648817
1.502251 2.33228
1.157589 1.609845
0.03843645 0.7686092
2.195868 -0.2298347
0.9778857 0.9131011
0.263541 1.045355
1.70673 1.902347
1.628306 1.504178
1.529252 -1.143256
0.8223425 0.2017262
1.511003 0.2228857
0.791489 1.505761
1.421752 1.222819
1.011504 0.06362772
0.8353593 1.045398
2.286035 1.10746
-0.7863361 -0.5151209
1.697912 1.326695
2.140288 1.041114
1.626829 1.577812
1.812995 1.324711
1.783129 3.005376
-0.2586388 3.291699
1.099941 -0.6061175
1.332088 0.8300258
2.108356 -0.182606
0.7263497 1.444504
1.981272 0.09110646
1.700542 0.7280192
