1.173412 1.322507
-1.501338 0.5194754
0.5098007 0.226671
0.4787056 1.837983
1.860119 0.8213227
1.8902 -0.2487305
2.102509 1.186407
0.7380903 1.891334
0.1800913 1.378336
-0.6915862 0.9164268
1.624936 -0.4148857
2.512765 0.3253238
0.1758915 -0.7539243
-0.2218014 1.855825
-1.303089 -0.3305745
1.845875 0.4615553
0.49294 0.3431451
1.512396 1.975379
1.705582 1.097635
1.480069 -0.9913147
1.074016 -0.07047747
0.219775 -0.7761263
0.5960096 2.431164
-0.5764462 1.138545
1.284223 -1.311593
0.6002646 0.9964963
2.2221 1.994821
2.463169 2.923024
0.8761524 -0.1935151
-0.4281432 1.705836
0.8214605 1.401391
0.5088504 1.664092
1.561372 1.215177
1.505364 0.9299656
2.080482 3.498988
1.66316 1.27944
1.560892 0.6730127
0.9908308 3.100777
0.7041323 1.293952
0.3115966 0.1934625
0.84518 -0.2169388
2.881962 1.250242
1.064895 1.043098
0.03384747 0.3384425
1.787801 1.374996
-0.5222361 2.162937
1.821598 1.199263
0.8567457 0.8343456
0.372743 -0.08634053
0.4170487 0.6196669
0.6572865 0.8312033
0.832358 -0.3176774
-0.1389889 -0.2849703
2.439685 0.1077313
0.4704276 -0.1067552
0.2324974 0.1751014
0.912081 0.551357
1.634666 0.635444
3.04176 0.5779664
3.686751 0.8861245
0.877628 0.1466152
2.077286 -0.6179025
3.367533 1.85057
0.6983924 1.729147
2.944458 1.491246
-0.6417416 3.133787
2.100655 1.154663
-0.7672321 1.678678
1.319227 -0.2848138
1.386838 1.750552
0.4533104 1.124845
2.901283 0.5377832
1.334571 0.2808844
1.167909 0.2137882
0.8611013 3.575631
1.583895 2.370927
1.289496 1.483667
0.1740325 0.1992186
-0.04867587 -1.986539
0.8466031 -0.9229104
2.038062 0.2428324
-0.9790501 -0.564114
2.367261 -0.3575687
0.7301155 1.276461
3.51265 1.247214
-0.145878 1.155431
1.10566 0.9849745
1.756035 1.915046
0.04052333 0.4986952
2.798799 1.218194
2.790535 2.810585
1.756449 -0.6179945
1.864352 0.3579162
2.715325 0.7118914
1.305642 1.736209
1.669817 2.304945
0.6951522 0.6323572
1.021301 -0.3473622
-1.014445 1.360878
0.6870911 0.6531924
