0.5402184 -0.1099988
1.689624 2.929858
2.106316 -0.1837869
1.036725 2.058871
-0.09845648 0.6061979
1.425741 -1.204472
1.097563 1.26103
0.2160399 0.9416464
1.747273 -0.4734379
0.4887151 0.8981901
1.026782 1.501651
-0.8745708 1.97026
0.4226952 -0.6143444
1.737097 0.9439376
1.483576 -0.8577018
1.226844 1.682038
1.308635 0.4043937
1.573118 -0.1875858
-0.1158839 0.5280457
2.670414 1.354679
0.6569544 -0.3998032
0.2728502 0.7286201
1.267865 1.034842
0.2743116 2.014618
0.3589244 0.3820817
1.227628 0.8240848
0.7888989 0.4731209
1.680488 -0.7564414
0.3697955 0.9728354
1.528113 1.332011
0.384157 -1.263699
0.3182654 2.735874
-0.213144 1.56857
0.4196947 0.663515
-1.194506 1.802907
0.6747833 -0.3662296
1.932484 0.4990638
0.569268 -0.2832869
1.091499 1.008628
0.1952036 0.2938241
1.96874 -0.8207994
1.717537 0.09783011
0.05502154 0.808216
1.778598 1.807018
-0.2523705 0.4954323
0.8286559 0.94578
0.3594447 0.4051061
0.899664 1.234764
1.218246 0.9483779
0.002829285 1.263345
0.01759916 -0.5207497
1.674307 2.067984
1.827748 -0.2740256
1.555503 1.147666
0.5009583 1.682139
0.9192877 1.587566
1.967245 0.6079573
0.3394102 0.5836361
0.1023275 0.5509333
0.506879 0.09356909
3.07582 1.52162
-0.832872 2.211147
-0.677098 1.225265
0.634542 2.796184
1.920867 1.256663
-0.5329337 2.735992
2.785807 1.55704
0.01879188 0.4676586
-0.688476 -0.01929762
2.823695 1.981847
1.026261 0.4315883
0.9210551 0.2260461
2.085827 0.6358651
0.655304 0.3890123
0.9774157 1.337832
2.982629 -0.03783058
-0.3239789 1.38553
3.295721 1.209372
1.379744 1.937202
1.548936 0.09207614
1.328667 0.7381906
0.6651795 0.4577928
1.149268 0.1935641
-0.1753832 2.495208
2.280087 2.143882
-0.001868072 1.303423
1.446748 0.2953201
2.118247 1.405835
1.339088 2.762893
2.603911 0.2956863
-1.280948 1.170602
1.452971 1.668496
0.8451784 2.343751
1.312585 0.1887922
1.304577 0.5836303
-1.364732 0.8100333
0.4782969 -0.4308191
0.7413409 0.2766525
1.569242 0.04084834
1.098498 0.9807707
