-0.0965995 0.8491649
1.091569 -0.3659649
1.244489 0.4553031
1.774441 1.72615
0.8351897 0.5541068
1.864067 2.270703
1.76959 1.689573
2.492209 -0.03626294
0.5053987 2.434464
-0.4304014 0.8115174
0.2204905 0.3055933
0.3875029 0.7843392
1.63629 0.3037238
1.094751 0.02701305
2.381221 1.862922
0.8635677 1.005302
0.9300957 1.767108
0.7901141 2.016168
2.848777 2.591937
1.948744 1.173585
-0.9968791 0.8845301
1.218998 0.03714474
2.821992 1.215224
-0.448667 1.121086
2.186695 -0.06570475
0.5221416 0.791533
3.099808 1.729084
-0.3697905 1.329969
-0.03883545 1.44373
0.4441909 1.190002
1.214159 0.3534257
2.257231 -0.278543
1.526566 2.301374
1.380888 0.02873566
1.25702 0.9287722
1.996738 1.46115
2.47266 -0.2366341
2.374213 1.57706
0.7896546 -0.9800858
2.051032 0.9304772
-0.07446574 1.61637
0.3993861 0.02087614
-0.27232 2.110948
1.762869 1.720584
0.8857293 -0.2498048
0.2773483 0.4077728
1.620815 0.09999105
2.926388 2.376438
0.3477681 0.01743417
0.6069723 0.007515045
0.2195272 -0.6881854
0.4434886 0.002886298
0.1773746 0.2757631
1.56626 0.3235046
0.3077844 -0.1956471
2.074145 1.283427
1.463131 0.5670314
0.3444532 -1.232657
1.194273 1.032684
2.555325 0.6243277
0.07101402 1.973179
1.182287 1.874713
1.751077 0.0237326
1.459127 0.9992043
0.09071235 -0.406975
2.002835 1.534089
0.292288 0.345559
-0.2951658 0.9421784
2.53507 0.6471802
0.8398352 -0.223967
1.1455 0.7058434
1.599756 0.09800624
0.8449412 -0.9329328
2.294238 0.06859177
-1.029059 0.4191197
2.889701 -1.272514
1.787324 0.5917315
-0.779842 1.648493
1.099221 0.785385
-0.6004194 0.7279037
1.213539 1.653043
0.4267205 -0.6828612
-0.3578421 1.46368
0.7248744 1.151506
3.038846 2.084761
-0.9732354 0.2936887
2.440339 1.260921
2.65806 1.485551
-0.5192508 1.628747
1.954578 0.4928372
1.631232 -0.4387823
1.402705 0.9478812
2.026277 -0.3104121
0.6421226 1.181275
0.6135597 1.810847
1.349932 1.029018
1.382463 1.178581
0.9818549 1.755314
1.322726 0.5653647
-0.3670581 0.5936467
