0.1683565 0.3890595
0.9496642 0.5856126
0.2617457 1.345239
0.5454087 0.3638564
0.4654795 0.3431673
0.9944264 -0.9261493
0.05635519 -0.01647738
-0.06640506 0.5872249
0.2981968 -0.1188669
0.8934839 -0.2923946
-1.110829 1.70025
-0.1763774 1.634416
2.422135 0.4747925
1.297015 -0.5350901
0.6019612 0.5942604
1.882969 0.7029689
1.129787 1.870105
1.712144 0.09123019
2.689272 0.75598
0.8293318 0.7799605
0.9315345 0.5507675
2.584835 -0.3459564
-0.6661983 -0.191356
1.740048 2.590501
1.206273 1.941589
1.699099 0.3181319
2.188781 1.934715
-0.1715002 0.9401641
0.4921329 -0.07938875
0.4968143 0.1650305
3.228924 0.2122962
2.11501 1.429164
0.6542088 2.639299
-0.6044192 0.265547
1.454037 1.054327
1.495033 0.1219298
1.086184 -0.326741
0.07759133 0.9868897
2.257655 0.242417
-0.2690225 0.01601535
-0.4775391 -0.8544854
0.6180769 -0.2820844
0.6006183 0.04388406
1.036778 1.572229
-0.2237484 1.289528
1.219199 2.185615
1.39437 0.4240083
0.452154 3.585738
3.820834 0.9057544
1.958128 1.605319
0.9569225 1.498082
-0.09153191 1.162208
0.800535 1.830828
0.956183 1.664325
0.8986156 1.006767
0.4659361 1.113409
0.6779521 2.055304
1.151802 1.740195
-1.488556 1.284791
0.01415277 2.09953
0.7117457 2.367272
1.2608 1.420068
2.288248 1.115675
0.9735385 1.073891
0.2120315 0.1142414
2.349265 -0.02024161
1.063109 0.3254561
1.690909 1.454763
1.202796 0.9431101
-0.6056197 1.465547
1.823541 1.696909
0.3052692 0.5440065
0.5274917 0.3924084
0.9144816 0.7171302
-0.4103422 1.434361
-2.161178 1.337669
-0.2943863 -0.3887118
0.4422336 0.4906501
2.442967 1.311985
1.702618 0.9172329
1.653107 1.806748
0.006758352 0.2325719
1.713352 0.220015
1.318778 0.9289427
0.9473221 1.087064
2.33928 1.640642
1.682807 2.054654
1.329472 0.3790092
-0.1407137 1.785957
1.778466 3.121062
0.6184848 2.171235
0.1720598 1.06148
-0.4014013 0.5833269
0.8300975 0.2737871
2.350956 1.073755
1.31192 0.9094163
0.05856699 0.6694987
1.049701 0.8692368
0.6418581 0.4320761
0.6072095 0.6810416
