0.8764276 -0.1365636
2.738393 1.439348
1.679731 -0.4574613
-0.3668031 0.8100612
1.899768 3.272639
0.6624696 0.9125132
-0.6466191 2.048817
1.665659 0.9567772
1.196413 2.08846
-1.385423 0.1221312
2.138178 3.050792
2.996009 2.113943
1.494646 2.673724
1.673398 1.379209
1.371625 1.305356
0.2783292 1.683666
1.344636 0.7133714
0.4825807 1.042704
1.429388 1.182843
-0.7909565 0.0151848
1.712393 -0.6570117
3.035142 1.577632
0.9993256 0.9493686
0.3365017 1.105975
2.345958 -1.259653
1.054375 0.494854
2.213388 2.337902
1.557042 2.324027
3.022005 1.265328
-0.8566104 1.164663
-0.579256 1.056705
-0.282852 -0.5440879
-0.2047179 1.091262
1.606187 0.799528
2.653967 0.6411784
1.799654 0.2813298
1.682933 -0.06892496
1.796983 0.8492019
0.8097527 1.479646
-0.2453998 -0.158628
-0.05081585 -0.137322
1.591494 1.482603
1.140963 0.5141961
1.20067 1.344156
1.168502 -0.05647463
-0.5850434 1.903561
0.2423509 2.549737
1.649941 1.728581
1.457276 0.1720695
0.8952426 0.8611845
0.6551095 1.851186
0.2743465 -0.04231895
1.311385 0.6677796
0.02018463 2.174497
2.349525 1.358527
0.6980918 2.46677
1.037529 1.778399
0.8542775 0.6947438
1.34762 -0.2411696
1.323661 0.6260496
-1.040828 2.014881
-0.5047127 1.972624
-0.6800222 2.358018
2.586206 0.7560617
3.217532 1.709895
1.180739 1.91553
0.9723219 1.292425
1.382116 1.516713
-0.4815402 1.138432
-0.6811638 1.130723
0.5222158 -0.5571292
0.7534593 1.805099
2.320747 1.661167
-0.02906253 0.119541
0.743916 1.563295
-0.002540849 0.9764847
3.73208 0.2587213
1.471768 0.2661474
2.706032 -0.008294251
0.6550319 1.619558
1.239802 1.494556
-0.1688143 2.512149
1.191816 -1.450947
2.473136 0.7457298
0.3509434 0.5214731
-0.202964 0.4251132
0.05702013 0.7263409
1.055651 1.343151
1.012987 0.7586776
0.8526708 -0.1712268
1.363799 2.271269
0.5032247 0.4299883
1.312655 0.812738
1.613825 2.840869
0.7605244 2.990599
0.9932991 1.314235
2.580365 0.05051652
1.685057 0.5440671
2.425218 0.3614185
1.956336 0.6129888
