-0.01366393 1.451427
1.363384 1.880448
0.984543 0.5901052
1.080904 -0.741498
0.8027995 1.386487
0.8094126 0.2769462
0.3020933 0.8809934
0.7524437 1.471069
1.748749 1.157702
1.367975 0.7226897
0.7116307 1.070941
0.1847879 0.6647453
-0.01096623 1.33541
1.285281 0.7482575
1.983145 1.067666
2.57165 0.2604798
0.001826512 3.170816
0.211322 0.2230289
3.185079 -0.03315757
-0.1246131 1.657794
1.603498 0.7433786
1.082208 1.147105
2.335398 1.439065
1.868594 1.721224
2.031434 -0.02228364
0.7564129 1.675557
0.9180423 0.6134548
2.078405 -0.2581443
-0.3634877 -0.8987753
-0.3033499 1.754506
1.787556 0.3625861
0.3813956 0.3963929
0.9128184 0.5186528
2.143846 2.383117
1.626272 3.032135
3.226186 0.9196911
0.346415 1.702521
1.962562 -0.06394175
1.145536 1.891818
3.837009 2.524613
1.035779 0.6325342
1.862813 1.0088
0.4107131 -2.08001
2.19926 1.644476
-1.053027 2.053535
3.352933 -1.797374
0.1794257 -0.7450096
1.293474 -0.08751473
1.886269 1.280076
1.677482 2.070488
