1.12238 1.586437
1.979203 0.551849
2.701726 0.5925348
1.343883 0.8380239
1.082178 1.923178
0.7729643 2.129172
0.2459259 0.4741893
0.08245594 -0.05393048
0.5756276 -0.596077
1.367703 1.280222
0.2556266 0.9145464
0.9246433 1.575248
1.923606 2.380641
0.1226796 0.5401797
0.9314216 0.6108812
2.52645 -1.182409
0.7556682 0.6728709
1.03161 0.7200781
1.159871 2.185039
1.756759 0.8004098
1.940339 1.312106
1.390399 -0.367996
-0.5714394 0.4192469
2.260424 -0.05426728
0.9244194 -0.5004282
-0.09050505 1.389331
1.36743 -0.8712021
2.08232 0.8041169
0.7084046 0.7401037
1.076748 1.115998
-0.4680355 0.4293768
-0.3194931 0.9739323
0.9328121 0.4601834
0.8990609 -0.2289663
1.189456 1.425148
-0.4720729 2.761572
1.15712 -0.3111396
0.5582723 1.616506
1.964769 2.002372
0.2949999 -0.1572759
0.5000741 0.4695105
0.304694 -0.3591355
0.2152491 -0.6485321
0.8876431 0.1747621
0.2914703 1.111129
-0.1918143 1.035357
2.340597 2.31231
0.1152539 0.1975074
1.574973 0.7427636
1.071883 0.7195015
