0.9195958 0.8397696
0.8536174 0.5019422
0.543753 1.23949
-0.4488151 0.3989393
1.405146 -0.6799403
0.9794013 2.487941
1.364727 1.942554
0.7587088 0.01736306
1.516359 0.2114647
0.9024424 0.9870083
2.493909 -0.1460659
1.121048 1.38661
0.7270691 1.479762
2.461517 -0.2489608
0.6849691 -0.03569437
0.7048513 0.6982271
-0.02671415 0.9761829
1.98055 0.333885
2.668954 3.16956
1.294234 1.255402
1.059547 2.437987
1.018058 1.160758
2.208591 1.91103
1.395239 -0.1009685
1.201818 -0.01221628
2.118158 1.693496
-0.4994622 0.7067337
0.9156378 0.3754446
-0.3624974 0.8697912
1.527381 1.367232
1.146575 0.5916036
-0.4840346 0.8998094
1.095208 -0.4958297
1.42555 2.474676
0.784688 0.4282098
1.005633 0.2841763
1.990685 2.295158
1.121083 1.761623
1.064896 0.008972461
2.858476 0.5285709
1.967761 -0.1846438
1.569146 -0.9759535
1.09889 1.309307
0.004789675 -0.09780827
1.488123 3.251826
1.202077 0.8582017
0.607169 0.009007767
1.117946 -0.03304256
0.5584743 2.856665
1.211528 -0.01312023
