0.5467118 0.1005147
1.964921 -0.4465991
1.016305 0.7323568
-0.07093875 0.2342047
0.4089627 0.2167208
1.154991 1.107969
3.403963 -0.1117927
0.1587866 1.579705
-0.1443822 0.6260961
0.8223184 1.119633
1.133528 0.2797426
-0.2151431 1.475224
1.531021 -0.2015264
1.257765 0.5421059
0.1075465 0.4241079
1.004534 0.7574685
-0.6661874 0.1629899
1.527132 0.9910312
0.07457102 1.648095
1.532202 -0.03105843
-0.3108722 0.9306253
1.263968 1.466439
3.144872 0.5831241
1.396664 -0.3724955
0.7334515 1.779058
0.6742258 1.573093
-0.4197063 1.169588
-0.3512206 1.62251
1.509558 0.001491711
0.550669 1.023938
2.976286 -0.4408567
0.9072087 0.06641834
3.380034 1.562438
1.499259 0.4470111
-1.100331 0.880274
1.371993 1.443436
-0.08145414 1.705618
1.780737 1.408503
1.751577 -0.09406658
1.078184 0.088221
0.8759159 1.117894
1.896137 1.311736
0.8297281 -0.9881709
0.6130287 -1.437179
1.350097 0.5975162
1.009532 0.8174144
0.7338944 1.88939
3.50661 0.1058937
0.6614191 0.8576373
1.438118 0.7927387
