1.23714 1.042173
3.143343 -0.1222097
-0.3791125 -0.538837
1.425167 1.238875
-0.1806098 0.6988766
1.239772 2.107454
1.813758 3.064559
1.241818 0.393611
0.9334489 1.68055
2.794216 1.452782
1.52027 3.053356
3.573644 0.9778189
-0.2851385 1.582195
3.701592 0.07665014
1.256334 -0.9560834
-0.03744284 0.8580036
-0.768616 1.321979
-0.1217985 -1.364268
1.01211 -0.8408496
2.985471 -0.2332699
-0.1531881 1.547849
1.132204 2.426968
2.318024 -0.2779943
1.212304 0.3997518
-0.01433704 0.1885589
1.012812 0.7833219
2.305663 -0.8187987
-0.6054587 1.422251
2.481467 1.460605
2.020959 0.4737067
1.491461 -0.6206152
1.502945 0.03824075
1.021546 -1.18916
0.02393855 -0.1322634
0.9800645 1.816733
-0.3322899 1.903253
-0.3899228 0.8182441
1.813121 1.808841
2.118513 1.773916
2.121382 -0.6785709
1.109222 -0.4113467
1.824975 1.124252
0.4316573 1.434159
1.239547 0.7301785
0.5636037 0.6116005
0.6727258 1.856468
1.076923 0.6499266
2.058269 0.3928008
0.6620724 0.892085
-0.4757488 -0.01591924
