1.802941 0.7530178
2.920349 1.58201
1.332632 -0.7752771
-1.319846 1.678157
0.8155308 0.8976899
-1.179599 1.234361
1.954658 1.110961
1.217832 0.3892067
0.8795607 1.60738
1.310171 0.03187107
1.215613 -1.411458
0.3719716 0.9822912
0.07683768 0.8430021
0.6716565 1.103985
3.058413 -0.7135798
0.5174169 2.060731
1.662498 1.377912
0.4227365 1.442376
0.0907748 1.085074
0.7106896 -0.57751
1.12331 0.7375069
0.8069866 -0.1642658
1.038961 -0.4339379
-0.4267477 1.1532
1.098183 2.358028
0.5836941 0.2676449
0.7509089 0.6214356
1.237732 1.64167
1.591683 -0.2851601
1.345944 1.488676
0.2666157 1.514284
1.44192 -0.1572176
1.607661 1.578858
-0.094221 -0.8495437
0.2635057 -1.03497
-0.1427414 1.589278
-0.1970586 -1.083223
2.755435 0.1816173
2.007915 -0.3353398
1.442903 0.7705741
2.972442 2.136865
1.701387 1.885408
0.5390703 -0.04318142
1.149405 1.342049
1.456188 1.141443
-0.322734 1.517946
0.7379779 1.553799
0.6843211 1.192949
0.8831476 1.510513
0.8708023 0.004973973
