0.8896084 1.747316
1.938472 0.4211223
1.33784 0.4089883
1.159871 1.740786
-0.05840974 0.2915162
2.582737 0.7245904
1.581337 1.182585
1.550059 1.272845
1.294433 0.9475316
3.534136 0.695669
2.114633 0.8102058
0.6764423 1.110118
1.390618 -1.892431
-0.235795 1.230119
3.09205 2.792757
-0.478113 2.154367
0.3519467 2.290854
-0.4554896 0.8508651
0.7907511 1.943694
0.090299 0.6339196
1.950836 1.315476
1.527786 1.706914
-0.2142455 0.1677196
1.848864 1.540608
1.969454 1.436502
0.6211334 2.646196
0.695091 1.142386
1.274574 1.163248
0.4649511 0.4998408
1.806837 2.496844
1.697874 1.231774
3.451412 1.275066
0.0409468 0.9001673
2.010465 1.315038
0.6787733 -0.7640209
-0.1116641 0.8254993
3.148468 -1.283292
0.148 1.142261
-0.3291065 2.514171
1.189059 1.660885
0.6772539 0.2624464
1.849741 0.492107
1.120292 0.07765889
0.681731 -0.1101997
0.1356859 1.035628
0.9226449 1.068597
3.06169 1.136649
1.134494 -1.216353
1.45631 0.3028762
1.874615 0.4902074
