1.743923 2.642098
1.217973 0.547903
0.6462409 1.977796
3.359022 1.235509
1.925029 0.6431257
0.4862562 -0.7431824
1.525953 -0.7289259
-0.01307529 0.3209385
1.614655 1.801717
0.1486024 0.9990967
-0.334294 0.6501651
1.222958 -0.3081779
-0.1194896 1.346813
1.055791 1.186482
0.6687355 -0.1492855
1.187515 1.4452
1.481855 0.9097813
-0.04234993 1.414203
-0.03796149 0.5368989
0.3402453 -0.4669241
1.823994 0.1268943
-0.579803 1.214617
1.7277 1.188002
0.8411612 1.255004
-0.2872094 1.064558
1.630796 1.377657
0.7053643 1.467274
2.105553 0.7305199
-0.287596 0.3359503
1.206041 0.7266319
0.001071392 0.0695503
-0.05238163 2.546328
-0.2685262 2.219646
1.393257 1.079832
1.291087 0.6054284
-0.0924113 -0.7630418
0.2216111 2.072298
1.072317 -0.5930349
-0.04003715 -0.1504906
1.033315 0.9626627
-0.140548 -0.1082141
-1.182995 -0.03952821
1.206649 0.4323617
-1.494073 1.66774
2.729985 0.3943923
0.3189551 2.68096
0.7356079 -0.09774799
1.4985 1.043673
1.815008 1.165593
1.907187 1.971427
