0.4700271 1.203176
0.5113982 1.415551
1.218485 -0.5847497
1.469414 0.3686544
0.8924684 1.20176
1.701379 0.7094377
2.304723 -0.3643908
1.734577 0.3546481
0.5681109 0.6475102
1.565839 -0.1944127
1.171061 0.3426932
-1.434557 1.003293
2.475671 1.350461
0.2649902 2.237638
2.011304 0.8656272
0.6280178 0.9139394
0.3249378 1.982073
0.5809649 1.76372
0.142626 2.59155
1.859293 2.725849
2.119857 0.273599
0.9241672 0.04398463
0.8902366 1.245639
1.055447 -0.7117866
1.697325 2.694534
1.174993 -0.2410026
-0.1066048 0.2027436
3.395493 1.325448
-0.3481385 0.3866776
0.2288212 1.202904
-0.4107403 2.138484
0.6619793 1.950819
1.526836 1.01478
-0.723673 -1.037431
0.3567708 -0.6692417
2.37597 0.7708604
1.187499 0.8703341
2.14281 0.9472919
0.5736979 1.713654
0.08301622 1.344894
2.137005 -0.9046934
1.157715 3.17112
0.93586 -0.6180042
-1.479461 0.9207173
1.59408 0.8406267
1.747627 1.62931
1.243246 1.181528
1.660611 1.20097
-0.3656985 0.1391845
1.746239 -0.1505116
