0.02831933 -0.4023585
-0.596163 1.011702
0.2895223 0.2947537
2.399921 -0.1748232
0.8120242 2.227572
2.142002 2.262774
2.227823 1.903313
1.337634 0.9342948
1.76277 2.117172
-0.7503642 -0.1692656
0.5749227 -0.6234119
1.176386 0.1243835
-0.2932329 0.921575
1.94814 -0.3711439
0.6006473 0.153763
1.643925 -0.8553036
1.084484 -0.463961
0.6133127 1.213616
1.479687 -0.05440713
-0.2154422 -0.7384824
1.74066 1.414662
1.123483 0.4487321
0.4400428 1.596892
-0.529148 2.298301
1.143966 -0.7632873
-0.5613504 -1.175986
-0.05849965 0.6429865
1.014081 0.8950962
-0.1807841 1.132094
-0.1977344 0.6375861
2.197796 2.085323
1.638349 0.3694098
1.382222 0.141476
1.030296 0.6554368
0.3736648 0.8012642
0.5313947 0.6351074
0.9635749 -0.8552496
1.545268 -0.3899757
-1.539865 1.057367
-0.5103892 0.4534256
0.07887443 -0.5318481
0.9000458 -2.250535
-1.075607 1.660121
-1.302453 0.2790233
-0.2635707 0.4463315
2.304794 1.607011
1.297653 0.1673852
1.158352 -0.1580349
1.744457 1.454599
1.009948 1.315722
