0.981614 1.121443
-0.03139206 0.4873578
1.44677 0.3877502
0.3212903 0.4967586
1.120072 1.855395
-0.4916762 -0.7386401
0.5403806 -0.5572649
0.9506426 1.564638
-0.2191634 0.5772141
1.066791 -0.2720573
1.493302 -0.7047291
0.1869323 1.233394
0.713636 0.7782748
1.492781 0.45158
1.830099 2.176782
0.02465536 1.723357
-1.041879 -0.04323858
1.15075 0.9716175
-0.6263246 1.249112
0.8819355 1.182568
2.619806 2.220927
1.653287 0.7284093
2.673224 1.886427
0.200234 3.026014
0.4259882 0.2603214
1.197619 1.507762
-1.322766 0.4412434
1.572458 1.157044
-0.3748276 -0.3550542
1.520479 2.056418
0.6957716 1.293614
2.487443 0.1901761
0.4202451 0.883896
1.605517 0.9666638
1.640854 0.6322155
1.574934 1.506059
2.291895 -0.4746211
1.03442 0.727388
0.5500725 1.781766
1.706684 0.4711633
2.036523 1.566109
0.1775367 -0.5657973
0.2555413 -1.001757
-0.8355087 2.480449
0.7632051 -0.2121348
1.812366 2.828789
0.7063009 -0.06135152
-0.6680036 0.838014
2.438784 0.2111281
1.435368 0.6916768
