0.6934578 1.830037
1.306012 0.2413922
-0.2174977 1.520519
0.7399285 1.713544
1.152893 2.590823
0.5739095 -0.2521134
3.075849 0.4112218
0.9568711 2.654539
1.194671 1.638984
1.883035 -0.1075115
2.501853 0.6248133
-0.006120137 0.9230054
0.9814634 -0.02239794
1.312992 1.122256
1.099049 2.61605
1.010105 -0.1244984
-0.614096 0.6175216
0.2747375 0.2720338
1.512582 1.194224
-0.06315042 1.32164
0.9869439 1.489627
0.8861948 0.05894323
1.098585 -0.6121903
1.431932 2.095191
1.140931 0.7102514
-0.03977501 0.182956
0.02186023 1.435966
0.8246101 0.1517489
0.114063 1.145457
0.9717303 -2.248498
1.432588 0.8837222
0.3371788 2.103702
1.080428 -0.4875959
-1.024596 0.3959792
1.000568 -0.4024845
0.80839 0.04073274
0.2634329 0.3148289
-0.05849613 0.8096104
2.118189 -0.434093
0.3275185 1.460821
1.748478 1.432091
0.3608773 1.406205
1.641424 0.840014
2.431477 0.1268517
1.09737 -0.6137778
0.4535621 1.22146
0.5262491 0.8925975
1.390896 -0.2102787
-1.343602 -0.1719401
1.991498 1.024689
