1.145495 -0.0452663
0.3818604 2.219258
1.738591 -0.2958799
0.8817757 1.152345
-0.4432809 1.934058
0.8130573 0.05172438
0.7615399 1.005758
1.162516 2.188825
0.9447648 0.3856189
1.004435 -0.4319238
1.30843 2.722843
1.177964 -0.02845539
-1.228019 0.7761445
1.093357 1.591369
1.384678 0.8585841
1.706139 -0.6793427
0.8998362 0.8520782
2.686351 -0.6602201
-0.3585817 1.953489
0.4664307 1.255834
2.573751 -0.01814729
3.468081 1.060602
0.8380496 0.9374916
1.470518 2.53917
0.3760181 1.881349
1.722542 0.109212
0.6671155 -0.2820155
1.420321 -0.988178
-0.8979184 -0.5533942
1.289989 -0.9857089
1.451439 3.667138
1.051159 0.4734754
1.865322 0.2444609
1.242249 -0.5037638
0.6955701 1.0817
-0.1796555 0.03299406
0.7612425 -0.4298972
0.490465 -0.9637157
1.788478 0.2242887
2.126345 3.139617
0.448314 -1.014729
1.365798 0.5478255
-0.1028186 0.7183178
-1.425777 0.4201311
1.194335 0.1479762
0.581656 -0.1341222
1.441328 -0.9310871
-0.4500541 0.1683879
2.99604 1.202173
0.7261528 0.3536267
