-0.7368721 0.226057
-0.3328258 -0.02145132
-0.1216399 1.196532
1.962115 0.6969757
-0.1827671 0.5879059
0.9530081 3.233159
-0.706083 1.316357
1.39294 0.8454625
1.213875 -0.6011825
1.935968 0.2555656
2.004848 1.122225
0.6543597 1.373294
0.3085132 1.768793
0.4131522 0.3364595
2.666383 0.03059135
0.7872353 2.238478
1.398034 2.436583
1.435327 -0.1899316
-0.2667985 1.570668
1.275716 0.8614271
0.4828651 0.7164016
2.104349 1.453119
1.854123 1.73677
2.735024 0.9660851
0.286424 0.5157422
-0.2625061 2.930095
-0.9503316 -1.267246
-0.1527287 -0.2687512
-0.7940394 0.7388248
1.784041 0.4623307
-0.1433651 0.1495706
1.830221 0.4220669
1.787859 1.083992
1.81351 1.013493
-0.2840757 -0.07655848
2.420756 0.8485339
1.135494 0.5904059
0.9744738 1.356642
2.092202 1.618183
0.1596914 0.5782645
-0.1397286 1.511458
-0.955849 2.388014
0.5784766 -0.4903179
1.729408 -0.3263317
0.8905698 2.358178
1.412987 1.956397
0.7223431 0.9154122
1.318703 0.1767611
1.803315 0.07509453
0.2719158 0.4304636
