-0.4457563 1.666291
1.139798 0.272643
2.111521 0.7293039
-0.3331997 1.17503
2.057749 2.112013
1.310073 1.167521
0.2911419 1.824756
1.329823 -0.5544611
2.183545 0.3108793
-1.146801 0.2696922
0.610535 1.724718
1.246331 1.212897
2.277287 1.032282
0.4344649 1.628449
0.8971331 -0.1399078
0.864422 0.2617828
1.107305 0.2860412
1.037943 -1.121663
2.364881 0.4233546
1.740033 0.3494906
1.920375 2.192586
1.519079 -0.4118141
1.267444 0.8319595
0.5127852 0.6751705
-0.09061341 0.4326144
1.181339 0.1670899
1.158151 1.366038
1.433368 0.02705023
0.7507296 -0.5303099
-0.1207197 -0.3008158
-0.3799082 1.21634
1.175097 1.401951
1.447095 0.3084086
1.923466 -0.4325159
2.270211 1.010261
-0.9753673 1.49786
-0.1437881 0.6839287
2.721993 0.4409924
2.252048 2.00265
-0.4360863 0.9495507
0.6977447 -1.202905
0.6929685 0.9521772
0.1221188 -0.2298102
0.2311151 -0.1191991
0.2277385 -1.312375
3.117894 -0.6775923
0.7596002 -0.8981205
2.564631 1.861648
1.964535 -0.5074119
1.012696 1.548397
