1.580812 -0.1429676
0.5731804 2.664336
1.871629 3.166024
0.4651641 -1.39089
-0.2354981 -1.184032
2.939762 0.2062269
0.5175669 0.2703293
0.5560757 0.490419
1.142609 -0.8040656
0.675584 2.841136
0.7815925 -0.224395
1.289315 0.9200105
1.854988 1.68181
1.638168 0.6500348
1.325839 1.171807
2.722689 -0.4007756
-0.04127669 -0.3171486
2.110822 1.912842
0.03647726 0.1755692
0.6657905 -0.1794312
0.9541772 -1.433104
0.5222892 -0.6226657
0.8333255 2.183785
0.5949084 0.2254912
-0.241792 0.6373315
1.43575 2.134535
0.2875375 1.048102
1.186985 0.8315073
2.575813 1.144255
2.854568 1.079071
1.334497 1.613512
0.3069216 1.777738
0.2911941 -1.596576
0.8465594 0.8308285
2.210946 0.5143463
0.8049539 0.369699
3.752327 -1.083947
-0.6174974 0.3358352
2.265021 0.8297343
2.106536 -0.03590123
1.591254 1.214361
1.539254 1.561999
1.756959 0.6347148
0.0569321 1.376718
0.9789645 -0.03392719
2.843187 1.392363
0.8937512 0.1330494
0.9272475 1.238044
1.474007 0.1873956
-0.4672711 0.6696269
