1.40665 0.8641828
1.453541 1.798234
-0.3478099 0.5462081
1.944253 -0.1413039
0.9716182 1.408228
0.6756389 -0.2348792
0.914284 2.070039
0.09754973 -0.3624449
0.3548729 -0.1710517
2.339558 1.953426
1.329867 0.9860827
0.5644614 0.7819211
0.6171479 0.2278688
-0.3569841 1.236918
1.782165 0.8540789
0.172286 1.193628
2.418309 -0.2228939
2.297098 -0.1650237
0.6110405 1.53238
0.5941536 0.8087098
1.712806 0.7639708
2.722512 0.2050841
1.35203 0.5965457
1.52754 1.830385
0.3432264 -0.449914
2.097449 0.4087654
0.06658018 -0.1883482
0.2279264 1.10912
0.4950529 0.2932159
0.2672059 -0.8309463
0.4285714 2.467412
1.314632 0.09442048
1.53912 2.449498
-0.4294539 2.640655
2.142623 0.1157761
0.8230656 1.612779
1.678264 1.083461
0.5184686 1.431156
1.299617 -0.09618562
0.7385202 0.700486
-1.190995 1.787893
1.301862 2.06465
0.08202147 1.361625
2.781864 0.2906282
-0.1777589 0.184869
0.03004911 1.072947
3.445836 2.873769
-0.5205814 0.3548454
-0.5462628 1.218332
0.5043864 1.585803
