0.6102041 -0.1814004
0.7743744 -0.2557575
0.5859172 1.37475
0.6279398 -0.6394776
1.13139 0.5677789
1.390638 0.500843
0.7633774 0.2746671
0.9593432 1.460543
0.3813026 0.09791581
-0.4030754 0.9251241
-1.441104 2.108844
1.297368 1.319823
1.320827 1.189929
0.9365661 -0.2593182
-0.3077347 1.605763
3.120935 0.7315461
1.799004 1.549553
0.8549209 1.82332
0.9553203 1.401445
0.7022322 1.433283
0.2188004 1.014409
1.698807 0.9026532
1.206365 -0.366347
2.089713 -0.4110764
0.04677541 1.258786
1.41852 0.546085
1.360271 0.2508332
-0.8216657 -0.7347462
-0.5460843 -0.8574829
3.227204 0.7655377
2.679345 -0.2797023
1.426648 -0.2466803
1.107993 0.7150788
-0.5984362 0.8603843
0.7927442 1.202502
0.2209917 1.435977
2.493487 -0.5703322
0.6751295 -2.557585e-05
2.728925 0.212862
0.7196403 -0.1934184
1.608804 0.1486912
-0.007978776 0.9507656
0.3299914 1.610567
1.925397 0.6312578
1.387167 1.103452
2.83256 1.068799
-0.1751226 0.8136874
-0.6165209 1.647251
1.085775 -0.5524084
2.199402 1.258768
