1.5258 -0.2796573
1.403539 0.001650634
0.5611158 0.04336125
-0.2142122 1.874018
-0.4020762 3.224059
-0.4869606 -1.760422
0.18767 1.039971
0.3080109 0.01903853
0.3068061 0.4853697
1.149743 1.288577
1.359305 0.3127988
0.5362933 1.638973
1.425113 1.710897
1.642703 1.536718
2.784081 1.271541
0.7127887 1.336064
1.143718 1.335692
-0.5262658 1.385972
1.12626 2.709419
1.835292 1.452235
0.7705638 1.457788
2.837384 0.0279999
1.636406 1.186742
2.462989 0.1430953
0.5743979 0.1659909
2.11595 -0.1557766
0.6155794 3.179928
2.902271 0.4696367
0.6988406 2.453352
-0.6083588 -0.3392593
1.596838 0.1119651
0.8303152 1.450978
0.9673342 0.4638144
-0.1094572 1.397042
2.119187 2.429718
0.5416704 -0.6162903
-0.1531652 2.824029
1.102167 0.7930068
0.8950619 1.221304
1.988259 -0.8104693
2.932608 1.527115
0.8916876 0.1060798
2.903697 0.4908506
-0.02511406 0.7449059
0.5040825 1.102384
1.673021 0.7037818
0.03839198 0.9885078
2.505999 0.6866304
1.087944 1.667766
-0.660294 1.875195
