1.314572 0.9474712
1.106293 -0.1083999
2.28644 2.148355
2.083331 1.521447
0.5074878 1.007489
1.774999 -0.09546511
0.8700208 1.631638
0.9947993 1.381015
1.448452 1.733119
0.6392664 0.4802138
0.9019401 -0.6778485
2.946482 2.161383
1.449878 0.6936398
2.143499 1.76835
0.9780711 0.2312328
0.8535536 0.8786678
0.9515175 -0.1178195
0.6578393 0.6072887
1.291626 -0.1044796
-1.476591 0.3299719
3.135635 -0.01713724
1.210703 1.835616
2.013095 1.350005
1.073069 0.5664413
-0.2609606 1.746049
0.9611547 1.212516
0.3848098 1.722665
-1.136544 -1.09817
3.772755 0.8886459
2.652482 0.6706713
1.337355 2.695857
1.654059 1.315111
1.014271 -0.7100119
1.665501 0.8739058
1.117404 2.08945
0.118943 -0.2093432
0.0398966 0.05659453
2.350335 1.583138
2.268082 -0.9608636
0.4361846 2.054185
1.939326 -0.4531877
2.89019 -0.8048412
-0.2471836 2.134225
-0.6023028 1.259577
1.70278 -0.2170848
0.0004527216 -0.7772922
1.22285 0.3393312
-0.3999142 1.503963
-0.1696108 1.874867
1.330125 -0.1463286
