0.4956755 -0.02998614
3.081815 1.083931
0.9340952 2.134518
2.106562 2.438054
1.341566 1.846915
1.907452 -0.4786087
2.554208 0.7081846
-0.7697479 1.061907
1.066275 2.445886
-0.5774392 0.1522587
-0.8308764 1.466397
-0.9682226 2.22771
0.676286 -0.9449914
2.318824 0.771544
0.5168509 2.125721
0.4989998 3.639679
-0.4657082 0.5692943
0.9910053 1.350725
-0.3546011 0.9188994
0.9541272 1.629756
1.864619 1.531991
2.545885 2.6116
-0.1769919 -0.3586635
2.182628 0.3135098
0.5939496 0.3606944
0.7228576 0.6318693
0.9227849 1.322444
0.1639714 0.5476221
0.9054368 2.268089
-1.419968 0.002229665
-0.06229148 2.110844
-1.271027 0.1954403
1.589467 1.319851
0.9822522 0.3641777
0.2908112 0.720956
3.792917 3.641965
-0.2657884 0.4894314
0.9893806 0.02946993
2.298685 2.650541
-0.1223609 1.907737
-0.09373652 0.3889814
2.051868 -1.690869
0.1970457 1.307363
1.744406 0.6377514
1.415891 2.220992
0.2375275 0.0112356
2.617208 0.9714773
-0.04811429 0.9812611
0.4924772 -1.192878
3.128354 1.792991
