0.4235414 -1.544326
1.394931 1.39482
0.1913051 1.165015
-0.2206403 1.080183
0.5683308 1.311395
0.3359115 2.395858
1.69576 1.341619
0.1550648 1.338429
1.414739 1.275688
0.7220929 0.02097505
1.731734 1.494395
2.712566 0.07536345
1.406737 1.306819
1.011399 -0.6350659
1.351863 1.827289
1.123308 1.227505
0.5347761 2.205175
0.4232215 0.8065899
2.650687 0.7159567
1.883735 0.3258514
-0.5143962 0.08064069
0.6798375 1.432857
0.7283137 0.769081
1.325917 0.3218953
0.336793 -1.843589
0.3283514 -0.7435601
1.528427 -0.3774032
0.5326208 1.827285
1.759561 -0.6573165
1.456831 1.547754
1.36385 1.280579
1.300528 0.6125933
1.971037 1.367148
1.463053 0.1774192
1.654249 0.8191715
-0.6001427 1.628954
1.970764 0.1820631
0.1486721 1.654523
1.160072 0.9781254
1.243349 0.4557192
0.7723553 1.659775
0.3333956 0.243016
0.004630981 -0.2859543
0.1068943 1.465267
-0.085993 0.03461581
1.130224 1.73444
-0.2486991 2.911661
0.3019524 1.027787
1.722824 1.268535
1.076285 1.18251
