0.7076994 -0.3351228
2.878439 0.5585116
0.9590614 2.383523
1.772411 0.2248169
-0.2512744 0.2928942
0.1153948 2.346714
2.153581 0.5365469
-0.5216704 1.287825
-0.02953611 1.827799
0.8343467 0.5887792
0.9436778 0.7748269
-0.2920178 0.6809798
1.304817 -0.06693297
1.30078 2.196846
-2.454757 1.963826
2.668154 1.760248
0.4769326 -0.3447883
-1.168097 1.425651
0.5055131 -0.1217821
0.2032109 0.4861919
1.990533 0.8447566
1.420056 -0.3291332
0.6182745 1.962866
-2.044756 0.0964171
2.744628 1.565347
0.7600754 1.819818
1.663426 1.339561
0.01387391 1.293348
1.237168 -0.5955844
1.217373 1.654872
0.2668792 2.115438
2.128241 0.09179479
-0.6313106 0.748507
1.289067 1.070028
1.232754 1.784853
-0.1923629 -0.06290166
0.7452351 -0.4359677
-0.2803423 1.292017
1.04015 0.4216411
1.226746 1.110201
0.5394609 2.331517
0.03777781 2.325524
2.399907 3.026523
0.8452853 2.07591
1.637937 0.6328559
1.75804 1.663417
1.967557 1.758842
1.809799 1.708078
0.5552198 0.4544531
0.4740177 1.345436
