2.732427 0.4058359
0.6358576 1.12979
-0.4272511 -0.5161681
1.941227 -0.2417765
1.039566 0.08926071
0.6414033 2.508653
1.276485 -0.3692053
1.018155 0.3122931
1.94265 0.3439375
2.372282 2.135463
-0.1155944 0.869405
1.136791 0.7937316
-1.551918 0.1416367
0.2118593 0.9596855
2.695714 1.61315
2.007669 2.187001
0.9423686 -0.3826681
1.076329 -1.241492
2.276573 0.2073108
1.321902 -0.4668533
1.809251 0.1694456
1.873857 1.44851
1.293817 1.623628
2.35264 0.1999433
1.06836 -0.6443551
1.305624 -0.7621717
-0.9787753 0.1087791
0.8658393 -0.02250228
-0.8324175 -0.0857753
1.150629 -2.139878
1.359723 0.7281584
-0.3040601 0.9681331
1.563727 -0.9609148
1.254588 0.5872632
1.684139 0.1423223
0.2490526 2.501877
0.476166 1.390899
-0.288945 -1.276828
0.8006366 1.584542
1.748112 0.4841768
1.039669 0.957988
0.4114108 1.409231
3.478387 -0.7235038
1.880036 -0.1584603
0.9048506 1.875467
2.070136 0.8507267
1.910867 1.27533
-0.189323 1.615691
2.324474 1.382301
-0.4247233 -0.8487001
