1.203272 1.164567
2.395263 1.803272
1.434936 -0.5844144
2.361331 -0.794328
0.9680927 2.409072
1.842035 1.064635
0.2218678 1.025891
-0.5400691 -0.1528416
0.4277649 -0.1709743
1.442374 2.445009
0.928238 0.7229727
0.9979494 0.1967371
4.199206 0.5403432
-0.121391 1.776276
-1.318505 1.807016
2.010305 0.2686051
-0.20017 -0.04349366
1.599739 1.463488
0.9385347 1.174857
0.6308516 0.9922204
0.9527025 -0.06740406
0.2862914 0.577252
2.618479 0.3011077
0.7159551 1.492134
0.2777415 0.1355457
1.303329 -0.5744094
-0.4654129 0.2678417
1.875854 0.4360712
2.609606 0.9970404
1.642538 1.196321
0.7431912 0.4555621
0.2001099 2.439023
1.624729 1.72235
1.451743 1.088954
-0.2768859 0.01094791
0.3735951 0.6396472
0.8812339 0.9123662
0.1623825 -0.2925393
1.37259 0.5322034
0.2717307 -0.6795954
-0.04457912 -0.245903
1.620997 2.423484
0.04888688 0.420887
-0.621238 0.9281561
1.056376 -1.352047
3.027021 1.805722
0.139794 2.519514
0.01506461 -0.06734546
0.9151372 -0.2120836
1.287259 -0.1577734
