1.624889 2.339967
-0.1908184 1.381553
-0.2310361 0.06559022
-0.08662544 -0.08102344
0.2042666 1.450106
-0.05657681 2.174842
-0.2779515 0.6214767
-0.7180687 0.4684178
2.011636 -0.6615603
1.232007 1.257168
0.8026465 0.1783968
2.439593 0.691927
1.024189 0.8100992
0.6733338 1.745295
-0.5081485 -0.09335822
0.7164837 1.76263
0.02079252 1.178116
0.4006215 0.3899902
0.5242275 -0.3050479
1.77162 0.6086896
2.144834 0.00378921
1.408486 0.6977297
0.1346503 1.618631
0.6363134 0.8185652
1.842835 1.385727
0.5477761 0.04936403
-1.482907 -0.6838265
1.704491 0.4578427
1.357511 0.6551246
1.747339 0.3643466
0.3451624 1.30633
0.0460028 1.84919
1.147994 0.0973182
-0.3474844 0.9683673
0.9216722 3.108467
-0.6391843 0.6568047
1.648072 -0.6986291
2.479944 1.68248
-1.329562 1.77474
-0.7336515 -0.2585438
0.2104895 1.158389
1.716223 -0.6424246
1.721521 -1.41311
2.47937 1.650739
2.571695 -0.8663071
-0.394117 -1.234687
3.925952 0.4944675
-0.3713472 1.2929
-0.7227318 1.765674
0.3920822 -0.6622789
