1.868858 1.13538
0.8079729 2.027343
1.591232 0.7883599
0.4527895 1.627583
1.897709 -0.4361581
0.486978 1.139886
-0.1410268 -0.9224165
-0.474304 1.901139
1.555587 1.389757
-0.01832416 0.7463215
1.167459 -0.1107329
0.008643451 1.720516
-1.36811 -1.518663
-0.8848888 0.7741368
3.131558 0.8002219
1.816621 -0.3382152
0.6330744 0.9834425
0.8068601 1.440287
1.499281 2.419734
1.025387 -0.1203153
0.2020116 0.5484525
1.346764 -0.4501003
0.3224057 1.751166
-0.07689172 1.783212
1.997008 0.4359077
0.07905373 -0.1039745
-0.318131 1.920208
1.983283 0.4282489
0.194936 -0.6591732
1.114745 0.5640591
2.27394 0.6495145
0.0439984 0.5234274
0.8616641 2.023491
0.3808377 1.13904
0.1506662 1.760669
-0.6004107 0.09761551
-1.159545 0.7232696
0.7912353 0.9238504
1.149781 1.758128
0.3034306 -0.4743392
0.3737089 0.3328621
-0.3473911 -0.8352663
0.5787133 0.5099411
0.6353341 0.9594463
1.48861 2.326051
0.7779057 0.302207
0.8662094 0.9516071
3.122521 -0.03463796
1.544062 2.123783
0.1705829 1.632918
