0.01456774 -0.2216238
2.138976 0.2665083
1.373561 -0.2673009
1.396244 0.7748387
2.983954 -0.03360514
0.1838745 -0.1382577
-0.9165929 -0.8238502
1.241169 0.03148798
0.7936668 1.122474
1.599886 1.309161
-0.1168235 -0.3988827
0.2123412 -0.005159646
0.8828536 -1.603712
1.644737 0.9286952
2.172528 2.265865
1.150458 1.820024
1.748093 0.7258985
1.247403 -0.2784184
0.9428077 1.605337
-0.8967093 0.8231492
0.2061679 0.1275766
-1.593471 2.030454
1.599118 -0.2671996
2.217655 1.864273
1.238788 1.740405
0.1010863 -1.162401
1.197808 1.554567
2.371374 -0.3986261
3.600371 2.08796
1.125354 1.46469
2.436688 1.512215
0.194465 1.391578
0.0357474 0.7063326
1.312107 -0.04796563
-0.5515335 1.678116
0.660482 0.465321
-0.08168212 0.6115439
0.1515932 0.1403377
1.192066 0.3563764
-0.1258299 -0.3808829
0.7346197 -0.828332
0.3900933 -0.2050951
0.08677717 0.799521
1.846596 -1.199464
0.7912942 -1.440624
1.952172 -0.4149294
0.2395881 -0.2985053
0.8141885 -0.97655
-0.0008693992 1.908913
0.9204711 -1.159905
