2.70666 1.318448
1.771115 1.486537
0.890199 1.608702
0.03773297 2.9672
1.262859 1.466422
-0.881924 1.599497
1.647502 0.2945948
-0.3223448 1.495705
2.023945 1.204651
1.02362 0.4491828
1.013852 1.10088
0.8413666 0.7470443
1.774627 -0.2848719
0.3043945 0.2183018
-0.1228779 1.370085
-0.2871888 0.7544679
0.4173632 1.597293
0.9356181 -0.7455541
2.286829 0.2048169
-0.2263214 2.497994
0.6881653 -1.168204
0.03334885 1.016949
0.9602637 -0.1980338
2.47595 0.05795896
0.3390461 0.4670771
1.269383 0.6452445
0.6106859 0.6250922
2.343683 2.672513
0.9795156 -0.4591896
2.379627 0.1966322
1.494055 1.658435
-0.2555867 0.3671357
1.685987 1.882288
-0.1432397 1.825633
2.392176 1.872443
1.039482 0.0916177
0.1848752 1.270564
-0.5936402 1.910477
-0.4264545 1.798849
0.6171775 0.3687706
1.362912 1.447219
1.016867 -0.06903984
1.992332 1.781968
1.316089 -0.7997934
1.354943 0.4802101
0.6415192 0.2662692
0.9871848 -0.4287208
0.9081647 0.5117965
0.838976 1.909493
2.222679 -0.2171262
