1.390127 -1.0602
1.175508 1.227613
1.25027 1.965476
2.040544 1.707846
-0.6918811 1.880826
0.03368182 0.8869976
1.033824 -1.336242
0.5094311 0.9333009
1.0947 0.616796
1.426829 1.363992
0.3250352 -0.3754019
-0.3396525 1.350445
1.513102 0.9243191
1.421978 1.254246
0.8061203 1.943045
2.041408 0.5361918
0.7337364 0.8569954
0.3985964 -0.2620235
1.144762 2.546373
0.8241271 0.8646291
-0.6932196 1.906126
-1.017079 1.148155
-0.7596099 2.003333
1.178407 1.096813
2.105724 0.2506567
2.613584 1.427162
1.252482 0.264153
1.41302 0.6573314
2.496661 0.1562958
1.454262 0.3327214
0.3742674 0.6617161
1.647105 0.6213142
0.9292972 1.985182
2.24299 2.019729
0.6520432 -0.3021424
-0.2604139 0.6667888
1.79961 0.6309265
0.9041916 0.002374925
2.000391 0.8500376
1.790452 1.726141
-0.9405041 -0.2526072
-0.5560738 -0.1623269
1.064578 -0.1036706
1.428874 3.027776
1.222323 1.157281
0.008622695 1.460857
0.2233806 1.380083
0.8304183 0.9820128
1.89266 0.6305962
0.5551214 0.6647149
