1.057968 -0.4922719
2.31536 0.3526799
0.06132582 1.393289
-0.8131395 0.2077061
1.783036 1.321686
1.571254 -0.4212551
1.69482 0.8362529
1.102471 0.4284901
0.06197689 -0.3933391
0.611298 0.3248892
0.2021862 1.085708
1.327854 2.710629
1.316641 -0.3586355
3.235919 1.124794
0.5402789 -0.5212383
0.5375426 0.4391082
1.79233 1.530768
0.9902029 0.0524382
1.34559 1.166018
1.507856 1.655085
0.8274561 -0.6050826
0.3632785 -0.00937005
0.573094 -0.08199682
1.992404 1.575998
0.6330377 1.838948
0.6349239 -0.7594324
2.825829 -0.4010088
1.863551 0.6569705
2.59664 -1.334728
1.363289 0.1890944
1.916689 0.5433366
1.079138 -0.5943528
0.4691382 0.5751008
0.8128528 1.26101
-0.746534 0.467692
1.09914 1.13238
1.605627 0.9010626
1.297774 0.1700816
-0.1914632 0.3624617
0.5403191 1.098059
1.203166 -0.2067617
2.723543 1.199525
0.470114 0.9977935
1.28209 1.379303
2.462093 -0.02163935
2.417036 -0.787619
1.791059 -0.4660568
2.244549 1.82918
0.4149827 0.7365754
2.006799 0.1433055
