-0.09425784 0.8938759
-0.01859538 1.201011
0.43907 1.339248
1.896205 -0.9796377
-1.011223 -1.031008
1.012544 -0.9149154
1.123683 2.174179
-0.1785904 -0.06562149
3.052161 2.479702
0.405811 0.8909442
-0.309303 -0.7221978
1.601023 1.76819
1.521987 1.404919
2.21469 1.04894
0.785396 1.546373
1.448611 0.7845426
-0.7435412 2.429438
-0.6494331 0.4698007
0.1457943 -0.6192569
1.404797 2.459656
0.9774354 1.026192
-0.4663082 1.227926
2.311245 2.303462
1.980662 -0.02012161
0.5412184 1.760769
1.067051 1.546326
-0.8051732 0.1521416
0.3230694 1.768699
1.676268 2.024107
1.15115 1.116203
0.6992809 2.209646
1.661937 1.344263
1.410658 1.763323
0.2919066 -0.2587694
3.093979 0.3745896
0.2337785 0.2851093
0.07632805 0.838548
2.048503 -0.7888927
0.9210192 1.41538
1.854266 -0.6327258
0.8310999 0.3255186
1.392388 0.3065396
0.7244458 -0.3719208
0.8773446 1.145925
1.859985 2.944267
0.6114136 0.9176117
2.021208 -0.5608299
-1.255222 2.591076
1.24876 1.128177
-1.02304 0.445087
