2.120602 0.4769025
1.082073 1.273546
-0.01374314 1.794781
-0.1888921 1.713926
1.394309 0.3469345
-0.08904762 0.03151614
0.662892 1.239758
0.5739032 0.2217738
1.34211 1.30307
-0.4845187 -2.037543
2.105931 0.4263313
-0.06770996 0.3903776
1.629559 1.314251
-0.3637429 0.5878785
-0.5146206 -0.01768217
1.612475 -0.6644714
1.258134 0.02602922
0.7059313 0.5219354
1.393443 1.309363
1.477139 0.4020185
0.3184966 2.283241
0.6701003 1.059061
-0.2631426 1.179647
0.0786083 1.272801
1.313155 0.4045279
0.9986909 0.3926978
1.321566 0.2154896
0.08174872 0.5972149
2.992862 0.9054672
0.8199057 0.6744562
1.827363 1.697961
2.04478 1.3068
0.02843331 0.9319457
0.4789368 -0.05239463
0.6870627 0.3648997
1.050178 0.9749428
-0.8256499 0.2918067
-0.3827507 1.703638
0.7550644 1.439824
1.49354 2.236372
2.008034 1.193074
0.2262881 1.398537
1.192146 1.41497
1.446434 -1.367329
0.4809193 1.002162
0.9908832 0.2591416
0.6753013 1.789938
3.300488 1.78043
1.780882 0.7512499
1.694226 1.584973
