1.398334 1.014168
2.107131 3.686121
2.607302 0.5472236
2.596169 1.437345
0.3612492 0.2690926
0.451897 2.551022
-1.276862 1.166634
0.5865351 1.950046
-0.3084113 -0.9246311
0.1757285 -1.538134
0.7050558 3.029337
0.69123 0.208381
0.6186617 1.786659
2.189902 1.725642
0.9728819 0.1941682
1.70799 -0.4932177
1.192291 -0.4068559
0.3324877 1.656653
2.573974 0.9687153
1.744598 0.6311841
2.913792 1.621643
-0.2510907 1.875872
1.422185 1.415634
0.7334642 0.7075142
1.574599 0.4481082
0.2328535 -0.6402851
0.8919383 -0.2172658
0.8365783 -0.02047815
-0.06815783 0.05462497
0.5415213 1.180951
1.718446 1.497408
1.560436 0.04732946
-0.9298308 1.198851
-0.7442903 1.731232
1.115604 0.09633671
1.479588 1.823504
0.03847495 1.167008
-0.3808284 0.738748
0.2375737 1.652646
-0.09900814 1.929383
2.404157 0.05367615
1.025796 1.80483
-0.7939489 2.311975
-0.07345318 2.317068
-1.719626 2.416405
1.922754 -1.744222
-1.477613 0.8890875
0.5886048 -0.8349548
1.354503 -0.247666
2.281178 0.9843048
