1.804261 1.498929
0.7511481 1.460385
1.087851 0.9418055
1.71923 1.593595
-0.2674358 1.004482
0.8261477 -0.4063876
-1.490996 1.616449
-0.1671821 0.1498223
-0.9220726 0.4593411
2.014179 0.02052798
0.2696535 0.6364355
0.8747122 -0.1372922
0.5799474 0.620095
2.665234 0.6189235
0.726539 1.7726
0.9876777 -0.04962129
0.5640075 1.257786
1.31643 1.459848
1.664323 -1.336831
0.8292373 1.445699
2.008862 1.580468
1.49645 1.340365
1.094742 -1.930021
0.5609729 -0.5725769
0.7706258 -0.3217498
2.284532 1.975597
1.196069 -0.1375301
1.861295 0.6168498
1.553935 1.085521
0.9628374 -0.4599405
0.4647341 -0.118415
2.25038 1.335987
2.682081 2.532068
-1.048304 0.6977851
2.76851 -1.055117
2.143646 2.615396
2.724185 -0.8640792
0.3727278 -0.9426718
1.519968 0.6444495
0.6245983 1.027766
1.461411 0.7897745
0.4832962 0.608926
2.789711 0.2589632
-0.1352453 0.08703634
1.500472 1.689773
0.326743 1.023829
2.174224 1.845295
0.1370247 0.3286772
0.3173775 1.219438
1.246881 0.6229577
