0.7866422 0.8474247
-0.4040845 1.405928
1.790442 1.156174
0.8674122 0.8903783
1.336227 2.939357
1.246411 0.6466184
2.505484 0.8838042
0.6489758 0.1876171
-0.6496337 2.276132
1.582937 1.660597
2.157735 2.261813
0.9938143 -0.0464306
2.891734 0.4094312
1.127003 1.902675
0.5805519 -0.01933222
0.5107428 2.693182
2.049729 0.6923154
0.7914871 -0.07758787
0.9685504 2.128455
0.1020164 -1.179536
0.6052963 -0.7997223
1.068508 1.861384
2.147325 0.1565874
2.195226 -0.2246913
0.9127139 2.235063
0.05694477 0.851913
0.04366318 0.001720063
1.748155 -0.3077189
2.015329 -0.2012708
0.6059326 0.2509065
-0.03059482 -0.9695208
0.5036631 1.391046
1.685734 -1.401747
0.08052836 0.9094545
1.073638 -0.06834718
0.8013992 -0.2338427
-0.670069 2.20727
-0.4845632 -0.02980371
0.6275261 -0.03776528
0.5746954 0.3341018
0.7662812 0.7871028
1.175879 1.018563
0.009797421 2.244029
1.847218 2.079317
2.42957 1.715506
1.465904 1.609315
-1.29274 1.330299
1.742642 -0.2845301
0.9769869 -0.6261175
0.8651331 -1.285312
