1.472408 0.632024
0.3089433 0.845132
-1.189947 1.002337
1.614836 -0.09178152
1.257436 0.1069364
0.1263907 -1.144662
0.3651438 0.3824994
-0.826484 -0.01772166
1.586901 1.666464
2.013502 0.5746286
0.4456311 0.3416761
0.4863009 0.6868247
0.3422047 1.288401
0.787418 0.5761995
2.575745 0.8222156
1.088744 1.387653
1.272817 0.01578551
0.1131011 2.455407
1.723896 0.5551359
1.258957 1.253045
0.7192326 0.886449
1.491097 0.01363842
0.2515055 -1.089609
0.4134783 1.923988
1.056714 2.174174
-0.2355035 1.197682
-1.298094 1.644612
2.832874 1.02684
1.2375 0.6308127
1.11289 0.2871897
1.683337 0.03422625
0.3569011 -0.7515172
0.7958265 1.516884
-0.08156099 0.6210901
0.8978717 0.2947163
1.252861 -0.1554529
1.078951 0.9496016
3.537788 0.9825436
-0.02348621 1.276412
2.326702 0.6224044
0.002860083 0.2901738
1.700143 1.187889
0.985286 0.2887152
-0.9773532 -0.3590296
0.6154233 -1.454797
2.123043 1.820317
0.8076972 -0.1715708
0.5550717 2.708567
1.825079 1.905374
0.9054101 1.581406
