1.532462 -0.1448655
0.3000076 -0.3653079
1.905462 1.700143
0.425141 0.2438096
0.3156855 2.712736
-0.3371578 2.95272
-0.1494104 2.079396
2.156731 1.7688
0.5990338 1.818576
-0.2346423 -0.7949731
1.934296 -0.643545
1.029889 -0.7589829
-0.4201994 0.2568924
0.8176728 0.7902064
0.860988 0.2409114
-0.2979539 2.106975
0.3608387 2.008507
1.153722 0.6821448
1.486073 0.2298736
2.295465 0.7394435
-0.6560118 -0.1150009
0.7481809 1.006108
1.914183 1.421089
0.02029567 1.076693
2.341604 1.230137
-0.2862653 2.559758
0.7913827 -0.32075
-0.6806057 2.897899
0.7840309 -0.3683676
2.665826 0.3312738
0.274464 0.1344856
0.8505674 0.1542727
-0.0108792 1.864311
0.2573395 0.6142307
0.9478598 1.127069
-0.6124816 1.897871
0.3492825 0.6164513
1.949327 -1.714618
1.244291 3.0495
1.302174 0.1189618
0.8317216 1.442588
0.7691027 2.277676
1.136719 1.091486
0.6854651 -0.195717
1.114253 -0.7364682
1.380687 1.446358
1.068356 1.816116
-0.09682996 0.7380136
1.894607 -0.3004204
0.7310727 0.05657374
