1.032646 0.3075482
1.597229 1.266581
-0.7298511 -1.344298
2.110797 3.071904
0.08338697 -1.537617
0.5963384 0.09507843
1.296504 1.32701
0.4248914 -0.07230783
0.5007978 0.09616376
0.7532774 -0.3965865
1.574304 0.5606007
1.509088 0.9691846
1.570503 1.813729
1.365611 3.68361
2.496973 1.877257
0.661033 -0.4146663
-0.006995862 0.4445865
1.672725 -0.2888684
1.674368 1.090414
-1.319264 -0.4027893
0.2903714 -0.03089954
-0.2905307 0.2691198
-0.4698456 -1.336548
0.2307773 -0.7970524
-0.07294913 1.553264
0.06644285 -1.780213
0.3594012 -0.2734972
1.489643 2.29764
0.3229412 0.6027757
1.893912 -0.2608762
-0.2938776 1.756961
1.41756 0.1554909
-0.1680134 1.203907
2.501829 -0.765562
0.0781891 0.8640024
1.233843 2.136467
3.091844 1.507201
1.541743 0.9070346
0.4060157 1.196802
0.7259533 2.136496
2.005045 0.8368071
1.663158 1.548369
1.389681 1.62554
0.1603243 2.57037
-0.03038849 1.612733
0.1415849 0.6316277
0.9987979 -0.9779304
2.4585 1.252734
2.420736 -0.6174574
2.108508 1.470697
