2.30355 0.08536701
0.238397 1.012818
1.30527 2.420498
1.24359 0.1443252
0.3883183 0.3793676
1.06946 1.394921
0.9544192 1.190968
0.2247396 0.8538668
1.016247 1.009196
1.269476 0.8288082
1.107254 -0.4731625
2.280003 1.709551
2.935749 1.413154
1.64931 1.802276
0.4403412 0.5239435
0.3552384 1.429355
2.305146 1.902366
1.13164 2.664308
1.447967 0.6861544
0.1500389 1.537494
0.2600874 0.6130946
0.2666548 0.774376
-0.768808 1.165472
-1.576048 0.3077768
1.141401 2.400926
1.90573 -0.4804703
1.39129 1.037394
1.374767 0.7934769
0.7337329 -0.321704
0.5936355 0.8252886
0.4534895 1.268144
2.564961 0.2900705
2.344435 -0.6998252
-0.2614214 0.04058345
0.6562406 -0.8780049
-0.3735397 -0.234295
0.9701587 1.54104
1.884249 0.8310835
2.64576 0.7692925
1.157128 0.504943
1.573956 0.1326726
1.772891 1.010305
0.7517405 1.184032
3.228612 -2.52637
0.8279725 0.2463731
0.115386 2.116244
0.3066153 0.6931007
0.4527217 -1.390169
0.8903218 -0.1059337
2.787716 1.41889
