2.047066 1.151945
3.48931 -0.4008446
1.888054 2.073375
2.754153 -0.3893812
1.322912 -0.140849
0.1588436 2.563635
0.9026569 1.475115
1.160731 1.408646
0.5545104 0.3486409
0.2967979 0.1936133
1.81272 1.544267
1.22811 0.03964229
0.5674411 1.266006
1.633211 0.2101836
2.282948 0.8292899
0.7162446 -0.1241584
3.15777 2.067593
1.15554 0.7532786
2.110426 0.9070738
2.442613 0.7178741
1.130234 1.676504
0.4467024 0.3751902
-1.624741 1.102651
0.8430255 -1.485525
1.644476 1.664911
0.06276378 3.081062
1.007469 -0.1641055
1.707313 0.8877751
0.09091272 -0.2399412
1.050339 0.7858815
-0.1771573 1.337537
0.9253711 1.299736
0.8850792 -0.1616201
0.2037481 1.004862
0.3514148 1.70206
-0.4601985 1.037542
1.227021 1.924444
0.3931444 0.5387187
2.788972 0.3677325
2.41892 -0.1114611
-0.8120944 0.6606033
1.63833 0.6027686
2.064587 0.5683962
1.677154 0.6454079
0.3932155 1.396206
0.1166029 1.095932
1.14803 1.123607
1.019335 0.9144544
1.391088 0.348843
-0.1060212 0.114795
