-2.060957 1.603032
0.8906704 -0.7682304
0.3665752 1.618092
0.2608319 0.7030519
0.7643667 0.6076975
1.39368 -0.736947
1.088519 1.784872
1.232515 2.14155
1.803744 0.4475808
0.624747 0.7444782
-0.5034204 -0.4010242
1.391897 2.251432
0.4517147 1.482259
0.4025356 1.944807
0.7358692 0.5106699
2.304992 1.567598
3.310867 1.335537
2.385036 0.7417381
2.658264 -0.6084428
-0.44313 1.000157
0.3763504 1.102639
0.2409048 0.6785383
2.013042 0.4848847
-0.08375513 -1.311384
1.983733 1.01617
0.3250441 2.121543
2.193117 2.09368
1.938648 2.12875
0.8814405 0.8944583
-0.5907861 1.436628
0.7269817 -0.3769069
1.637427 0.5038804
2.188416 2.251888
0.80473 -0.1701751
0.9326052 0.4735781
1.562381 -0.3198107
0.260596 2.775828
1.959214 1.497842
0.09296748 1.016874
0.5386021 0.1168371
-1.421785 -0.6560432
3.160744 1.247888
0.6624083 0.2821357
3.354089 1.387871
0.5430449 0.795157
2.954956 0.6460447
0.6794014 -0.5190646
2.198181 2.456963
0.8003115 0.227891
0.3430314 0.4414084
