0.9203849 0.895704
0.6931863 2.609565
0.5210331 0.7458677
2.051033 -0.7398322
1.421157 1.396408
0.733829 1.831509
-1.359665 0.3439093
1.517765 -0.3459931
1.632314 0.3063011
2.772601 1.766056
0.04542233 -0.1515457
-0.3151445 0.1824105
-0.09137229 0.7949124
-1.429369 2.306157
0.4755234 1.20869
0.00452741 0.5067969
0.8108367 2.008587
0.1856109 1.68198
2.076977 -0.701664
0.6865744 0.4970451
0.8348192 1.991037
-1.279256 0.5987543
0.9607664 3.302364
-0.5803728 0.4734078
-1.216198 2.053713
1.797994 1.291688
3.717971 0.2366043
0.08129879 -0.07903484
0.7544326 3.337716
-0.6674534 -0.5067183
1.161104 0.5513727
-0.2132792 1.293959
2.482243 1.108997
1.96625 1.109725
1.217496 2.266569
0.3628302 2.523367
0.3540205 1.471414
1.28729 0.816292
2.45156 0.5822444
0.8284148 0.1879676
-0.4479021 1.263792
1.787295 1.813493
1.48381 1.283043
1.131206 0.436693
0.9736311 1.775253
0.8834375 2.123414
1.486953 1.150501
2.022813 1.31007
0.4451962 0.6641615
1.248565 1.055231
