1.738643 -0.2920333
1.236104 0.6123552
1.145835 1.046515
3.401977 -0.7120334
2.45534 1.186601
2.287371 0.7593158
0.9274882 1.343195
0.4376335 1.240022
1.081891 1.148874
-0.1345633 2.14932
2.372385 -0.1987826
0.4965712 0.6409029
2.113181 2.569128
1.548796 2.659077
-0.7650491 0.1963814
1.267178 -0.7871704
0.2434171 1.135458
0.4221021 0.7114701
2.004304 2.114313
0.9868751 1.774308
1.149402 1.823803
0.6128238 1.332649
1.125547 0.03462884
0.2841623 0.0009819388
2.154926 1.107246
2.120641 2.364706
1.767446 2.056077
2.207373 0.9736651
1.355771 -1.266605
0.9859102 0.9300143
0.9461837 1.541282
2.233565 1.490913
0.4483608 0.3143097
1.985701 -0.960827
0.6634678 2.448796
-0.3072898 0.8318506
1.352609 1.282875
2.428354 -0.1490097
-0.4796122 0.5588576
0.7898465 0.2373082
3.097778 1.80438
0.5019323 1.370275
-0.6271513 1.361663
1.134876 1.229721
1.264872 0.3253797
2.582165 0.7375564
0.689733 0.4748293
1.56959 -0.602218
0.9290173 -0.07696333
1.998335 1.009696
