1.952455 0.01447868
1.272713 1.85114
2.524495 0.5860212
2.538456 -0.7450102
2.675301 -1.120966
1.952533 2.687876
1.683554 0.1299663
1.184744 3.10279
0.3208705 -0.1977957
0.8823749 -1.888683
0.03421377 0.6568856
1.243722 0.8629796
1.377595 -1.211913
0.8692289 1.888032
0.5057132 -1.066067
-0.7402436 1.93418
0.4341982 1.158594
2.313929 0.9855557
0.912106 2.075899
0.2015069 1.546328
0.4463078 0.0364678
1.193725 0.97522
0.9135312 0.4924195
0.8057259 1.845051
0.329916 0.1003356
1.619572 0.9054849
1.155193 0.7194332
0.6908488 0.4007256
1.562494 -0.03260146
-0.121256 0.9653664
1.163852 1.802752
0.9149569 0.6116838
1.209562 0.9317594
1.010962 1.817657
-0.1494381 -0.2098552
1.638302 1.162774
2.171297 1.415452
2.149827 -0.3367234
-0.3177743 0.1853658
0.4646943 0.0956541
0.07604579 1.549273
2.310636 2.585159
0.7743413 1.084967
1.167291 1.484496
1.094594 0.9982995
-0.1592352 -0.1381349
0.4450031 -0.2378957
-0.3852172 2.36422
0.805883 1.56199
1.327076 -0.0691355
