1.383798 0.4446033
-0.138465 -1.020972
-1.227201 0.7175501
0.4961887 -1.794014
-0.07926254 2.370896
1.466284 0.8685264
1.234583 1.283669
-0.686767 1.626047
0.1973953 0.02390771
2.499496 0.5313112
0.4570925 1.8718
0.7151394 0.5471615
1.489388 -0.4912251
1.833135 0.2561455
1.689795 0.2567054
1.276238 0.166401
0.8682858 1.180641
1.547185 -0.4843386
0.4304776 -0.2813241
-1.182142 1.525381
1.315927 0.7774857
-0.01937537 1.258554
0.926524 0.7422449
1.685859 0.70888
0.884107 -1.448479
0.2483032 2.188008
0.1466392 0.5444752
0.2062312 1.222425
1.514224 1.626091
0.6337342 2.063931
-0.002827364 1.786281
-0.6409943 2.404768
1.59801 2.982756
0.9270221 2.33928
1.147894 1.448291
0.9422442 1.518881
3.140554 0.1858055
0.3564861 -2.154202
2.118441 1.343032
-0.01167366 0.6878669
0.07885071 0.6805452
2.530986 -0.6970283
1.840411 0.3245739
0.8247699 1.314266
0.9375456 0.471666
0.5116889 0.01465262
0.1901774 1.696815
1.769405 2.687061
2.173444 -1.016514
1.321014 1.587263
