1.786855 2.163269
1.283007 1.906777
0.007752604 1.592063
0.5081601 1.278996
1.536946 2.23081
1.578288 1.551001
0.4191113 0.3707476
1.281506 -1.103406
2.252129 -0.1811873
1.992688 1.752231
0.1040693 1.335187
2.173542 -0.02000306
0.5603068 0.9478831
3.388533 1.573535
-0.5628845 -1.729482
0.8525713 1.547569
0.8991523 0.333765
0.2961047 -0.07972675
2.783103 -0.7427547
1.828773 0.2994507
-0.242547 1.733762
1.845831 -0.5432086
1.36543 1.395869
1.4282 1.402149
1.144946 0.4076631
0.121828 1.578141
0.1946921 -1.015437
0.2917691 0.4784047
2.063824 -1.050407
0.4565228 1.765966
0.3872056 1.730627
-0.2757235 0.9432633
-0.1812512 1.752809
0.5193114 2.169204
1.554645 2.473068
1.559566 1.170995
0.217589 -0.7445736
0.05223857 2.265083
1.799237 1.491224
1.086371 1.854567
-0.006179537 -0.5464792
0.02704805 -0.1432429
1.20313 1.715513
-0.420469 0.6605546
0.9826556 -0.3556897
2.574737 0.5706724
-2.116845 1.328638
2.180925 0.1116712
1.052154 -0.2630896
2.209972 -0.333022
