1.057968 2.012468
2.31536 0.3339889
0.06132582 1.569609
-0.8131395 -1.296267
1.783036 -0.8576628
1.571254 3.26117
1.69482 1.415329
1.102471 2.374383
0.06197689 1.483775
0.611298 1.242958
0.2021862 1.731128
1.327854 1.720862
1.316641 1.854232
3.235919 -1.27335
0.5402789 -0.01951205
0.5375426 0.59262
1.79233 -0.2214276
0.9902029 2.557932
1.34559 1.468107
1.507856 1.01411
0.8274561 1.664767
0.3632785 1.644584
0.573094 1.135454
1.992404 0.3507492
0.6330377 1.455649
0.6349239 0.0352179
2.825829 -0.5177524
1.863551 1.5669
2.59664 1.153161
1.363289 1.711336
1.916689 2.557229
1.079138 1.948107
0.4691382 0.8261912
0.8128528 0.4840397
-0.746534 1.050437
1.09914 1.105073
1.605627 1.590018
1.297774 0.8878439
-0.1914632 0.2335511
0.5403191 0.1870803
1.203166 0.1703212
2.723543 -0.183124
0.470114 1.134184
1.28209 -0.3627269
2.462093 0.4914728
2.417036 0.5780816
1.791059 0.5259667
2.244549 0.5992675
0.4149827 0.04456244
2.006799 0.4737679
-0.2922719 2.533451
0.5526799 2.047506
1.593289 -0.2924922
0.4077061 4.072749
1.521686 0.8027366
-0.2212551 1.194125
1.036253 0.4182906
0.6284901 0.5512141
-0.1933391 2.308587
0.5248892 0.4368994
1.285708 1.415433
2.910629 -0.02414599
-0.1586355 -0.772547
1.324794 1.871265
-0.3212383 2.087448
0.6391082 0.7664153
1.730768 -0.006510984
0.2524382 1.576165
1.366018 1.429316
1.855085 0.4977221
-0.4050826 0.2860886
0.19063 -1.034904
0.1180032 -0.3895434
1.775998 1.633501
2.038948 -0.3028144
-0.5594324 1.046426
-0.2010088 1.272911
0.8569705 0.9781569
-1.134728 -0.5130987
0.3890944 0.2519835
0.7433366 0.6721628
-0.3943528 -0.4795359
0.7751008 1.578233
1.46101 -1.20568
0.667692 1.588444
1.33238 1.008867
1.101063 0.6918653
0.3700816 1.64055
0.5624617 -0.03280985
1.298059 2.12638
-0.006761734 0.1882394
1.399525 -0.0852353
1.197793 0.2774308
1.579303 -0.2448846
0.1783607 0.7266257
-0.587619 -0.362378
-0.2660568 -0.0369343
2.02918 1.793135
0.9365754 -0.008849278
0.3433055 1.055477
