1.431396 0.7858853
2.135592 -0.8616774
1.867895 0.4367938
1.722234 -0.05964256
-0.06810523 0.2979731
0.8323255 1.70705
-0.1738901 1.540304
1.476368 0.5123687
1.239334 2.34608
-0.06423665 2.512804
0.4166149 0.5157707
2.696398 1.342373
0.536803 1.598023
0.248914 2.31541
1.118708 1.238775
2.172112 0.2525708
1.332107 -1.783206
0.7593618 0.7005241
1.648211 0.6112364
1.171291 2.390416
0.143717 0.2860206
-0.4491772 0.1223261
1.95468 -0.8276337
-0.3101351 0.01015251
-0.2307419 0.9384268
0.7802067 0.2357197
1.168792 1.080218
0.7284398 1.476759
-0.3002498 1.337819
1.437912 0.1650917
1.971347 -1.347834
-0.479591 0.7793007
1.386712 0.1260946
1.07148 0.4409571
1.048829 2.564034
3.497551 0.4232339
0.8324144 -0.783988
3.453798 1.298638
0.2949778 0.8987707
2.003951 0.3030563
1.034123 -1.569896
1.036854 1.338151
0.2542515 1.970149
0.9196784 0.4526184
1.038702 0.8313752
-0.9026388 -0.5214273
1.757797 3.674357
0.3842447 -0.38275
-0.4459595 0.7054987
-0.7737166 2.238331
1.395754 0.8209582
2.473974 2.656473
0.3981552 2.227253
2.878492 1.472624
0.364035 -1.105392
-0.2902172 2.08454
2.016009 -0.3732259
2.004177 0.9496621
-0.1818248 0.9228834
0.4484145 1.349659
-0.2403481 1.442319
1.437764 2.638122
-0.3637444 0.7182053
0.07300887 0.8799359
1.34108 1.832957
0.06736883 -0.04800708
1.835364 0.6989043
-0.1382958 -0.1407503
-0.5714481 2.142965
1.935601 0.1603789
2.302533 1.626579
1.1852 -0.4381449
0.6292105 0.8066602
-0.07502719 2.679721
1.245163 0.8831425
1.698987 1.777113
0.4097597 2.096179
-0.4138938 -0.3424392
1.225972 0.4755979
1.128955 0.3963169
0.6109973 -0.5801643
-0.2851371 0.7758529
1.073643 0.540456
-0.1938922 0.1405333
1.331423 -0.03346287
0.6198189 1.329679
0.6713806 2.839592
0.09430641 1.007288
2.164798 1.63708
-0.03727281 0.5719342
0.1070163 0.1250478
2.296739 0.02707001
1.748929 2.867231
0.3739314 1.344731
0.2338327 0.1130555
0.6718481 0.4603998
0.8067755 1.265371
1.267356 1.430863
0.04447937 2.02844
1.952948 2.180905
