0.01456774 0.5896084
2.138976 1.638472
1.373561 1.03784
1.396244 0.8598708
2.983954 -0.3584097
0.1838745 2.282737
-0.9165929 1.281337
1.241169 1.250059
0.7936668 0.9944329
1.599886 3.234136
-0.1168235 1.814633
0.2123412 0.3764423
0.8828536 1.090618
1.644737 -0.535795
2.172528 2.79205
1.150458 -0.778113
1.748093 0.05194675
1.247403 -0.7554896
0.9428077 0.4907511
-0.8967093 -0.209701
0.2061679 1.650836
-1.593471 1.227786
1.599118 -0.5142455
2.217655 1.548864
1.238788 1.669454
0.1010863 0.3211334
1.197808 0.395091
2.371374 0.974574
3.600371 0.1649511
1.125354 1.506837
2.436688 1.397874
0.194465 3.151412
0.0357474 -0.2590532
1.312107 1.710465
-0.5515335 0.3787733
0.660482 -0.4116641
-0.08168212 2.848468
0.1515932 -0.152
1.192066 -0.6291065
-0.1258299 0.8890589
0.7346197 0.3772539
0.3900933 1.549741
0.08677717 0.8202921
1.846596 0.381731
0.7912942 -0.1643141
1.952172 0.6226449
0.2395881 2.76169
0.8141885 0.8344939
-0.0008693992 1.15631
0.9204711 1.574615
-0.02162384 1.647316
0.4665083 0.3211223
-0.06730087 0.3089883
0.9748387 1.640786
0.1663949 0.1915162
0.06174226 0.6245904
-0.6238502 1.082585
0.231488 1.172845
1.322474 0.8475316
1.509161 0.595669
-0.1988827 0.7102058
0.1948404 1.010118
-1.403712 -1.992431
1.128695 1.130119
2.465865 2.692757
2.020024 2.054367
0.9258985 2.190854
-0.0784184 0.7508651
1.805337 1.843694
1.023149 0.5339196
0.3275766 1.215476
2.230454 1.606914
-0.06719957 0.0677196
2.064273 1.440608
1.940405 1.336502
-0.9624011 2.546196
1.754567 1.042386
-0.1986261 1.063248
2.28796 0.3998408
1.66469 2.396844
1.712215 1.131774
1.591578 1.175066
0.9063326 0.8001673
0.1520344 1.215038
1.878116 -0.8640209
0.665321 0.7254993
0.8115439 -1.383292
0.3403377 1.042261
0.5563764 2.414171
-0.1808829 1.560885
-0.628332 0.1624464
-0.005095091 0.392107
0.999521 -0.02234111
-0.999464 -0.2101997
-1.240624 0.9356279
-0.2149294 0.9685967
-0.09850535 1.036649
-0.77655 -1.316353
2.108913 0.2028762
-0.9599055 0.3902074
