0.3518621 -0.5803444
1.410519 0.886691
0.7362471 0.1604014
0.5537098 0.772781
1.827461 1.27277
-0.3335602 0.352899
0.5912482 -0.4870492
0.8947516 0.883161
-0.4350219 0.6705855
2.145074 0.5042796
2.358542 -0.5506226
1.774189 2.195213
-0.7379496 0.2714646
1.65 0.5560411
-0.516525 0.3842422
0.2882653 0.4651232
1.495056 1.867561
0.05955241 1.722345
-0.3126943 0.4524527
1.180174 1.041269
1.78441 1.130969
1.818591 1.246929
0.1018076 0.233249
1.400276 -0.4046357
0.2178003 0.1684291
2.899949 1.696042
-0.3782138 1.270728
1.722364 0.6456327
0.05299283 0.5162653
2.238749 0.6396508
0.4018763 1.144906
1.177313 1.521866
-0.2027282 1.875291
0.2446358 -0.8661247
0.5976247 -1.45397
2.066753 0.4986391
-0.1309548 1.335907
0.3127187 1.326524
1.96112 1.810339
-0.5257519 1.860925
1.890177 0.2935133
2.148239 3.08574
0.6043695 1.473136
-0.7392772 0.762968
1.035754 0.5013039
0.8354625 -0.1014356
0.3941231 2.378763
0.6382766 -0.7921586
0.3581633 0.2133368
-0.3290346 1.831011
2.916056 0.8542433
2.622138 -0.2891624
1.299969 1.482939
1.652288 0.9682253
1.361855 -2.077254
4.166539 -1.008025
-0.4068383 -0.800483
1.390171 2.921591
1.497645 -0.2792625
0.4324575 -0.4255243
1.529754 0.613576
0.2919531 0.9554999
-1.163976 1.155653
1.836466 0.2854925
0.2153186 0.01726752
0.3753646 0.7730442
2.3584 -0.01360152
0.1801535 0.949238
0.1658911 1.247577
-0.9722462 0.812853
1.094909 2.059599
-0.6642665 -0.9808554
-0.4397188 -0.7663825
1.220336 0.2223493
-0.4097298 0.8129122
1.50518 2.042938
1.62547 -1.397798
0.37285 -0.2508142
-0.1543908 0.2959928
-0.09313704 2.134453
1.690714 1.051559
-0.8515446 2.48698
2.20895 -0.3749817
0.5913046 0.4638601
-2.427004 0.6346085
0.0005336171 1.499007
2.261498 0.9058998
0.3748254 1.344672
1.788794 1.526388
1.093054 2.182358
1.355786 1.455377
0.9784617 1.108854
0.462241 -1.255588
1.966844 -0.2239654
-0.4793708 0.2428434
0.2555534 2.611907
0.520957 -0.7910266
0.3120479 1.055631
0.9526046 1.286572
0.760357 0.7490682
