1.481859 1.267815
1.462444 1.523111
0.5549281 2.168831
2.028324 -0.02696386
1.422959 3.166869
0.7448833 0.8873704
1.165402 0.1349181
0.7881172 0.9193302
-0.1038214 0.4077246
0.1368496 1.351083
0.4082555 -0.1640615
1.209701 0.07485079
3.880611 0.6889933
2.332674 0.4899956
0.7634459 -0.6859074
2.387392 2.797303
1.585969 0.9458326
0.9083313 0.03930123
2.429292 0.583963
0.5127875 0.8632831
0.3097393 0.5023775
1.158088 0.8279196
-0.1991752 1.301773
2.134127 0.1475479
2.529904 0.3174659
1.244792 1.671938
0.9558692 0.2260598
0.8144374 -0.2783985
2.232893 1.27578
1.565911 0.412909
0.6056957 2.416667
0.7807751 1.521806
0.1532477 1.125478
-0.3419568 0.5956493
0.0008901757 0.3945601
2.768103 2.213928
0.5837342 -2.632582
1.393084 0.3676648
0.6146625 0.6122195
0.125502 1.763904
0.2452068 0.1575146
-0.2215784 0.254828
0.7678838 0.8326102
2.459141 1.102019
0.2906729 0.7890831
0.7915834 1.495723
1.856207 -2.632447
-0.8347361 0.3764944
1.42068 1.013405
0.8748156 0.4795394
0.6753431 0.7971676
2.213656 -1.015056
1.85912 2.602711
0.4914572 0.9648339
0.4500555 -1.655149
0.6213335 0.1188934
2.511532 2.168254
1.378144 1.223987
2.756197 -0.08108175
1.477762 1.012227
-0.6073099 1.347964
0.9681793 0.2874905
1.621055 2.47476
0.7180778 0.03224346
1.450211 1.752928
1.234777 1.113004
0.6002992 0.9137256
-0.3196307 0.8659158
1.023008 2.297812
1.64304 1.658681
0.9194033 -1.862494
2.809966 0.6835693
-1.439953 0.6207845
0.0673594 2.368208
2.310507 2.179781
-0.05939995 -0.3268456
1.687699 1.716335
0.8439905 -0.3621453
1.083161 1.426756
2.028953 1.002677
1.850968 -0.01265012
0.871808 -0.1307591
0.512066 1.223491
0.6332277 -1.364211
1.796575 -0.5037701
1.338384 2.378275
2.52353 1.456555
1.235352 2.416542
1.042055 1.178853
2.420043 -1.101431
0.4910855 2.137924
0.003590445 -0.2535588
0.4290374 0.4419109
1.487373 0.05675612
0.5164883 0.599112
0.7809741 1.962291
2.601319 0.3308042
1.236912 0.7202088
0.03942744 -0.09094831
0.3782989 -0.1672987
