1.390127 2.519793
1.175508 -0.05373314
1.25027 0.4878468
2.040544 1.004351
-0.6918811 0.4826164
0.03368182 0.8461089
1.033824 -0.3161085
0.5094311 0.1472857
1.0947 0.8453121
1.426829 1.029439
0.3250352 0.5525251
-0.3396525 2.040508
1.513102 1.086698
1.421978 1.387506
0.8061203 1.235217
2.041408 0.4776478
0.7337364 -1.015404
0.3985964 0.9651098
1.144762 0.4576878
0.8241271 1.641998
-0.6932196 0.8400605
-1.017079 2.720579
-0.7596099 1.61111
1.178407 -0.07707376
2.105724 1.636287
2.613584 0.6529438
1.252482 1.908938
1.41302 -0.08161794
2.496661 0.8282854
1.454262 -1.293496
0.3742674 0.4375746
1.647105 1.276826
0.9292972 2.220724
2.24299 2.442097
0.6520432 -0.8005213
-0.2604139 0.7387408
1.79961 1.838
0.9041916 2.190171
2.000391 2.09959
1.790452 0.8714955
-0.9405041 0.5997163
-0.5560738 0.1715483
1.064578 1.167937
1.428874 0.9772989
1.222323 0.07023782
0.008622695 2.277484
0.2233806 -0.226031
0.8304183 0.2822135
1.89266 1.228576
0.5551214 1.212345
-0.8602003 0.9966412
1.427613 -0.2304871
2.165476 -1.080492
1.907846 1.515718
2.080826 0.8387071
1.086998 -0.1454272
-1.136242 -0.2977673
1.133301 0.8838334
0.816796 1.550823
1.563992 0.7046522
-0.1754019 -0.03278991
1.550445 0.9260267
1.124319 -0.6231643
1.454246 2.445872
2.143045 0.386631
0.7361918 2.034579
1.056995 1.301303
-0.06202354 1.804951
2.746373 3.054926
1.064629 0.08072712
2.106126 -0.4223931
1.348155 1.331155
2.203333 0.4869509
1.296813 -0.3821356
0.4506567 0.04507259
1.627162 0.622612
0.464153 0.4121094
0.8573314 1.746554
0.3562958 2.053284
0.5327214 2.072492
0.8617161 0.1215516
0.8213142 1.363783
2.185182 -1.382435
2.219729 -0.5074128
-0.1021424 0.1102781
0.8667888 2.125562
0.8309265 1.031938
0.2023749 0.7214204
1.050038 1.94035
1.926141 -0.2351163
-0.05260723 1.690247
0.03767308 2.088971
0.09632945 0.1761738
3.227776 0.9519776
1.357281 1.107335
1.660857 2.559499
1.580083 3.043142
1.182013 0.1741503
0.8305962 -0.2770707
0.8647149 1.575268
