2.342859 -0.3277754
1.220543 0.5591196
2.595126 1.535941
-0.2499831 1.902058
1.303544 1.017454
0.8538956 -1.35676
0.4736654 0.381636
2.053644 1.405739
1.778858 0.5106101
0.4966857 1.831719
1.693062 0.4936774
0.3841671 0.8957882
0.6112619 0.2034613
0.03393663 0.3478916
1.584624 0.06062898
0.3534095 2.873335
0.8687917 -0.8304941
0.6535086 1.710715
1.680099 -0.8723346
1.636784 0.6902069
1.293635 -0.6142896
1.091635 -1.50599
0.576874 1.703847
0.3023502 1.395633
2.465189 0.8743883
-0.8434181 1.527339
0.1178742 1.764786
1.392046 -0.3370949
1.517299 0.1483427
0.7458815 0.4329823
1.828687 0.609553
1.56311 1.169656
1.987512 -0.1651721
1.444696 1.098869
0.231476 0.6524033
0.7909437 1.742997
-0.1214242 1.62353
1.505591 -0.08278445
0.8671623 -0.2499563
1.413113 -0.02218666
0.8900974 1.386625
1.274732 1.273682
1.577289 0.9773203
0.2433251 -0.3725298
3.07529 2.013189
1.676825 0.2245309
1.295971 0.4247434
0.7687753 -0.01960365
0.9332101 1.613665
0.5529593 0.9166956
0.8658109 -0.6713529
0.7717477 0.1027054
1.424224 -1.345085
0.478463 0.494181
0.8626232 0.3912761
1.394789 0.515203
2.412133 -1.05224
0.4480604 0.6404936
-0.575436 1.78658
0.9723647 2.305396
-0.6942287 0.03690195
-0.08196379 1.048021
0.6991955 1.237249
1.750366 1.052419
0.3344017 -0.371451
1.712865 -0.7224289
0.3269275 1.472031
3.81343 0.6711437
2.747846 0.5454552
1.263345 -0.4215929
0.4319632 0.4609747
1.567764 0.6910793
2.523101 2.032175
1.510176 2.480183
2.060894 0.6482265
-0.08520041 -0.775075
0.09826551 0.6886306
0.3908047 1.556875
2.717563 0.7426298
0.4622853 -0.3785665
-0.3628838 1.740492
1.36326 -0.08601837
0.9403244 1.30294
0.6090451 0.4351882
1.883292 2.42092
1.614699 0.2657133
1.425094 -1.230575
2.199283 -1.115362
1.004795 1.48989
-0.8725279 0.8653346
-1.363093 -0.6379139
-1.432739 1.697942
2.569641 2.433748
0.9712566 0.9568923
0.689111 0.6147832
0.2875279 1.481208
1.083734 0.09519523
1.7926 1.116368
3.511314 1.496282
0.7859734 0.7287753
