0.8377141 1.044086
1.896129 1.118853
0.991765 -0.3299
0.3074552 1.674502
0.2147059 0.4430318
-0.4392406 2.100074
1.112895 0.1879195
-0.4967168 1.565278
0.5522555 1.625099
0.9419347 -0.4692842
1.045921 1.271169
0.1283647 0.49101
1.225742 0.647308
1.470146 0.3946182
2.033989 -0.5009582
-0.2544292 -0.2068374
-0.7422688 1.681271
1.23756 -0.722677
1.273254 0.02873558
-1.568067 1.053664
2.011458 -0.716486
1.364336 1.957578
1.407913 2.370168
0.8207217 0.5861782
0.3054402 2.172819
1.04515 1.049891
0.7800178 0.2442173
0.08782086 0.45726
3.370654 0.04274693
2.644384 -1.192433
1.099034 1.394203
0.6338925 2.55039
0.4757101 1.391756
1.291902 1.203945
0.3087319 0.8395999
2.308608 1.745091
1.82542 2.151547
0.1717555 1.540419
1.545159 0.2322209
2.47285 1.802359
3.036354 0.9663518
1.117749 -0.1411399
-0.5808003 -0.082453
-0.4080888 0.9632299
-0.4785044 -0.1449671
1.926841 1.223073
0.4861216 1.375755
1.801495 1.897809
1.862552 2.247191
0.8609397 -0.2190754
-0.4407928 2.205451
0.6134977 -0.3242793
1.809415 1.988337
1.700651 2.357943
0.8739778 -0.5787399
1.548759 -0.08071095
1.237241 0.532225
-0.3993274 2.425703
0.7770933 1.255018
2.24795 1.22575
1.00603 1.956858
1.294765 1.288909
-0.3179647 0.5744773
1.585526 0.7014265
2.147825 2.044716
1.996598 0.6425832
3.465708 -0.0186329
0.6588893 1.24603
0.2143875 1.272851
0.3972542 0.01144191
1.530867 0.7073276
1.716774 2.834523
0.9607875 -0.1885577
1.620281 2.353352
-0.0022583 2.23595
1.387902 0.07025681
0.4248137 -0.4523724
0.3277425 2.372489
1.31967 0.2264929
0.7952119 0.3625677
1.78541 1.430223
1.917513 1.011812
1.524588 -1.016129
1.95283 1.013266
2.268958 -0.2011285
1.364618 0.5176317
0.6085404 1.780781
0.2465895 1.083399
0.7203343 -0.741255
1.225294 0.9452306
1.278855 -1.1709
1.025274 -0.9443447
1.16358 1.551882
0.9363944 0.07614575
-0.8025345 2.11313
1.021057 1.396805
1.820622 1.651732
1.357064 -1.244909
0.8815153 1.646616
0.2198888 -0.1207757
