0.6696192 1.747066
3.172924 3.18931
1.46217 1.588054
0.6808487 2.454153
2.200116 1.022912
2.261817 -0.1411564
0.7990836 0.6026569
2.467515 0.8607307
-0.9466849 0.2545104
0.7335489 -0.003202092
2.0244 1.51272
1.786518 0.9281102
0.9095239 0.2674411
-0.7106985 1.333211
0.5164043 1.982948
2.006181 0.4162446
1.500791 2.85777
-0.07011028 0.8555401
-0.05423989 1.810426
-0.6332764 2.142613
0.8704336 0.8302336
2.814671 0.1467024
0.8589321 -1.924741
0.1737457 0.5430255
1.878132 1.344476
1.407321 -0.2372362
1.434575 0.7074686
1.127465 1.407313
1.29412 -0.2090873
1.802044 0.7503391
0.4099311 -0.4771573
2.043882 0.6253711
-0.4095198 0.5850792
-0.6378327 -0.09625189
1.744346 0.05141482
0.5493672 -0.7601985
3.786496 0.9270205
0.7900354 0.0931444
0.9224184 2.488972
1.116872 2.11892
0.9246744 -1.112094
1.256106 1.33833
1.652966 1.764587
2.043824 1.377154
-1.096693 0.09321552
-0.5875255 -0.1833971
-0.1629703 0.8480298
1.767514 0.7193347
0.135529 1.091088
-0.2411599 -0.4060212
-0.1737183 1.051945
0.197672 -0.5008446
0.4042881 1.973375
1.775723 -0.4893812
1.543528 -0.240849
-0.6184192 2.463635
1.362916 1.375115
-0.2735184 1.308646
1.324288 0.2486409
0.2590612 0.09361332
1.852019 1.444267
1.752294 -0.06035771
1.575453 1.166006
3.36667 0.1101836
0.9691887 0.7292899
1.068979 -0.2241584
0.05536168 1.967593
2.482613 0.6532786
1.544717 0.8070738
0.2824454 0.6178741
-0.5458209 1.576504
-0.6275507 0.2751902
1.465066 1.002651
-0.6323962 -1.585525
2.489058 1.564911
1.11669 2.981062
2.067536 -0.2641055
2.561527 0.7877751
1.949887 -0.3399412
-0.1325732 0.6858815
2.235279 1.237537
1.199695 1.199736
1.526086 -0.2616201
1.666613 0.9048625
0.07264476 1.60206
0.7798861 0.937542
0.8513892 1.824444
0.4773901 0.4387187
0.6356938 0.2677325
0.3723073 -0.2114611
0.7150919 0.5606033
0.601429 0.5027686
-0.101034 0.4683962
0.7194344 0.5454079
0.8068889 1.296206
-0.6687671 0.9959324
1.688594 1.023607
2.430479 0.8144544
1.214536 0.248843
2.676026 0.01479499
