-0.09174948 0.6203849
0.4198304 0.3931863
1.695942 0.2210331
0.3460218 1.751033
0.6306669 1.121157
2.008997 0.433829
0.04917917 -1.659665
1.421837 1.217765
1.480801 1.332314
1.49622 2.472601
3.083199 -0.2545777
0.6808586 -0.6151445
1.602607 -0.3913723
0.1773379 -1.729369
1.557526 0.1755234
0.8877464 -0.2954726
0.1229352 0.5108367
2.997082 -0.1143891
0.518333 1.776977
1.514378 0.3865744
0.2286085 0.5348192
1.488271 -1.579256
0.5563126 0.6607664
2.648352 -0.8803728
0.8709897 -1.516198
1.327747 1.497994
0.3598623 3.417971
0.6913821 -0.2187012
1.547531 0.4544326
0.8398965 -0.9674534
0.1732936 0.8611044
1.211561 -0.5132792
0.2194473 2.182243
2.353644 1.66625
1.263508 0.917496
0.7537083 0.06283025
0.04370706 0.05402055
1.046547 0.9872897
0.9860856 2.15156
2.570616 0.5284148
3.445274 -0.7479021
-1.054682 1.487295
1.030732 1.18381
3.35711 0.8312064
0.7193128 0.6736311
-0.6633655 0.5834375
0.9371625 1.186953
0.8826103 1.722813
0.6799503 0.1451962
0.07521577 0.9485651
-0.1050311 0.795704
-0.2607686 2.509565
1.903655 0.6458677
0.8594275 -0.8398322
1.247333 1.296408
1.76933 1.731509
0.5779166 0.2439093
0.6701699 -0.4459931
0.8736104 0.2063011
1.265572 1.666056
0.4330146 -0.2515457
1.335183 0.08241048
2.260104 0.6949124
-0.2580545 2.206157
0.2443403 1.10869
0.4707245 0.4067969
0.3406665 1.908587
-1.022055 1.58198
2.595406 -0.801664
2.152178 0.3970451
0.5247687 1.891037
1.079654 0.4987543
1.959588 3.202364
1.948971 0.3734078
1.380632 1.953713
0.2539987 1.191688
1.7887 0.1366043
2.443488 -0.1790348
1.745057 3.237716
0.2286438 -0.6067183
0.5092619 0.4513727
0.9476869 1.193959
1.614529 1.008997
1.440526 1.009725
0.06952917 2.166569
0.1167206 2.423367
0.5937211 1.371414
2.670402 0.716292
-0.009395997 0.4822444
-0.1919124 0.08796763
0.27748 1.163792
-0.17032 1.713493
0.9178971 1.183043
0.3900155 0.336693
1.924671 1.675253
1.629438 2.023414
1.662989 1.050501
1.541481 1.21007
2.009112 0.5641615
0.7577471 0.9552314
