1.5258 1.189282
1.403539 0.1071766
0.5611158 1.837634
-0.2142122 0.1753364
-0.4020762 1.572685
-0.4869606 1.279444
0.18767 1.573115
0.3080109 3.153749
0.3068061 1.859137
1.149743 0.1639215
1.359305 2.272967
0.5362933 0.7474817
1.425113 1.129588
1.642703 -0.584054
2.784081 -0.8820712
0.7127887 -1.143276
1.143718 1.536591
-0.5262658 1.607748
1.12626 0.8501224
1.835292 1.170377
0.7705638 0.1575395
2.837384 0.3047354
1.636406 1.39385
2.462989 1.803007
0.5743979 0.9331947
2.11595 0.03083602
0.6155794 -0.01027712
2.902271 0.26155
0.6988406 1.88055
-0.6083588 0.4561567
1.596838 1.967695
0.8303152 1.166818
0.9673342 0.2290732
-0.1094572 -1.168798
2.119187 0.1552617
0.5416704 -0.946166
-0.1531652 1.74653
1.102167 1.179082
0.8950619 1.549482
1.988259 -0.6976882
2.932608 -0.3999686
0.8916876 -0.03706874
2.903697 -0.3691722
-0.02511406 -0.3442131
0.5040825 0.4663773
1.673021 1.841323
0.03839198 2.442864
2.505999 -0.3490616
1.087944 3.203977
-0.660294 1.01329
-0.07965727 1.10285
0.2016506 -0.3235578
0.2433613 1.667349
2.074018 -0.5316323
3.424059 1.465064
-1.560422 -0.009182183
1.239971 1.040009
0.2190385 1.775474
0.6853697 -0.5241103
1.488577 1.0533
0.5127988 1.927307
1.838973 -0.18851
1.910897 2.912078
1.736718 1.554998
1.471541 0.4455807
1.536064 -0.7687071
1.535692 2.79586
1.585972 1.290788
2.909419 0.05627378
1.652235 1.564169
1.657788 1.891579
0.2279999 -0.9851802
1.386742 -0.5546736
0.3430953 0.8103156
0.3659909 -0.5562629
0.04422339 0.08470531
3.379928 0.9867854
0.6696367 -0.2057658
2.653352 0.7840001
-0.1392593 -0.03909614
0.3119651 -0.4448472
1.650978 2.366484
0.6638144 0.6494624
1.597042 2.201357
2.629718 -1.218977
-0.4162903 0.4721042
3.024029 1.137629
0.9930068 1.392846
1.421304 0.8874504
-0.6104693 1.510424
1.727115 -0.5866042
0.3060798 0.7689048
0.6908506 0.8019174
0.9449059 0.4877953
1.302384 -0.5528264
0.9037818 0.7515184
1.188508 1.795817
0.8866304 1.183443
1.867766 0.5548865
2.075195 1.472952
