0.1295258 -0.2878533
0.5451223 1.459831
1.938431 -0.6244241
0.4523778 -0.8498637
0.7699532 0.9492147
-0.04057802 3.253429
1.563209 0.4426593
1.183428 -0.3237098
2.054848 0.4161768
0.4996683 1.126464
2.403885 1.068033
0.8918597 0.9507806
0.9373464 2.04477
1.426128 0.3940506
2.285814 1.705958
1.497523 -0.1760655
1.652915 1.221724
1.600664 0.00192201
1.105192 1.880709
0.7725253 -0.2794009
0.9204958 2.621337
1.195782 1.364289
1.96903 -0.0559973
0.8358609 1.471927
0.2855049 0.9238674
1.345615 2.110254
2.124732 -1.537778
0.1471317 -1.103886
0.8718844 0.307656
0.9913481 -0.137205
1.549959 0.6483551
1.586927 0.7378431
2.685635 -1.207311
0.2167505 2.090041
0.5202912 0.4008487
1.098709 0.1477288
0.418824 0.4385071
0.8797492 -0.8314551
1.18092 -0.1023105
0.5806186 -0.1935661
3.391375 0.423694
0.04931266 0.7301876
1.233932 1.19493
1.026916 0.652816
-0.09799211 -0.7106565
-0.6457172 -0.9491263
0.2622059 2.254812
1.874196 -0.1946759
1.921398 -0.2996566
0.5148229 0.3508925
1.720693 1.986696
0.7237616 1.51836
-0.04350886 0.6824124
1.439201 1.732956
1.676207 -0.1829753
0.8412906 0.2456013
1.669405 -0.9236341
0.8477461 2.209621
0.7777997 -0.1475633
1.666672 -0.6580023
1.519156 -0.5403419
1.729982 0.3619117
2.045079 -1.127801
0.1566323 0.1926217
-2.176465 0.3216238
0.4284106 1.256077
1.668291 0.972702
0.9431664 -1.067655
0.05939499 0.7124949
0.4537744 0.667312
0.2350811 1.238573
0.8394692 1.673768
0.3410211 1.684954
0.5480593 0.3650399
1.42859 -0.07733172
1.615627 -0.4909662
0.845187 -0.3752126
-0.175674 2.406059
1.823348 1.239234
1.37418 0.6398602
2.545323 0.863269
0.9237269 1.121201
-0.5754183 -0.1587949
0.7404765 0.03280461
0.9658998 0.4587596
2.448824 0.1127297
-1.479679 1.779654
0.9299589 0.7494502
-0.293815 -0.1409219
1.388384 1.381992
0.7707965 2.067071
0.9617176 0.3899817
0.9923392 1.652897
0.8784101 -0.1077473
3.60868 1.724691
1.115104 -0.733062
0.7948504 0.7794752
1.537078 1.964296
1.490417 0.07109408
3.271548 0.5391825
