1.384779 0.6119939
1.155943 -0.09368323
0.2002986 -1.881934
1.624704 2.087794
1.319855 0.7786799
1.345475 1.583604
0.2232035 1.260652
0.09233764 -1.370258
1.50967 0.2561445
1.802623 0.3782977
0.7599691 0.4818795
1.314687 3.061407
-0.6563844 1.601471
1.484625 -0.6157531
0.6804391 0.1716535
0.1059859 0.7696949
1.483529 1.145697
2.794073 1.243975
1.442063 0.7645085
0.4698108 0.7799238
1.659475 -0.1502017
-0.08978122 0.42265
1.781947 1.035017
2.06846 -0.221628
0.5874108 2.452661
0.2822209 -0.01802588
0.519712 0.05538231
-0.2709274 0.7603874
-0.5757962 0.663743
0.5711491 -1.649514
1.062203 0.6092697
1.747406 -0.9013489
-0.2522502 0.3837541
0.3360056 -0.9879266
0.9631616 1.061321
0.08330146 -0.9938037
1.430613 -0.08818199
-0.7434455 0.01267117
0.2914355 2.021609
1.031597 -0.0028294
2.456071 0.5147093
-0.2892627 0.3018977
0.4729228 0.3412425
-0.0325677 1.295571
1.325554 1.112923
0.3633187 0.32972
2.415721 0.198446
-1.954334 0.6764204
1.678028 3.027605
0.4962746 0.2269878
3.269517 0.5049627
1.936021 -0.1744111
1.913338 1.946692
2.792105 1.1014
1.210957 -0.6149804
2.455935 0.8464286
0.6513564 1.233212
-0.2428074 2.78069
-0.173635 1.682465
1.392329 -0.01907821
-0.6463468 0.06752342
1.738377 1.879539
2.451357 -0.3373992
0.4698173 -0.1444355
1.798725 0.5942449
0.2888425 1.176279
1.473757 -0.4385562
1.383881 0.2901853
-0.7964212 1.807665
-0.6500842 0.3942762
3.372596 0.4734575
2.407864 -0.6740906
1.797371 1.242815
1.08566 -0.06319273
1.104665 0.5083217
0.8260705 1.846506
2.05501 0.7694489
0.3071961 1.200518
1.083481 -0.1043272
0.134559 -0.2530369
1.441724 -0.35866
1.296972 2.068522
1.870061 -0.5463726
2.610027 0.2169416
1.948729 0.1560575
0.2493783 0.343822
1.852425 0.7232482
1.18517 3.233633
1.177135 1.277907
1.12657 0.6121275
0.6302904 1.66409
1.411331 0.4576956
0.8023357 0.5194308
1.88445 1.483697
1.773595 1.146997
2.101403 0.7185161
0.2016549 0.762465
0.444829 1.210166
1.785144 -1.718135
-0.05124086 0.7317635
