0.5981503 1.057309
0.3092521 0.3761519
0.3201711 -0.1583155
1.073971 0.8353128
2.222237 0.03684956
0.6858441 1.042628
1.560799 2.647273
1.218956 0.368256
2.663673 0.9499248
2.336268 2.871585
0.8703191 -0.7154034
-0.8174241 0.5881404
0.1644191 1.541821
0.7413115 3.564708
0.9908104 0.2743137
1.086303 0.5209444
0.04233209 0.03631823
1.006198 0.8843953
1.215237 -0.1794267
2.151722 1.91695
0.7635751 1.011023
2.551533 0.3554199
0.3117332 0.400404
1.87587 -0.02756091
2.158742 -0.7825126
1.55476 1.19362
0.1677472 1.363344
1.743102 1.73343
-0.1864409 0.2038234
0.5099235 0.9819795
3.207111 0.7004087
0.7200711 -0.01408131
1.146812 0.5546144
0.6913397 1.982353
-1.439244 0.8702626
1.798636 -0.8611207
0.122321 -0.06119145
1.58377 0.582065
1.397113 0.1272367
1.079071 1.047961
2.004027 -1.712997
-0.7188464 -0.2616695
-0.05060183 0.4819625
-0.1131205 1.141582
-0.4257786 1.198863
0.03159825 -0.3882842
0.7381391 0.6562102
-0.8081951 -0.9265968
1.647388 -0.06331682
-0.3452177 0.7743117
-0.06281372 1.282545
1.498309 0.3324585
-1.11754 -0.6402696
1.934259 0.6079168
-0.2302373 1.725244
1.027072 1.536349
1.889213 1.465058
1.428483 1.01848
2.42247 2.809075
3.170036 -0.03474335
1.26292 0.3160313
-1.152423 -0.5269827
1.831994 1.510811
1.215172 1.781678
-2.69027 1.216897
0.7749368 2.220813
0.9050482 1.401998
2.679438 0.8296213
2.646147 0.8188602
1.130956 1.064476
1.638389 0.7212987
-0.9328021 2.983648
1.283101 0.4787859
1.254757 -0.2126279
2.345256 1.319743
1.522447 -0.2715952
1.148758 0.937292
0.9446377 -0.1633037
0.9771118 1.22955
2.348661 -0.3956953
0.02442749 0.6478359
-1.223997 0.5044088
2.083804 0.5170227
0.1608809 1.860464
0.4953705 0.1899596
0.5015968 0.7321294
-0.9265675 1.735117
0.44075 -0.7686873
1.750029 0.9151813
0.5925429 -0.02660045
1.086562 2.890421
-1.057351 -0.5687708
1.281665 1.434581
1.053833 0.11907
2.555341 0.723445
-0.767217 0.7874364
0.1283856 1.611203
-0.3989134 2.20505
2.488894 0.6455053
0.07832046 -1.115689
