1.064699 0.7596575
2.152012 0.5136135
0.7032418 1.810555
1.130963 2.05359
1.567085 0.9757345
-1.156501 1.380542
1.918711 0.7880025
1.655968 -0.7716908
1.661423 -0.8463978
2.81646 2.138874
-0.07288545 1.207398
-0.03949069 1.262111
0.5015489 1.012444
1.036427 -0.5156025
1.323246 0.5639439
2.146184 1.936268
2.116651 0.5705668
1.600655 0.6872436
1.020672 2.338878
1.910406 0.8910925
1.787923 1.52675
2.420288 -0.4966296
1.245711 2.55859
2.623093 0.2780136
1.192978 2.76005
1.324159 1.956723
0.5926878 1.679182
2.453216 0.5310314
1.403412 1.167876
0.7920979 1.076449
1.932955 0.8067602
2.487902 0.4394166
0.1628931 -0.09089841
0.8824636 -1.323684
0.9198603 1.173567
1.070504 0.6995532
1.284905 0.5707665
1.06151 -0.4874708
3.485535 -0.9156096
0.2810276 1.700206
0.4789911 0.6074422
1.517958 0.8680141
1.81777 0.4061085
1.649897 0.965661
1.732185 2.208672
1.366722 -0.4740342
1.837704 0.9342551
1.622522 0.8389056
0.3422083 1.045424
1.378015 1.030325
2.416359 -0.6133574
0.6971953 0.2056554
-0.3023376 2.400204
-0.5980715 -1.070493
0.8527984 0.5762835
0.7895323 1.973854
3.021323 1.272593
1.567241 1.429967
1.106453 0.3685489
1.020841 1.523106
2.527851 0.9283186
-0.7193908 0.2378212
2.405085 1.463749
1.017919 0.9803428
0.8020941 0.5633739
0.7378217 0.4404713
1.304314 1.776823
1.887856 -1.97488
2.245552 2.164864
1.625144 -0.2789458
-0.02828741 1.774583
1.59477 1.390226
1.248624 -0.714203
0.6456827 2.264506
-0.3209785 -0.301088
1.127491 0.7014778
-0.09654088 1.545367
1.396331 -0.4113149
0.842633 1.784483
1.526061 0.2549437
1.087362 0.2048801
-0.09663868 1.925873
1.092791 1.655953
1.12604 1.439898
-0.099836 0.7227773
0.540394 2.396006
1.751901 0.4005299
0.685181 0.4755689
0.4148554 1.781639
3.085075 0.6446436
1.335571 1.386157
1.651128 -1.249491
2.699624 -1.175431
2.623933 2.170943
2.129126 1.262007
0.07404464 -0.2504075
0.771796 1.855174
0.575733 -0.9544203
1.386531 0.2975284
1.630801 0.2646495
