0.9056544 2.735966
-0.5081739 -0.07520593
1.571942 1.043033
0.6047497 0.8225903
1.588404 1.155559
0.4807441 -0.09705326
0.2024903 -0.08989026
0.4218806 -0.468116
1.052044 2.038485
2.636602 1.658722
1.146388 1.488546
-0.312427 0.6081666
0.9747097 0.8891918
2.288983 1.679569
1.189442 0.3078846
1.106155 0.8920826
0.7010103 2.06204
0.1805945 2.841754
1.632019 -0.6854795
0.8307683 0.5349525
1.579346 0.2802589
0.8030838 -0.2278805
0.6699896 2.165032
0.9884997 0.734326
-0.1606356 -0.02581268
0.4374574 0.4139685
2.139687 0.2393046
-0.2790981 -0.6745296
0.6900666 -0.8972289
-0.4694123 0.07960954
1.975308 0.04277241
1.619304 0.6164448
0.3540241 0.6268638
0.9000364 1.694542
2.717715 -1.397305
1.445259 0.3511441
1.688255 0.06857755
1.29835 1.576323
2.463374 0.664238
0.373191 1.574951
1.411447 0.9036913
0.955275 2.131369
0.133384 0.738265
0.2782956 2.673993
-0.4486831 0.6329848
-0.5576763 0.1309531
2.459155 -0.8982201
0.8852772 1.417179
1.3795 1.093872
0.8349017 0.8645831
0.5249236 0.0390317
1.117042 -0.7858057
0.1967562 1.555481
2.214131 -0.4482995
1.343903 0.101519
1.382209 0.05400103
-0.662485 0.6889847
0.5592911 1.616325
1.240474 -0.4044312
1.979614 0.5904705
0.7181241 0.2244714
1.821723 -0.4844872
1.02362 -1.141832
1.071311 1.645334
0.137462 0.5270149
1.848902 -1.315894
1.982545 0.3440263
0.856274 -0.04673111
-0.8819914 1.002923
1.65133 0.5639521
2.739978 0.8003505
3.234063 -0.6033616
1.027376 1.311181
1.165538 0.7852662
0.9761611 0.7706334
1.272702 -1.265876
0.6245093 0.9076449
1.141223 1.565664
2.049376 0.9113168
-0.05803054 2.805827
0.6285914 1.232188
0.597024 2.12698
1.180418 1.882144
1.876061 0.3465604
0.7727025 1.223116
-0.3086239 -0.7772127
1.44468 1.411563
0.1882788 1.319739
0.9261515 0.8955192
0.3536138 1.714236
0.3479858 1.087947
2.769085 -0.6445844
0.450699 1.714995
1.372764 0.8168593
2.572208 1.711981
2.193187 -0.688448
0.3299203 0.6030134
0.9007203 0.6803013
0.8586491 0.006224151
0.5483181 0.1314757
