-0.085785 0.3934578
1.383443 1.006012
1.573252 -0.5174977
0.004838931 0.4399285
1.76805 0.8528925
0.1413902 0.2739095
2.076747 2.775849
-0.1830409 0.6568711
0.8846984 0.8946711
1.548975 1.583035
0.4390052 2.201853
0.3299566 -0.3061201
0.3631915 0.6814634
0.7759393 1.012992
0.2409394 0.7990489
2.011451 0.7101051
1.680177 -0.914096
1.301637 -0.02526245
0.4721002 1.212582
2.848911 -0.3631504
2.614491 0.6869439
0.03420478 0.5861948
0.2510098 0.7985855
0.4835778 1.131932
0.9151391 0.840931
1.772427 -0.339775
1.199429 -0.2781398
1.311836 0.5246101
1.870052 -0.185937
3.677224 0.6717303
0.004702487 1.132588
0.04445429 0.03717884
1.7013 0.7804284
1.040388 -1.324596
1.051152 0.7005681
1.01714 0.50839
1.149328 -0.03656707
-0.5673969 -0.3584961
2.089361 1.818189
0.8236742 0.02751851
-0.7392918 1.448478
2.013628 0.06087729
2.054322 1.341424
1.044824 2.131477
0.1946126 0.7973695
1.036928 0.1535621
1.508858 0.2262491
1.249518 1.090896
1.631991 -1.643602
0.5552766 1.691498
1.092561 1.730037
0.01571031 0.1413922
1.711211 1.420519
2.507393 1.613544
2.14872 2.490823
2.157929 -0.3521134
0.9713885 0.3112218
1.402313 2.554539
0.8927027 1.538984
0.7949259 -0.2075115
1.434227 0.5248133
1.633916 0.8230054
2.035612 -0.1223979
0.2500013 1.022256
2.783911 2.51605
1.113602 -0.2244984
0.277057 0.5175216
-0.2436671 0.1720338
-1.223052 1.094224
0.7718097 1.22164
0.5362773 1.389627
0.6308524 -0.04105677
-0.7001569 -0.7121903
0.863466 1.995191
0.2409094 0.6102514
0.7596874 0.08295604
1.354875 1.335966
-0.0756721 0.0517489
1.651045 1.045457
0.1065531 -2.348498
-0.6365134 0.7837222
0.2538542 2.003702
1.886754 -0.5875959
1.056794 0.2959792
1.001202 -0.5024845
1.332226 -0.05926726
2.111759 0.2148289
1.194825 0.7096104
0.8344707 -0.534093
1.876963 1.360821
0.8731754 1.332091
2.167983 1.306205
0.6354996 0.740014
0.2619111 0.02685168
1.909492 -0.7137778
2.116382 1.12146
1.899488 0.7925975
0.6258256 -0.3102787
0.08244043 -0.2719401
0.6507925 0.9246885
