0.5467118 -0.7457563
1.964921 0.8397984
1.016305 1.811521
-0.07093875 -0.6331997
0.4089627 1.757749
1.154991 1.010073
3.403963 -0.008858094
0.1587866 1.029823
-0.1443822 1.883545
0.8223184 -1.446801
1.133528 0.310535
-0.2151431 0.9463305
1.531021 1.977287
1.257765 0.1344649
0.1075465 0.5971331
1.004534 0.564422
-0.6661874 0.807305
1.527132 0.7379425
0.07457102 2.064881
1.532202 1.440033
-0.3108722 1.620375
1.263968 1.219079
3.144872 0.9674437
1.396664 0.2127852
0.7334515 -0.3906134
0.6742258 0.8813394
-0.4197063 0.8581506
-0.3512206 1.133368
1.509558 0.4507296
0.550669 -0.4207197
2.976286 -0.6799082
0.9072087 0.8750969
3.380034 1.147095
1.499259 1.623466
-1.100331 1.970211
1.371993 -1.275367
-0.08145414 -0.4437881
1.780737 2.421993
1.751577 1.952048
1.078184 -0.7360863
0.8759159 0.3977447
1.896137 0.3929685
0.8297281 -0.1778812
0.6130287 -0.06888489
1.350097 -0.07226149
1.009532 2.817894
0.7338944 0.4596002
3.50661 2.264631
0.6614191 1.664535
1.438118 0.7126962
0.3005147 1.566291
-0.2465991 0.172643
0.9323568 0.6293039
0.4342047 1.07503
0.4167208 2.012013
1.307969 1.067521
0.08820731 1.724756
1.779705 -0.6544611
0.8260961 0.2108793
1.319633 0.1696922
0.4797426 1.624718
1.675224 1.112897
-0.001526437 0.9322824
0.7421059 1.528449
0.6241079 -0.2399078
0.9574685 0.1617828
0.3629899 0.1860412
1.191031 -1.221663
1.848095 0.3233546
0.1689416 0.2494906
1.130625 2.092586
1.666439 -0.5118141
0.7831241 0.7319595
-0.1724955 0.5751705
1.979058 0.3326144
1.773093 0.06708995
1.369588 1.266038
1.82251 -0.07294977
0.2014917 -0.6303099
1.223938 -0.4008158
-0.2408567 1.11634
0.2664183 1.301951
1.762438 0.2084086
0.6470111 -0.5325159
1.080274 0.9102606
1.643436 1.39786
1.905618 0.5839287
1.608503 0.3409924
0.1059334 1.90265
0.288221 0.8495507
1.317894 -1.302905
1.511736 0.8521772
-0.7881709 -0.3298102
-1.237179 -0.2191991
0.7975162 -1.412375
1.017414 -0.7775923
2.08939 -0.9981205
0.3058937 1.761648
1.057637 -0.6074119
0.9927387 1.448397
