2.577644 0.6152472
1.175758 1.560954
-1.350198 -0.3354637
1.364177 -0.8099447
1.040712 0.5593986
0.7167553 -2.556101
0.1690054 0.117844
0.2544765 0.8123987
0.2001557 -0.2690192
0.02789565 -0.2483125
0.5561631 0.6621021
1.208368 0.03577651
0.5504255 0.7718549
1.939888 0.9376277
1.737664 1.046439
0.6920758 1.400066
-0.00798401 2.162085
-0.2539355 0.02007451
1.754984 3.063261
0.6114352 -0.7590945
-0.2782102 0.5574611
0.8484122 -0.02657984
1.306653 0.5751865
2.60318 -0.002915715
3.358242 0.006406935
2.743587 0.04615756
0.5623994 0.7149053
2.540663 1.261548
1.438485 2.414187
0.3507936 2.533487
0.9922223 -1.013178
-0.9968346 1.067335
1.021296 -0.739998
1.200312 0.8920229
1.634518 0.5762199
0.4615704 -2.399553
0.9144584 2.790757
0.4225026 -1.330658
2.377103 -0.7486151
2.361253 0.7475748
1.910669 1.454578
0.8671829 -0.8108447
0.9522061 -0.3568555
0.05582214 -0.1870359
1.242904 2.323517
1.441532 1.123432
0.08453701 -0.3535944
-0.9149651 1.73398
1.570844 1.654706
0.3530145 -1.306192
1.625769 1.274028
-0.9270497 -0.1439861
1.465246 1.978925
2.19096 0.4367144
0.5591861 2.261899
0.9642517 -1.702245
0.4961986 0.6335713
0.6568662 -0.3642415
1.336536 0.6340656
1.915922 1.777754
1.009515 -1.131341
1.414277 -0.2506433
2.742175 0.9860344
2.262933 1.256074
1.896474 0.39648
1.169856 0.3050703
0.6175923 0.8392479
1.95787 1.817516
0.7042751 1.17796
1.539446 0.2500065
-0.1854106 0.497107
3.71373 1.201319
0.2426736 -0.3388426
0.6531841 0.1593038
0.8207053 -0.09764677
2.910425 0.3394305
-0.73717 0.8516753
2.138006 2.243242
0.9399968 1.76718
1.81461 1.772604
0.96495 -1.268546
2.176261 0.7962577
0.231532 1.210425
-0.08536337 -0.4260485
1.61902 0.03498068
2.106469 0.9970771
0.2535618 0.113494
0.3143217 1.77938
2.617676 1.218946
1.151338 -1.111013
1.817622 -1.136656
0.8355627 -0.07489496
0.2259898 0.426998
1.38254 0.9140791
2.381109 1.252051
1.724871 2.333577
1.16408 1.165721
2.084208 1.072385
-0.2473324 0.2794447
1.787782 -0.5729197
