0.1356598 0.800931
1.829394 -0.4955137
0.5479258 1.084079
1.519807 1.496061
3.132312 1.043578
0.06375927 -0.4305693
3.410588 2.176436
0.6859987 0.2269393
0.8780836 -0.4216741
0.5340201 0.04851434
0.2771356 1.819745
1.664478 0.5447994
0.2674457 0.6706096
1.200288 1.034466
1.352699 -0.9493588
0.4975727 -0.05166906
-0.1888534 -0.5600327
1.514189 0.7632774
-0.2776015 2.479108
-1.095122 1.264211
1.033836 0.5840212
0.5336784 1.120397
1.051405 0.4798562
2.346078 2.250191
0.1336744 1.678343
2.497308 2.355293
-0.1998963 1.563729
0.05189649 -0.1772902
0.2269506 0.9333465
0.2706499 -0.2268042
-1.220457 -0.5632344
1.212833 0.7310292
0.1151983 -0.1120709
-0.7924047 -0.281819
-0.0727901 -1.494778
3.477494 -0.09773481
2.905311 1.920785
1.071812 -0.1929382
2.350423 -0.193514
1.44899 1.906702
2.056381 0.4225042
-0.07456466 -1.236646
-0.2168326 2.208096
0.912994 -0.0366492
0.8841511 0.3589648
1.171192 -0.4269429
1.810423 2.17668
1.378453 0.7377949
0.646947 0.03636108
1.462352 -0.5973759
2.585247 0.9420585
0.7930258 -1.251852
0.3523739 1.470951
0.6709985 -0.5825895
-0.02284349 2.72225
0.8029226 2.462572
0.7017485 2.241701
-0.02625492 1.142186
0.7694808 1.011282
1.419092 1.745703
0.3905712 2.129933
0.1529384 0.7718202
1.280318 0.810482
-0.3308179 -0.126312
1.059101 -0.9843915
0.3583936 -0.09386888
1.527798 1.678349
2.570074 0.6578583
-0.115227 0.8132729
0.8574363 0.3466152
1.363232 0.1595761
-0.390168 0.5483248
1.667944 -0.3317935
1.030931 0.3539594
1.657458 0.7644506
-0.2560508 0.3604527
-0.4065203 0.3007669
0.6109799 1.197144
1.690404 0.09858402
1.380417 -0.3800747
-0.4628303 -0.3820134
1.523932 0.8708239
-0.2979762 0.3267124
1.325528 -0.6360278
3.117884 -0.6865631
1.75389 1.060066
1.615039 -0.293119
0.4831218 1.331934
0.7317729 -0.03292167
2.317838 1.578964
-0.0198727 1.912827
0.5514443 0.9575019
0.4910699 2.312018
2.125974 1.185851
1.680569 -0.1408957
0.2875729 1.026583
0.6256138 0.9950347
1.666339 0.5178145
0.7367858 1.182895
-0.9178126 -0.3396222
