1.152833 1.58244
0.3546766 0.6541442
-0.3944151 2.198116
0.5650565 3.436811
0.104316 0.4348504
1.81334 0.8396571
2.625173 0.1457515
0.243362 2.065122
1.120971 -0.4678662
2.922918 1.321484
1.472261 -1.049027
2.82585 -0.07191483
0.1617635 1.298867
1.13914 0.854127
-0.1600241 0.8120586
0.799701 0.1583373
2.152519 1.045334
1.095309 0.05023066
1.150613 2.945337
2.253759 0.7610819
0.1980589 0.3017969
0.5133537 1.312956
1.106493 1.005428
0.8748714 -1.319428
0.1765806 0.5951655
3.598906 -1.279656
1.622081 -0.6493745
1.664044 1.57913
2.019746 1.408306
1.225428 0.5988934
1.7729 0.4811911
-0.1730222 1.187783
-0.06299976 1.387029
0.6123436 0.1656444
0.6611987 0.6376313
2.103687 0.6381687
0.7193673 0.5421685
1.510152 2.586181
1.578069 -0.359604
0.5263292 3.522255
0.399758 0.2745545
2.142963 1.125106
0.2528598 0.5156686
0.6168442 1.908153
-0.394272 2.568519
2.140744 0.1105867
2.235571 2.935381
0.7912019 1.127489
1.646751 0.3754629
0.5594305 1.225383
0.4926617 1.137951
0.1389082 -0.1501178
1.883158 0.3223625
2.399322 1.317719
1.010336 0.7258631
1.066561 -0.4340302
1.001252 -0.7314137
0.4680356 0.4284052
1.305293 -0.2001256
2.278442 -0.532341
-0.04667491 0.5216988
1.584818 0.2308141
0.9676295 -0.05025736
2.198671 -1.246103
1.589814 -0.859031
2.208978 -1.646861
-0.3425081 0.2849179
0.0198611 0.7831055
1.809402 1.350197
0.02155636 0.4130667
-0.3299938 1.00935
2.877387 1.324538
0.6557628 0.6211726
1.874869 1.459093
1.808842 -0.2333796
0.6700642 -0.3637752
0.3318819 -1.727425
1.076654 -2.834101
2.249631 1.00497
1.144296 0.1498726
1.314585 1.144001
1.296481 3.135949
-0.06873313 -1.55124
-1.439816 0.8384946
-0.06744592 1.212211
0.6920905 1.410966
-0.1350409 1.78198
-0.2464418 0.1285963
2.055997 -0.08187453
2.086251 0.7163349
0.7571227 1.813695
1.993413 -1.436836
0.2855078 2.56244
0.7258999 -1.009704
0.9060133 0.03406817
1.271479 -0.4039462
0.9418233 1.434509
0.9397954 1.318929
2.405113 -1.457738
1.964267 0.9380225
