1.442251 1.633417
1.404138 0.9947205
1.110662 1.428428
1.115782 1.896305
-0.4028046 0.04475582
1.152238 1.596899
0.4716287 2.26443
0.4528401 0.6925069
2.778126 0.1006082
2.060244 0.8671802
1.967647 0.1262532
-0.9772187 3.21188
3.754596 0.7683858
1.200024 1.237917
-0.4331983 -0.2596081
1.280607 1.317557
0.928165 0.3704116
-0.8136935 1.617804
-0.1404938 0.4143537
1.490156 0.6837632
-0.7116248 0.9448412
-0.277573 0.1806324
0.4280425 -1.261425
1.077882 1.915766
0.8150646 -1.088083
0.291349 1.585945
1.660651 0.823563
1.217471 -0.5868192
0.2605905 1.764655
-0.3285175 -0.8623022
2.161286 1.489859
0.8799975 1.373496
1.465604 1.64652
1.027428 -0.3234687
0.07080342 -1.00707
2.783542 -0.3160727
0.02919397 0.1454579
2.411457 0.9171238
-0.3018193 1.214575
0.3277006 0.7139415
1.306098 0.5169539
0.7602185 1.133711
2.017417 -0.02929855
0.08502658 0.5361407
1.465256 0.9959487
-0.03145008 1.469225
-0.6123118 0.4350482
2.835865 0.813791
0.3719977 1.480999
0.1823074 2.021254
0.8959314 0.06066043
1.595854 0.2796394
1.912159 -0.9163929
0.2945114 0.4952059
1.24885 -0.6059925
0.1342074 2.213618
1.199625 -0.3185193
0.9309913 -1.110517
0.872087 0.6840946
3.101791 -1.167392
0.1737639 1.342365
0.8903627 -0.4154431
0.06540273 0.416569
0.4259192 1.505309
1.156109 1.709729
1.359429 0.2263714
3.156488 0.4225964
1.207526 -0.6812053
1.017864 0.8275782
1.522364 1.943503
0.5759831 -0.3306079
1.877255 2.212824
1.274367 1.120043
1.214842 2.429983
1.71819 1.357386
1.786364 0.9704503
-0.327213 1.148211
3.092998 -0.1282365
1.341277 2.716151
-0.6044491 0.596661
1.677792 0.2592813
-0.5155711 0.3502401
1.32168 1.600831
2.07485 1.518726
0.689455 -0.2345359
-0.5270584 -1.82072
-0.2162748 2.057316
0.4986476 1.6228
0.9284186 0.7395128
2.086211 0.1371825
2.1362 0.6363075
1.32826 0.05893711
-0.07351964 -0.7301483
1.06268 0.3836084
0.9908738 -0.3718647
-0.5636942 0.1879762
3.227528 0.8879497
2.166528 0.5498048
0.3678413 1.309477
1.070937 -0.08233986
