0.1458323 1.166705
1.403875 1.64801
0.9569941 -1.87946
1.213373 -1.18177
-1.533648 -0.7900577
0.6361212 1.495622
1.82991 1.075981
0.8917598 -1.082322
0.7225486 -0.9798481
1.388139 1.015863
0.2856976 1.278599
1.130834 2.205523
1.247813 1.044849
-0.09995027 -0.4876716
0.2619331 -1.885038
1.564983 1.293741
1.840879 0.7489553
0.6833757 0.8302128
1.257229 1.059965
-0.54266 -0.5680792
0.9086821 2.685899
2.990611 0.4421822
0.6709855 0.2970508
-0.1010043 2.388282
-0.06300381 -0.2750393
1.897044 -1.166422
1.123622 0.3388975
0.2567561 0.5264185
1.973752 0.7429317
2.217753 2.0541
0.4850958 -1.006389
0.6367419 -0.0004010723
2.021045 0.5360424
0.6913742 0.4792237
1.764415 -1.70542
-0.8478102 2.643512
0.1350914 1.055728
2.189136 2.035666
0.5535293 1.874488
1.276888 -0.006347662
-1.101874 0.5297475
3.163434 1.302226
3.567998 1.203902
0.5417759 1.413488
0.8249278 0.1866611
0.0834664 0.03993286
1.129947 2.310239
1.106485 1.420513
-0.1815389 -0.5052237
-2.03043 -0.06643701
1.439083 1.371589
2.322525 1.557442
1.263758 1.32831
-1.250732 0.4318184
0.1132713 1.609091
-0.4863575 -0.9131808
0.05322158 0.02600776
-0.07095285 2.096212
1.410789 2.86756
1.791985 0.4560196
2.338911 0.1039695
0.1340463 0.2901311
0.6570585 -0.5079738
0.570939 1.047844
1.092472 0.9095543
0.9488947 0.4751002
0.6237593 1.398832
-0.06616639 0.7200944
0.201188 1.845014
-0.05418632 1.494242
-0.004527407 1.697164
1.391375 0.1114555
1.523921 -0.4382481
0.6203221 0.1655807
1.436566 2.011911
1.833253 2.921144
-0.5098844 -0.1785331
-0.04451877 1.617673
1.121915 0.7806578
0.9365578 -0.5869311
0.04714111 1.098588
0.6066709 0.9773671
2.882036 1.003231
1.055402 2.45029
0.7188338 1.683079
1.158552 -0.8835081
-0.02049137 1.690084
0.1809961 2.447337
1.584258 1.056311
1.489605 -0.5057242
0.2484484 1.134693
0.8314838 0.7967435
0.8562672 -0.8029297
1.013 -0.4041802
1.711942 -1.318967
0.04735269 -2.117211
-0.3543093 -0.1373218
1.689019 -0.008553598
-0.426256 1.092374
1.013933 0.05763825
