2.21991 1.652455
3.248782 0.9727132
0.4522961 2.224495
1.187092 2.238456
1.380458 2.375301
0.3093788 1.652533
1.54813 1.383554
-0.4414412 0.8847443
1.100989 0.02087052
0.7962566 0.5823749
0.6911252 -0.2657862
0.3499869 0.9437217
1.695158 1.077595
1.986195 0.5692289
1.59734 0.2057132
-2.692018 -1.040244
-0.1088928 0.1341982
1.358845 2.013929
1.463907 0.612106
3.364973 -0.09849307
2.515022 0.1463078
4.508697 0.8937252
1.834704 0.6135312
-0.4722148 0.5057259
0.270586 0.02991603
1.911571 1.319572
2.152859 0.8551926
0.6064917 0.3908488
0.6960615 1.262494
-0.6385452 -0.421256
1.74399 0.8638521
-0.814424 0.6149569
0.02784695 0.9095617
2.03143 0.7109617
1.646038 -0.4494381
-2.234827 1.338302
0.115746 1.871297
2.158613 1.849827
1.982297 -0.6177743
2.482121 0.1646943
1.43827 -0.2239542
2.745456 2.010636
0.211063 0.4743413
2.766053 0.8672912
-1.828895 0.794594
0.6829346 -0.4592352
1.061086 0.1450031
-0.6595139 -0.6852172
-0.1179469 0.505883
-0.6534065 1.027076
1.613942 -0.08552132
-0.5803514 1.75114
1.622294 0.4860212
0.3896843 -0.8450102
1.423373 -1.220966
0.9512024 2.587876
0.4373625 0.02996627
-0.09629846 3.00279
-0.6864267 -0.2977957
-0.274922 -1.988683
2.216098 0.5568856
-0.1749321 0.7629796
3.269394 -1.311913
0.4951228 1.788032
-0.2322926 -1.166067
0.6594786 1.83418
1.503478 1.058594
-0.3020482 0.8855557
1.042235 1.975899
0.007733819 1.446328
0.8606404 -0.0635322
1.074922 0.87522
1.848098 0.3924195
-0.5212645 1.745051
-1.306236 0.0003356398
0.9433395 0.8054849
2.050823 0.6194332
1.935648 0.3007256
2.477635 -0.1326015
0.9356013 0.8653664
-1.199931 1.702752
1.594284 0.5116838
1.180066 0.8317594
2.910007 1.717657
-0.2150442 -0.3098552
0.5285765 1.062774
0.7122544 1.315452
1.395242 -0.4367234
0.5410958 0.08536579
1.256267 -0.0043459
0.4005616 1.449273
1.172397 2.485159
1.120479 0.9849674
0.1026397 1.384496
0.4636948 0.8982995
0.2131946 -0.2381349
-0.2419317 -0.3378957
0.788366 2.26422
-0.7003517 1.46199
0.9031518 -0.1691355
