0.9553155 -0.7727751
0.7077245 -0.4614816
0.9982246 -0.1858869
0.9278681 0.9399203
1.496364 0.2167127
0.9382815 -0.2126286
2.682296 1.392543
2.301006 -0.6883259
1.158898 0.3356397
0.3263677 -0.2911542
0.6294131 -0.1629213
0.4788224 -0.7228506
0.6240362 1.679831
0.2016987 3.018947
1.323554 1.262838
1.445308 1.018053
0.07931151 -0.7347962
1.166522 0.7142939
1.147453 1.378222
0.9667114 -0.126432
0.7499139 1.914042
2.144366 0.04999152
1.444815 1.813716
-1.026058 -0.1811021
1.566423 -0.2403633
0.3979289 0.3082692
1.490013 -0.01206177
0.7837519 0.8527149
1.688901 0.9836911
2.04014 0.7756178
0.9019126 0.9255971
1.481112 -0.3990357
1.112827 -0.9608827
0.8556108 0.2056724
0.06130851 0.05670176
2.189557 1.625054
-0.03545544 0.5004504
2.198938 2.312486
-0.7249901 0.4625015
0.5391275 1.106166
1.89376 2.012315
1.263488 0.3077769
1.257291 0.9120301
0.9496977 2.139844
2.407485 0.1437749
1.007077 1.09816
1.565426 -1.050649
0.112731 -0.4698682
-0.2772092 1.01695
2.197729 1.154466
0.6609884 2.336915
1.328319 0.2914486
0.3120625 1.199816
-0.08486139 0.1861782
0.7151274 1.031287
-0.2010283 2.905908
1.885226 0.1690983
0.8928422 1.089873
1.134349 2.070387
2.249963 1.974425
0.06071744 2.679944
-1.399322 0.9551864
1.085953 1.554582
0.02560921 0.1736929
1.497895 0.1138702
0.2608507 -0.8097604
1.840245 -0.2585779
-0.2199455 1.445746
1.424763 0.06685364
-0.08888568 -0.04316751
2.595893 0.803809
1.364282 0.6620845
2.695789 1.258938
0.7962983 1.580854
0.1338438 2.465224
0.9619593 0.09729438
0.3156517 2.266623
2.246471 1.258266
1.338376 1.680372
0.5087577 2.817749
1.142881 2.27005
1.439076 1.163249
1.073702 -0.2150229
1.09419 -0.6812846
3.120919 0.470953
-0.01939041 1.228918
2.196527 -1.265973
2.193586 0.2431842
0.7220854 0.3468654
1.834282 1.483366
3.160583 -0.523815
0.1376939 0.3536524
0.5643016 1.536893
1.93987 0.2690933
1.957934 -0.1815073
1.274591 0.6234666
0.4445818 1.288216
0.2580893 0.716968
1.200058 -1.397404
2.841482 2.06237
