0.3147103 1.438643
0.9926409 0.9361044
0.3603677 0.8458352
1.35953 3.101977
1.895236 2.15534
1.276134 1.987371
1.987039 0.6274882
0.5417856 0.1376335
1.896018 0.7818914
1.954836 -0.4345633
2.103435 2.072385
0.2037435 0.1965712
1.340381 1.813181
-0.862238 1.248796
2.941189 -1.065049
1.713716 0.9671784
1.012528 -0.05658289
0.9531749 0.1221021
-0.8120293 1.704304
1.177777 0.6868751
1.10004 0.8494024
0.6772603 0.3128238
1.515685 0.8255469
0.3403366 -0.01583773
1.197918 1.854926
-0.5227708 1.820641
1.249157 1.467446
0.6729295 1.907373
0.3347235 1.055771
-0.5431531 0.6859102
1.213316 0.6461837
0.6461411 1.933565
0.04874795 0.1483608
1.438753 1.685701
2.223048 0.3634678
0.7450463 -0.6072898
0.2644467 1.052609
0.9201563 2.128354
0.4162205 -0.7796122
-0.2832158 0.4898465
-0.5859344 2.797778
2.344276 0.2019323
1.273895 -0.9271513
0.01534533 0.8348763
-0.1441515 0.9648718
1.627845 2.282165
2.300018 0.389733
0.9858789 1.26959
0.7620231 0.6290173
0.8304649 1.698335
0.3424216 -0.3920333
0.009160167 0.5123552
0.3088012 0.9465149
-0.3633716 -0.8120334
1.441222 1.086601
1.955506 0.6593158
1.821589 1.243195
0.3189752 1.140022
-0.3824063 1.048874
0.9708491 2.04932
3.159084 -0.2987826
0.01293047 0.5409029
0.7461615 2.469128
0.9045518 2.559077
0.768765 0.09638143
2.534532 -0.8871704
1.311054 1.035458
-0.5111433 0.6114701
2.156297 2.014313
1.165101 1.674308
-0.3351468 1.723803
-0.09773719 1.232649
1.898062 -0.06537116
1.864592 -0.09901806
-0.9186546 1.007246
2.520152 2.264706
1.429497 1.956077
1.465595 0.8736651
1.55969 -1.366605
2.505307 0.8300143
-0.9073471 1.441282
0.6027079 1.390913
0.4187172 0.2143097
0.9507614 -1.060827
2.383374 2.348796
1.870192 0.7318506
1.003836 1.182875
0.4695782 -0.2490097
2.904854 0.4588576
1.175707 0.1373082
0.5434849 1.70438
-1.688469 1.270275
0.02361401 1.261663
0.9763174 1.129721
0.8747442 0.2253797
1.949135 0.6375564
0.5138544 0.3748293
0.6496022 -0.702218
3.435855 -0.1769633
-0.1913507 0.9096959
