0.1633554 1.708871
-0.1600988 2.424445
2.007319 -0.1479424
-1.548039 0.6999209
-0.03090219 1.873929
1.787411 1.237033
1.238541 0.2659732
1.515037 1.247025
1.169068 -0.33552
0.9913852 1.189086
0.7022702 0.8027928
1.125236 1.486042
-0.1093214 0.01969386
0.5884467 1.318546
1.351021 0.09121082
1.168354 1.386803
2.660909 0.6520028
4.245375 -0.1919218
-0.3212808 1.696889
0.4505989 0.9940432
2.065074 -1.076089
2.874998 0.5244127
2.231934 0.7711131
1.368405 0.8084606
1.538328 1.820328
0.9131456 0.1894613
1.240506 0.02379431
0.2028177 -0.01405711
1.98607 1.055755
0.395109 3.594064
1.022961 2.571891
0.6314314 -0.4767421
1.750919 0.3366404
2.397879 1.251139
-0.5097807 -0.4673622
-3.951907e-06 1.752999
2.315425 0.619115
1.442616 0.5777981
0.6508081 0.3462348
0.9692261 -0.05580195
1.286246 -0.4849426
-0.4592756 -0.5925538
0.2832998 0.6325727
2.447175 0.5498122
0.6117773 0.03743415
0.6879622 1.771175
1.957893 1.013897
0.774109 0.2240468
1.923572 0.4994571
0.7922341 -0.670507
0.9058495 1.742442
0.278613 1.093969
-0.3665115 1.160677
1.334234 -0.4238208
-0.3587917 0.07774983
2.699513 0.007573034
0.3017062 -0.5471637
1.219362 1.528874
1.166356 -0.5213897
1.905289 0.1470311
-0.2052236 0.3204012
2.177259 -0.2398641
-0.5083779 -0.1218063
1.310028 1.237022
3.188001 0.04877274
2.620284 1.008206
0.658541 1.218123
-0.09104087 1.88958
2.776133 0.2072996
1.478934 -0.7672383
1.394986 2.177272
1.760306 1.368776
-0.2201058 1.21865
0.9117113 0.5056157
2.471451 0.68748
0.3648271 2.235829
0.2321293 0.1642451
2.341037 1.072388
0.5893804 2.240436
1.876961 0.03780135
2.920566 0.9092504
1.613431 0.9601051
0.4418256 -1.465093
0.3507191 1.651145
-0.4606022 1.105321
0.2034596 2.952353
-0.5935346 1.351641
2.557981 2.061971
0.7359685 0.8718346
1.318707 -0.2336789
-0.4980768 0.546672
3.866156 0.9742978
0.5252345 -0.1180776
0.660635 1.435334
0.5793109 1.328679
2.564821 1.247756
0.632705 1.253408
0.6570024 0.1933539
1.590806 -0.7020118
-0.1586604 1.17518
