1.984596 0.9399954
0.7365818 0.8448539
0.6987642 -0.6115129
0.4365099 -0.4547055
1.538765 2.905874
1.682886 1.472354
2.005609 0.1803221
-0.01783265 0.9450775
1.765439 -0.3225288
0.07078101 -1.056789
2.638697 -0.1359128
-0.0172296 -0.2633408
1.87763 -0.173806
0.4597987 0.8573541
1.612851 -0.6896794
1.010441 0.6508794
3.130065 0.4691724
2.170907 1.067685
4.005619 1.088762
1.534347 0.9122606
0.1016133 -0.5820216
0.2496078 -1.089698
1.089342 1.381694
1.447683 1.304983
0.166191 0.4180076
1.50994 0.4084942
-0.04232149 0.385503
1.108338 -0.01073931
2.021853 1.594164
1.40913 0.9732006
0.810089 -0.0944017
1.384687 1.589353
-2.251656 1.090416
1.639677 0.6620189
2.168241 -0.4263958
0.3940249 0.1110425
0.2060498 -0.7903478
0.906101 -0.8196311
1.115143 0.5517806
0.5710817 -1.285471
2.797492 2.902547
0.02625578 -1.153228
1.183232 1.426347
0.6026639 0.09923327
1.945291 1.596101
1.400821 0.2274304
1.537483 1.663495
0.3456887 0.7386185
-0.6822763 -0.6262688
2.345626 1.654683
1.009279 2.228425
-0.3894182 1.283904
1.374283 -1.192959
1.87402 -0.1931933
1.079201 1.900178
-0.35669 1.489118
1.308341 0.2754723
1.46167 0.3027303
2.593848 1.149328
0.4259849 1.432074
0.9390975 -1.251153
2.163211 -0.7644417
-0.07400625 0.740604
3.668725 -1.418872
0.2485684 0.6443401
-1.88029 0.7704836
0.7783402 1.070435
1.411589 -1.225736
0.7665149 0.9332295
0.7695926 0.6430808
1.286466 1.890342
2.807888 0.732093
0.9316788 1.113752
-0.3374331 2.494411
1.360963 0.2230076
-1.270237 1.085981
0.4501363 1.091911
-0.2007867 -0.6547796
0.7818842 0.7903557
-0.5140154 1.049811
0.1105372 -1.177255
-0.2684137 -0.2286504
1.347672 0.986448
1.127207 -0.2636045
2.270495 1.73228
0.5426135 -0.3032887
0.6434088 0.4597056
1.864349 0.5943258
1.243594 2.36505
2.285721 2.114192
1.632945 -0.2717476
0.9763104 1.347868
0.9548166 2.565467
1.020593 -2.308083
2.337507 0.6310043
2.599404 0.4879525
1.573207 2.457937
0.6398947 0.05775807
-0.3204511 -0.282472
0.864362 -0.2379548
