-0.06985135 0.6023928
1.438687 -0.6892619
0.3529377 1.241626
0.3609742 1.227866
2.143662 0.8835727
1.265929 -0.8623477
0.7114756 1.245928
0.3190764 1.652873
1.210624 -0.6187915
1.045509 1.038702
-0.163998 1.113527
2.121222 -0.03376782
1.406499 1.101695
1.496438 2.08787
1.288857 0.9988928
-0.740941 -1.215606
-0.8782244 -0.1393018
1.306604 -0.3896938
-0.1860695 -0.06988547
-1.279194 1.096817
1.087189 1.78196
1.285433 0.5583895
1.298591 0.6967227
-0.01790122 2.525745
1.66223 0.724861
1.369631 0.5731191
1.91357 0.7139963
-0.04776466 -1.033544
-0.4683689 0.2037083
3.09308 0.7875589
1.504821 1.738502
1.145047 0.9871048
-0.5885173 2.478842
0.9563408 0.92015
2.429481 1.949221
2.539296 -0.451081
2.394833 1.494167
0.581995 0.848495
-0.4092309 0.1970395
-0.6674426 -0.5949025
-0.4606646 1.444751
-0.09626148 2.65125
-0.69878 -1.188325
0.3474478 0.1378856
1.095578 1.000751
2.356499 0.4724938
0.903529 -0.7315629
0.9657676 0.9269154
-0.1784527 -0.3923421
1.540496 -0.4527087
1.099864 0.6535548
0.1181138 1.119396
2.539877 -0.389629
-0.396953 0.8011472
2.352054 0.9844292
1.396169 2.290532
0.5745381 1.616016
-0.0811372 -1.645121
0.8562801 -0.112065
0.6873676 1.420524
0.8570633 0.6340022
0.003415045 2.345663
1.0309 0.07250346
0.3424046 1.858366
2.358141 1.33135
-0.407866 0.8619297
1.703974 2.614126
-0.7362973 -0.206852
1.0108 -0.7879067
-0.0144524 -0.3963174
1.706449 -0.5520105
1.318575 1.269799
1.77622 -0.4907002
2.521796 1.41236
-0.5405048 -0.3725495
1.272675 2.203806
0.8018101 0.8127577
0.03697167 1.347338
-0.2630484 0.1291507
2.115086 0.2962314
1.308392 0.1941146
1.188188 0.7860822
0.8816426 1.86216
3.004811 0.5190487
0.4107635 0.6849163
-1.061593 0.04083055
0.9570807 1.032668
1.880809 1.848041
1.7849 0.6435585
-0.7443655 1.238002
-0.901882 -0.5933369
1.606476 -1.086986
0.8068195 1.056354
1.827931 -0.969716
0.4677232 0.9070977
1.338463 0.417535
0.9037924 -1.370037
0.7979748 1.2746
0.6397162 -0.5778134
-0.2050217 0.4518338
