1.493658 0.8666862
0.5099942 1.95198
1.502517 0.330194
1.487242 0.1863487
-0.7934793 0.2795334
2.355522 1.344476
2.045346 1.955212
-0.5792282 2.047003
0.6866992 -0.2140782
2.681037 1.982691
1.555525 1.087549
0.9524826 0.8783252
-0.275302 1.503636
0.5952891 2.076708
0.06112174 -0.6038031
0.740583 1.14973
2.248256 0.5202098
1.926996 -1.01162
-0.001246919 1.064506
1.272295 0.07822014
1.393505 1.337212
-0.300925 0.1202719
-0.144482 0.2142601
2.206317 1.344776
0.6005015 1.537529
0.9772672 -0.7295526
1.100641 1.468136
2.135777 1.98024
-0.7829144 1.691083
1.606527 -0.6877889
1.217548 0.0351632
2.090084 -0.4180358
1.878103 -0.0912519
0.4969644 -0.8600692
1.745861 -0.7438976
-0.1836796 0.8228851
0.2403069 1.554566
-0.3985541 0.2538186
1.583119 0.7930614
-0.3146624 1.537582
3.168794 1.731499
1.365667 0.04434807
0.6986048 0.2868574
0.9331381 -1.054009
-0.04074211 0.3142953
0.9305866 1.507067
1.293378 -1.272853
1.939122 -0.6231
1.142351 2.18694
-0.9311782 0.3909903
2.158649 0.0005703927
2.286216 0.7407121
1.499753 1.888009
1.650198 1.098796
1.528047 -0.8084986
0.8353223 1.397064
-0.816646 0.004624579
1.168199 0.03232343
0.2437857 0.7749572
2.269849 0.5707989
1.932621 1.534556
1.190982 -0.2984166
1.666344 1.514842
0.5730802 0.3664168
1.308566 -0.8462515
2.806818 0.5879586
-0.1441743 1.53359
0.1151295 2.213548
0.9751208 0.8853824
1.252499 0.8673715
0.6063068 1.216927
2.553682 0.2477275
1.790497 -0.8286132
1.076649 0.4254751
1.768031 -1.359954
0.1350566 0.1563825
1.417635 0.2782205
-0.04573512 0.6395758
1.774543 -0.930948
1.222495 2.109325
0.3476828 0.2259974
2.031172 0.8015625
1.925422 0.8722193
0.9726416 0.4619077
0.2246538 -1.269923
1.414807 1.892408
0.8657527 1.065366
0.5307996 1.341377
2.956845 0.4124271
-0.8548225 1.281203
-0.3994802 0.5401852
0.4870305 1.150975
-0.1160867 0.6559434
1.971386 -0.1939399
1.992653 1.093117
0.4230393 0.6814744
-0.7479454 0.8549159
2.478946 2.179623
1.409569 0.7922926
-0.9247065 -0.06303637
