-0.04329527 0.9371395
2.514352 2.843343
-0.4560777 -0.6791125
0.3066328 1.125167
0.4023513 -0.4806098
2.72488 0.9397723
1.48275 1.513758
1.321932 0.9418176
2.04977 0.6334489
2.111438 2.494216
0.02497034 1.22027
1.540225 3.273644
0.5948217 -0.5851385
-0.152835 3.401592
0.1836753 0.9563338
0.9400212 -0.3374428
2.875433 -1.068616
0.4360548 -0.4217985
-0.00586197 0.7121102
0.341073 2.685471
1.28332 -0.4531881
1.73008 0.8322043
2.184123 2.018024
-0.4800684 0.9123035
1.808542 -0.314337
2.171842 0.7128124
-0.2271815 2.005663
0.7639543 -0.9054587
2.733771 2.181467
1.825329 1.720959
-1.209372 1.191461
2.046031 1.202945
0.01942792 0.7215456
1.667109 -0.2760615
1.461883 0.6800645
0.1478248 -0.6322899
-1.01111 -0.6899228
1.18785 1.513121
0.8986477 1.818513
-1.034819 1.821382
1.87945 0.8092219
1.815922 1.524975
1.187544 0.1316573
1.129211 0.9395466
1.0707 0.2636037
0.6514436 0.3727258
1.795327 0.776923
1.10078 1.758269
1.130472 0.3620724
1.110834 -0.7757488
0.8306612 0.9421727
2.198765 -0.2222097
1.260784 -0.638837
0.8119576 1.138875
0.5423136 0.5988766
0.3536273 2.007454
0.5581689 2.964559
-0.04012162 0.293611
0.5461071 1.58055
2.017207 1.352782
0.1506429 2.953356
0.9550481 0.8778189
3.145457 1.482195
1.420943 -0.02334986
1.139657 -1.056083
3.036731 0.7580036
0.5323779 1.221979
0.479551 -1.464268
2.171943 -0.9408496
1.39984 -0.3332699
0.5102984 1.447849
1.506172 2.326968
0.1976465 -0.3779943
2.479971 0.2997518
2.062936 0.08855887
3.121675 0.6833219
2.685848 -0.9187987
-0.2581669 1.322251
2.274432 1.360605
1.819952 0.3737067
-0.5680508 -0.7206152
0.3388652 -0.06175925
0.02237084 -1.28916
-0.4458677 -0.2322634
0.5909191 1.716733
1.020546 1.803253
0.3250551 0.7182441
1.599594 1.708841
1.289612 1.673916
0.8333492 -0.7785709
0.5804735 -0.5113467
0.6360436 1.024252
1.261946 1.334159
0.8905344 0.6301785
0.8216589 0.5116005
1.602067 1.756468
1.680537 0.5499266
1.053146 0.2928008
0.703963 0.792085
2.451885 -0.1159192
