0.3664791 0.9759336
0.3678643 -1.419182
1.506957 -0.5382377
2.766366 0.9044574
2.269223 0.5899345
1.38032 -1.521129
0.4531985 1.60488
2.700487 2.219027
0.2229778 1.061306
-0.2053332 1.487202
0.06392053 -0.7452702
1.351381 1.360587
2.188795 0.2220062
1.833264 -0.02995383
1.053177 1.765506
2.433331 -0.1222887
2.069145 1.385388
0.4704018 1.316183
1.17423 2.121473
1.342887 0.735822
2.425134 -0.5410293
1.345102 0.9527111
0.7889422 -1.719106
1.046813 1.770731
3.453003 -1.75482
1.953241 1.324058
0.5598573 0.3610893
1.979918 0.101759
1.47492 1.782693
0.006534545 0.6020629
2.130658 2.625942
1.172505 0.4074422
1.695316 0.2696368
0.7881395 -1.258487
0.698444 1.800824
1.752069 1.257793
1.003835 2.064075
1.916359 0.5018264
-0.1733544 1.774022
3.06657 1.005532
1.606565 0.3530439
-0.07915179 0.07266647
0.5312449 1.099625
1.181774 -0.990903
0.8851827 0.413764
1.585972 1.628671
0.1016495 -0.6263294
1.446581 -0.09463113
1.322255 -0.685831
-1.885176 0.5975323
0.7950604 0.5512703
2.101774 2.642339
2.501658 -0.6098191
0.7276884 0.9580344
0.2655433 0.3598648
-0.135 0.8525544
2.154452 2.241879
0.8678925 1.028674
3.087677 1.642263
-0.926745 1.167266
-0.02683581 0.4147868
2.349397 1.65995
-0.5075808 0.1453513
0.1673325 0.8380138
1.81039 1.833348
0.6699694 1.073484
0.09367627 -0.5116728
2.259761 0.8168839
2.64922 0.004545657
1.901293 0.4668694
1.648285 0.6040303
1.925159 -0.4557251
0.6019925 -0.2116184
0.3513097 -0.001871968
1.675591 -1.227623
0.8812934 1.427592
2.013482 -0.9810906
1.811546 -0.6738391
0.368433 0.2145174
0.1370034 1.952853
0.5822643 2.112418
1.126758 1.115969
0.09123216 1.077723
1.255159 0.1794298
0.7124404 3.121649
1.119596 1.55453
1.359006 -0.158142
0.3911705 2.916235
0.6331747 0.7160926
1.017509 -0.6591438
0.1215133 1.267961
2.681769 -0.06365264
-0.2301257 -0.8428218
0.0616873 1.428834
0.8141723 0.7310009
0.2244712 -1.002954
1.47219 1.897241
0.9568049 0.7441
0.5761523 -0.2727451
2.20328 0.6108488
