0.6919576 0.02315056
1.573562 0.3790592
0.4954999 2.264035
1.426044 0.8809156
1.865194 2.593713
2.087114 0.03298756
1.171023 0.9470609
-0.4920345 0.252528
-0.8756926 1.348359
0.9844205 3.184852
-0.2345985 2.151541
1.609925 1.035568
1.268279 -0.1884133
1.487146 -0.6780352
1.232548 -0.21003
0.6769887 -0.7376938
1.288709 0.763718
0.424073 0.3049904
1.004967 1.97458
0.1992613 0.5390494
1.936926 2.438317
2.453486 2.250706
0.9315922 1.824864
1.391847 -0.4495399
0.9503151 1.413522
3.259929 -0.3637315
0.1579221 0.4515084
0.0006979621 0.3920466
0.8291592 -0.7351109
0.1602973 2.563889
2.178224 0.572404
2.165818 2.041386
1.383834 -1.129709
1.592793 1.81845
1.585881 1.576565
1.944977 1.961412
-0.09109493 0.3197213
2.545449 -0.3325085
-0.08900706 1.456507
0.3862315 1.01914
0.2745255 1.223866
-0.2875629 1.513823
1.501449 -0.04441965
1.68076 1.990686
1.031305 -0.7751621
1.78322 0.8501168
-0.4831599 0.7492991
1.098582 1.853396
1.245055 -2.045839
0.1718347 -0.05293188
1.361999 1.202624
1.045032 -0.6371304
0.5522059 -0.5790765
0.8985126 0.2369973
1.554373 1.182845
-1.932337 1.272693
-0.2311846 1.269247
0.002911804 1.926953
1.460595 0.320069
1.944752 0.7039746
0.6986582 1.447753
2.048458 0.3045299
0.5361847 1.426843
-0.5808763 0.7007319
0.3594516 0.4475059
1.460213 3.490605
1.058956 0.9837745
-0.6993509 2.209549
1.975215 0.9794943
0.3608299 -0.1983268
1.677403 2.090751
0.4994319 1.248776
0.5694146 0.8661312
1.263466 2.191466
0.9938209 -0.559947
2.80598 2.412732
1.28846 0.101822
0.6264666 1.531121
1.224222 -0.1868875
2.788394 2.846615
-0.8486409 0.2804952
0.7577826 0.6727837
0.9614482 1.238337
0.9247227 -0.9238215
0.3675526 1.643286
1.491069 0.368363
0.3475562 1.064057
0.7370675 1.545265
0.08731343 -2.342211
-0.2928956 0.3671822
1.608973 -0.4197904
0.3209364 -0.008523377
0.7013461 -0.3265946
2.188262 1.632522
0.3654194 -0.7990414
0.8724497 0.3216711
-1.565232 -0.6710081
-1.143914 -0.4192022
0.8976135 0.02904012
1.245291 1.604673
