1.161457 1.950723
0.7375297 1.406363
0.7712148 -0.2852519
1.382693 0.659827
1.63711 1.980236
0.355981 1.399471
0.7987662 -1.056875
0.8226076 0.5871043
0.2088202 1.149648
-0.3962095 0.3216135
0.7102627 -0.06413181
0.2426565 3.095878
1.145595 1.331227
1.023069 1.067323
1.001949 0.5842258
1.326072 0.5803238
2.224651 -0.9228211
0.9506951 1.549359
-0.2751306 -0.03714478
0.3240547 0.06412516
1.984354 -1.475535
1.211571 -0.08925582
0.9325393 1.231253
-0.05553856 1.570329
0.7073621 0.6443373
1.984942 0.116385
-0.3162137 -0.2151171
2.216716 0.6448279
1.711916 2.083017
1.334175 1.920947
1.085433 1.568371
0.9763993 1.405136
-0.05981436 -0.7150182
0.5241294 1.513411
0.8650851 1.275777
1.04583 -0.5520734
0.9633921 0.4689356
2.567846 1.675457
0.2214767 0.3366715
1.374603 1.096621
1.520352 0.8086981
1.140248 1.714693
0.6557856 1.536386
0.6409972 0.2859672
-1.772308 -0.2164623
1.686873 1.81397
0.05878381 2.15414
1.594741 0.9125433
1.526411 -0.8056134
1.866058 -1.18734
1.691375 -1.123769
0.1625725 1.175736
1.107498 -0.220775
-1.395252 0.9957793
-0.004834922 -0.02235459
1.44597 1.53527
0.7834824 0.2558599
1.999166 0.8084408
0.624905 -0.1085864
-1.027011 0.7490405
-0.1551474 2.203772
0.05621004 -0.644023
1.049296 0.02578465
0.6953578 1.222237
0.9479621 -0.1170553
1.100484 0.5811155
0.7090008 0.2379354
1.85252 -0.9562731
1.364608 0.24491
1.172107 -0.2704662
0.7974044 2.514317
0.9011179 -0.8187017
0.6491835 0.04896503
0.6355099 -0.8913949
0.07295178 -0.953824
1.001596 0.8830827
-1.422542 0.6723649
2.149202 -0.862853
4.074988 0.4061478
2.373826 1.902882
2.166982 2.545717
2.054037 0.7140509
1.766237 -0.7905187
0.08391603 0.5929195
0.8225416 0.6206068
1.505177 0.8369935
0.5290629 0.4552681
1.92962 0.9355551
1.928497 0.08425917
3.05048 -0.7994673
1.515321 0.2261863
2.292759 -1.006038
2.273854 1.832985
0.6562911 0.2965241
0.804754 -0.5542803
1.215969 0.5693291
1.023182 0.7649521
1.221595 -0.01691643
2.627356 0.3887424
2.554991 0.8947478
