1.08654 1.00638
2.041843 1.249156
0.9953016 -0.01008376
0.7169875 2.214875
1.509823 -0.1022876
-0.408908 -0.3749288
1.433444 0.87637
-0.00389748 0.4013184
0.1517814 0.3428378
-0.5198203 0.7431811
1.677054 -0.6523995
1.946477 0.095923
2.63756 0.4821303
0.5164896 -0.4571976
2.224514 1.88132
-0.6149244 -0.3350162
0.1471489 2.029138
-0.1457533 0.2615917
2.08438 1.97585
1.965284 -1.588822
-0.6707284 0.09179396
0.4464028 1.95503
-0.33893 1.300784
4.381495 0.4886258
0.9597092 -1.942825
1.069542 1.220289
2.106323 1.087204
0.195208 1.972996
2.659329 0.3762528
-0.5647459 0.5650279
0.3727108 0.3706227
0.7631768 0.1119436
3.1818 2.522984
0.399295 -0.8072061
2.047797 -1.410858
0.2083629 -0.2362842
0.9716986 0.4329319
1.599043 0.1203355
0.1214086 2.157387
0.818458 0.3233773
2.437191 0.2430033
1.717687 0.282424
0.5536968 0.49997
-1.04973 -1.478701
1.534269 0.6788006
1.923541 -0.04557169
0.8308772 0.7868255
1.616183 1.406087
-0.152298 1.234637
0.8469325 0.6948833
0.3659827 0.5329216
-0.4120472 1.255729
0.1225992 -0.4958204
3.328936 0.282435
1.478687 0.8133561
3.246896 0.5973146
2.053459 0.8593573
2.201037 1.174064
0.9433073 2.297093
0.4673647 1.839897
-0.1698031 1.555245
1.071138 1.448094
1.861309 -0.4532227
2.199837 1.275584
2.684491 2.447354
-0.1759882 0.25002
1.284006 -1.268619
0.5858446 -0.4488439
0.8583197 -0.5214164
0.9666518 0.9572186
-0.4552664 2.066987
1.261031 -0.3589779
1.468638 1.525616
-0.2769307 0.459493
0.3835247 2.361664
-0.2680687 1.064076
0.06028337 0.3427654
-0.4781169 1.237334
0.6055575 0.1312699
1.506397 0.6798834
1.401858 2.089884
0.8464073 1.40681
1.479601 0.7626623
2.194705 0.3807377
1.994575 0.04494455
1.325554 3.210874
3.252262 1.286553
-0.3468936 -0.02202687
0.2386032 1.678625
2.434634 0.5941707
-0.6963218 0.485412
2.453688 0.7221006
0.2777036 -1.217865
0.7172001 1.326402
1.480687 2.176112
0.9149651 1.484261
0.3364597 1.753655
1.149792 0.1727186
0.9570664 0.3866495
0.4700081 1.812448
