1.905051 0.1700271
0.7522145 0.2113982
0.2497512 0.918485
-0.4349967 1.169414
0.8968999 0.5924684
1.377502 1.401379
0.2507878 2.004723
1.767471 1.434577
-0.2572587 0.2681109
1.06776 1.265839
1.359124 0.8710605
4.151006 -1.734557
0.1964687 2.175671
0.7487044 -0.03500978
1.803979 1.711304
1.409869 0.3280178
1.747998 0.02493782
1.006362 0.2809649
1.805828 -0.157374
-0.2040929 1.559293
-0.1689348 1.819857
-1.042918 0.6241672
1.574154 0.5902366
2.254779 0.7554472
2.441332 1.397325
0.8406956 0.8749925
1.444264 -0.4066048
1.586735 3.095493
0.02673522 -0.6481385
0.1203682 -0.07117876
1.470219 -0.7107403
1.319688 0.3619793
1.059838 1.226836
0.4862775 -1.023673
-0.568608 0.05677076
0.7786191 2.07597
0.8583617 0.8874989
0.7732 1.84281
2.206192 0.2736979
-0.0275849 -0.2169838
3.417954 1.837005
2.127227 0.8577153
0.6903295 0.63586
4.525752 -1.779461
2.27542 1.29408
-1.031281 1.447627
3.334754 0.9432455
1.460978 1.360611
-0.04151566 -0.6656985
1.568188 1.446239
1.239942 1.103176
2.866466 1.315551
-0.8614673 -0.6847497
0.5823242 0.2686544
0.08129319 1.10176
-0.31937 0.6094377
3.349861 -0.4643908
0.5406001 0.2546481
-0.1113825 0.5475102
1.830792 -0.2944127
2.431994 0.2426932
2.396014 0.9032929
-0.5891742 1.250461
1.634026 2.137638
0.8925643 0.7656272
-0.01741442 0.8139394
-2.015604 1.882073
2.034974 1.66372
0.3916437 2.49155
3.357603 2.625849
1.448632 0.173599
0.1552153 -0.05601537
1.486497 1.145639
0.02485999 -0.8117866
2.673596 2.594534
2.553308 -0.3410026
-0.2065225 0.1027436
0.7475583 1.225448
2.516559 0.2866776
0.7268865 1.102904
0.7935618 2.038484
1.403679 1.850819
0.2765872 0.9147799
1.547028 -1.137431
3.075965 -0.7692417
0.8134516 0.6708604
1.214057 0.7703341
0.8720543 0.8472919
0.8756894 1.613654
1.361822 1.244894
1.879897 -1.004693
0.1098145 3.07112
0.1199076 -0.7180042
1.273729 0.8207173
2.646045 0.7406267
1.98456 1.52931
1.364402 1.081528
1.307597 1.10097
-0.1765636 0.03918448
1.5489 -0.2505116
