-0.3249026 0.8033977
-0.7041746 -0.3085136
2.963137 0.8126459
1.278618 0.317403
2.01054 1.018466
0.2664207 0.7286578
2.668735 1.444767
0.4082015 2.012555
-0.5800833 -1.203667
-0.07563075 0.1369241
0.8338815 0.9214175
1.966054 -0.276307
2.881637 2.923481
-0.04220525 -0.003408455
2.245662 1.723438
0.7272061 -0.3377463
2.911377 0.74859
0.1874725 -0.05894719
0.395551 -0.4334611
1.288068 0.4799868
0.5119363 0.2657333
1.668519 0.5463043
-0.5629359 1.833996
1.067936 2.348169
-0.2976308 2.277156
-1.237728 0.6859044
1.523249 2.764314
1.055318 -0.06069058
2.779397 -0.1054628
2.264716 -0.03259974
0.2482163 0.04902515
1.707495 -0.8276023
1.340404 0.7481781
0.1936632 -0.05682477
0.3860786 1.49554
0.837523 -0.3330293
1.761888 1.965571
0.9355371 0.003173558
0.5945026 1.490691
0.7379176 1.329392
0.264309 1.991921
1.227553 1.573243
1.171701 0.5941749
2.127848 0.9307249
0.8652487 2.5285
1.780828 -0.3540252
1.413506 1.490546
2.052032 -0.6387831
1.676 0.2367252
1.302557 0.7139148
1.353109 2.594232
0.6223387 0.1032684
1.156042 -0.09680557
1.512643 1.438261
0.1538081 -0.5510559
-0.1391833 0.7392263
0.5711488 2.030114
0.5228212 1.281478
2.049606 1.357964
-1.080185 -1.163714
1.614872 1.186647
1.567087 0.5593994
0.9817686 0.8316499
0.8478142 -0.4958602
2.197227 0.01683842
0.3994842 1.585301
1.80986 -0.08442699
1.049004 1.098714
2.198149 2.178189
1.1446 1.466092
0.5786471 1.959317
0.2366073 1.679444
2.925112 0.8715812
1.254728 1.853085
0.8941518 1.362533
2.178814 -0.6283153
1.574195 1.524613
1.440003 0.9521764
2.770889 -0.1054497
1.588027 0.8647422
0.03324326 1.207611
0.4742774 0.6630484
1.513175 0.7846374
0.9148438 0.918481
-0.2050877 -0.1288332
1.05909 0.7949487
1.444295 1.837276
-0.2714795 0.202964
2.69188 1.390497
0.4761963 -0.8784922
1.383347 -0.6839247
2.397351 1.077844
2.163941 1.603645
-0.5027984 0.8297599
1.389632 0.7864349
1.624825 -0.7060877
2.30119 1.244707
1.578805 2.557196
1.985386 0.960001
2.169498 -0.5511546
