1.398334 2.623107
2.107131 0.4919724
2.607302 1.074568
2.596169 2.091525
0.3612492 0.7108776
0.451897 1.451194
-1.276862 1.700171
0.5865351 0.8636215
-0.3084113 1.262003
0.1757285 -0.7115379
0.7050558 0.9599863
0.69123 0.09162562
0.6186617 1.461043
2.189902 1.346188
0.9728819 0.3038827
1.70799 0.9642866
1.192291 1.252262
0.3324877 -0.4359605
2.573974 0.2303691
1.744598 2.16366
2.913792 1.879331
-0.2510907 0.6526307
1.422185 1.262463
0.7334642 -0.1444627
1.574599 -0.2460522
0.2328535 0.2892603
0.8919383 0.4592937
0.8365783 0.6805162
-0.06815783 1.854326
0.5415213 0.6107371
1.718446 0.07850328
1.560436 0.3703093
-0.9298308 1.483867
-0.7442903 0.2424305
1.115604 0.3420277
1.479588 1.553639
0.03847495 0.6134251
-0.3808284 0.2216617
0.2375737 1.217007
-0.09900814 0.02129343
2.404157 1.171831
1.025796 -0.3417831
-0.7939489 1.219328
-0.07345318 0.9682104
-1.719626 -0.335747
1.922754 -0.1772569
-1.477613 0.5140415
0.5886048 1.160965
1.354503 0.8582524
2.281178 -0.691938
1.214168 1.614959
3.886121 0.3707851
0.7472236 1.570777
1.637345 0.5932415
0.4690926 -1.339038
2.751022 2.702952
1.366634 1.27394
2.150046 0.6664835
-0.7246311 -0.001929259
-1.338134 1.451464
3.229337 2.057315
0.408381 0.7080568
1.986659 -1.838301
1.925642 1.3874
0.3941682 1.117736
-0.2932177 0.7231224
-0.2068559 0.3488332
1.856653 -0.6873542
1.168715 0.2503343
0.8311841 2.695629
1.821643 1.962746
2.075872 0.6934973
1.615634 0.9826729
0.9075142 1.366046
0.6481082 0.3245109
-0.4402851 -0.06374394
-0.01726576 -0.1974051
0.1795218 1.393997
0.254625 0.9540894
1.380951 0.4445044
1.697408 1.804985
0.2473295 -0.02879666
1.398851 0.7537102
1.931232 0.639983
0.2963367 1.710309
2.023504 1.339637
1.367008 0.1246727
0.938748 0.6835889
1.852646 1.423152
2.129383 -0.2145513
0.2536762 2.652348
2.00483 1.03131
2.511975 -1.663237
2.517068 -0.3183258
2.616405 -0.7610866
-1.544222 1.142449
1.089087 -0.5540735
-0.6349548 0.7894717
-0.04766599 2.277639
1.184305 -0.2693615
