1.786855 -0.2716807
1.283007 -0.896163
0.007752604 -0.01047773
0.5081601 2.099921
1.536946 0.5120242
1.578288 1.842002
0.4191113 1.927823
1.281506 1.037634
2.252129 1.46277
1.992688 -1.050364
0.1040693 0.2749227
2.173542 0.8763864
0.5603068 -0.5932329
3.388533 1.64814
-0.5628845 0.3006473
0.8525713 1.343925
0.8991523 0.7844836
0.2961047 0.3133127
2.783103 1.179687
1.828773 -0.5154422
-0.242547 1.44066
1.845831 0.8234825
1.36543 0.1400428
1.4282 -0.829148
1.144946 0.843966
0.121828 -0.8613504
0.1946921 -0.3584996
0.2917691 0.7140814
2.063824 -0.4807841
0.4565228 -0.4977344
0.3872056 1.897796
-0.2757235 1.338349
-0.1812512 1.082222
0.5193114 0.7302961
1.554645 0.07366483
1.559566 0.2313947
0.217589 0.6635749
0.05223857 1.245268
1.799237 -1.839865
1.086371 -0.8103892
-0.006179537 -0.2211256
0.02704805 0.6000458
1.20313 -1.375607
-0.420469 -1.602453
0.9826556 -0.5635707
2.574737 2.004794
-2.116845 0.9976531
2.180925 0.858352
1.052154 1.444457
2.209972 0.7099485
2.363269 -0.5023585
2.106777 0.9117016
1.792063 0.1947537
1.478996 -0.2748232
2.43081 2.127572
1.751001 2.162774
0.5707476 1.803313
-0.9034064 0.8342948
0.01881268 2.017172
1.952231 -0.2692656
1.535187 -0.7234119
0.1799969 0.0243835
1.147883 0.821575
1.773535 -0.4711439
-1.529482 0.053763
1.747569 -0.9553036
0.533765 -0.563961
0.1202733 1.113616
-0.5427547 -0.1544071
0.4994507 -0.8384824
1.933762 1.314662
-0.3432086 0.3487321
1.595869 1.496892
1.602149 2.198301
0.6076631 -0.8632873
1.778141 -1.275986
-0.8154371 0.5429865
0.6784047 0.7950962
-0.8504067 1.032094
1.965966 0.5375861
1.930627 1.985323
1.143263 0.2694098
1.952809 0.04147599
2.369204 0.5554368
2.673068 0.7012642
1.370995 0.5351074
-0.5445736 -0.9552496
2.465083 -0.4899757
1.691224 0.9573669
2.054567 0.3534256
-0.3464792 -0.6318481
0.05675707 -2.350535
1.915513 1.560121
0.8605546 0.1790233
-0.1556897 0.3463315
0.7706724 1.507011
1.528638 0.06738517
0.3116712 -0.2580349
-0.06308956 1.354599
-0.133022 1.215722
