1.804261 0.1235414
0.7511481 1.094931
1.087851 -0.1086949
1.71923 -0.5206403
-0.2674358 0.2683308
0.8261477 0.0359115
-1.490996 1.39576
-0.1671821 -0.1449352
-0.9220726 1.114739
2.014179 0.4220929
0.2696535 1.431734
0.8747122 2.412566
0.5799474 1.106737
2.665234 0.7113991
0.726539 1.051863
0.9876777 0.8233084
0.5640075 0.2347761
1.31643 0.1232215
1.664323 2.350687
0.8292373 1.583735
2.008862 -0.8143962
1.49645 0.3798375
1.094742 0.4283137
0.5609729 1.025917
0.7706258 0.03679303
2.284532 0.0283514
1.196069 1.228427
1.861295 0.2326208
1.553935 1.459561
0.9628374 1.156831
0.4647341 1.06385
2.25038 1.000528
2.682081 1.671037
-1.048304 1.163053
2.76851 1.354249
2.143646 -0.9001427
2.724185 1.670764
0.3727278 -0.1513279
1.519968 0.8600717
0.6245983 0.9433486
1.461411 0.4723553
0.4832962 0.03339556
2.789711 -0.295369
-0.1352453 -0.1931057
1.500472 -0.385993
0.326743 0.8302237
2.174224 -0.5486991
0.1370247 0.001952397
0.3173775 1.422824
1.246881 0.7762848
1.698929 -1.644326
1.660385 1.29482
1.141806 1.065015
1.793595 0.9801828
1.204482 1.211395
-0.2063876 2.295858
1.816449 1.241619
0.3498223 1.238429
0.6593411 1.175688
0.220528 -0.07902495
0.8364355 1.394395
0.06270776 -0.02463655
0.820095 1.206819
0.8189235 -0.7350659
1.9726 1.727289
0.1503787 1.127505
1.457786 2.105175
1.659848 0.7065899
-1.136831 0.6159567
1.645699 0.2258514
1.780468 -0.01935931
1.540365 1.332857
-1.730021 0.669081
-0.3725769 0.2218953
-0.1217498 -1.943589
2.175597 -0.8435601
0.06246991 -0.4774032
0.8168498 1.727285
1.285521 -0.7573165
-0.2599405 1.447754
0.08158501 1.180579
1.535987 0.5125933
2.732068 1.267148
0.8977851 0.07741919
-0.8551168 0.7191715
2.815396 1.528954
-0.6640792 0.08206306
-0.7426718 1.554523
0.8444495 0.8781254
1.227766 0.3557192
0.9897745 1.559775
0.808926 0.143016
0.4589632 -0.3859543
0.2870363 1.365267
1.889773 -0.06538419
1.223829 1.63444
2.045295 2.811661
0.5286772 0.927787
1.419438 1.168535
0.8229577 1.08251
