0.9096065 0.8454946
3.435353 0.0818604
1.336756 1.438591
2.15878 0.5817757
0.8949226 -0.7432809
0.9894477 0.5130573
1.103655 0.4615399
1.962359 0.8625163
1.024837 0.6447648
0.365369 0.7044351
2.257459 1.00843
4.060527 0.8779637
2.388268 -1.528019
0.9339893 0.7933573
3.302153 1.084678
1.887545 1.406139
0.6127643 0.5998362
0.9797928 2.386351
1.957943 -0.6585817
-0.1596784 0.1664307
-0.5231304 2.273751
0.1147204 3.168081
2.411748 0.5380496
0.9845522 1.170518
-1.348503 0.07601813
-0.8075382 1.422542
2.227788 0.3671155
1.235361 1.120321
-0.5624278 -1.197918
0.817939 0.9899891
-0.04013478 1.151439
0.2335795 0.751159
1.535945 1.565322
0.7704132 0.9422492
2.500646 0.3955701
4.820003 -0.4796555
0.07658358 0.4612425
0.463097 0.190465
0.3234937 1.488478
1.340369 1.826345
2.067425 0.148314
0.2156279 1.065798
-0.3496289 -0.4028186
0.9937275 -1.725777
2.332789 0.8943347
0.8850747 0.281656
1.314459 1.141328
0.9036736 -0.7500541
-0.8000782 2.69604
0.2860462 0.4261528
0.3850039 -0.1452663
2.025255 2.119258
2.492706 -0.3958799
-1.230962 1.052345
2.487906 1.834058
1.007201 -0.04827562
2.205972 0.9057576
1.000417 2.088825
1.182852 0.2856189
1.004877 -0.5319238
1.437539 2.622843
0.388572 -0.1284554
0.5995783 0.6761445
-0.1347721 1.491369
0.5380269 0.7585841
0.8569069 -0.7793427
-0.05806643 0.7520782
-0.8735701 -0.7602201
-0.1239492 1.853489
0.5830352 1.155834
1.897098 -0.1181473
0.9763691 0.9606019
2.060248 0.8374916
0.4570694 2.43917
1.010053 1.781349
0.9630345 0.009211961
1.922973 -0.3820155
1.56133 -1.088178
2.099315 -0.6533942
0.8624703 -1.085709
1.338298 3.567138
0.1844886 0.3734754
0.1070839 0.1444609
1.382818 -0.6037638
3.113192 0.9817
3.880328 -0.06700594
3.107485 -0.5298972
2.547252 -1.063716
2.204642 0.1242887
0.5825223 3.039617
0.4108617 -1.114729
1.225584 0.4478255
2.934033 0.6183178
1.947815 0.3201311
1.952089 0.04797619
1.153051 -0.2341222
-0.6001274 -1.031087
-0.5927298 0.06838786
1.147734 1.102173
-0.4248642 0.2536267
