0.6603068 0.431443
3.018065 1.182483
0.847639 0.4668009
0.7840615 0.4688476
1.64301 0.8908784
1.907765 0.2686121
0.9257333 -0.1012893
3.915179 0.6123749
0.7205508 -0.672545
1.016113 0.8519957
1.373311 -1.148421
-0.3702573 -0.2104731
0.4116382 2.181091
0.08652498 0.4909672
1.272667 0.1088155
0.3506067 0.5784276
1.75172 0.9925752
2.615086 1.408234
1.899045 -0.2783661
1.437862 2.394891
-0.2731345 0.9965349
1.610161 0.8241777
0.264882 1.723715
0.4267415 1.051378
0.005704099 -0.3284725
0.4536049 -0.5995721
-1.488082 1.49914
0.1520612 -0.3672964
0.8957616 0.9529938
1.048602 2.332664
-0.5942089 0.4721698
1.636049 -1.602582
-0.3537046 1.626366
-0.1292482 1.863551
0.03940703 -1.219878
1.307561 0.3705513
1.796677 0.4772864
1.009024 1.517016
2.799847 0.4151829
0.6980964 0.2449406
0.2172899 0.2522096
0.3358788 -0.4046765
-0.0749455 -0.218375
1.036978 -0.1078425
0.4304123 -0.2419753
2.59526 2.238177
0.6216288 -0.5834114
0.8023409 1.638569
3.232787 -1.493456
0.7664637 0.9499252
2.036509 2.104407
0.7672426 -0.09972465
1.668489 2.05953
1.319935 0.9654811
-0.4424038 1.512636
1.34121 1.651784
1.145201 0.08798336
1.695714 0.4205352
1.716143 0.3244496
0.05854373 0.2537286
1.941841 -0.06751299
2.289543 0.2921824
0.7134991 0.6335538
0.382898 0.7352137
1.17469 2.519637
1.487261 1.479903
0.8964176 -0.07628663
2.153811 0.5640487
-0.239355 -1.223497
1.451871 1.535618
-0.142659 1.432931
1.474731 0.9006608
-1.056606 -1.136061
1.49058 2.302423
0.5068971 0.7412598
0.650944 -1.646818
1.00278 1.608882
0.1955232 2.02492
0.1257293 0.6734177
0.6370782 -0.9966554
0.1651185 0.1523805
1.043665 0.2508461
1.8806 2.874545
2.062378 0.6820213
0.9367078 1.431018
0.08570565 0.9917672
3.186536 0.3617476
0.04466694 1.151331
1.143826 -0.03122989
2.922577 0.7696455
1.236125 0.7107285
1.997737 -0.8272483
1.639178 1.49635
1.937417 0.2453198
2.209804 -0.5834852
0.6928596 1.873136
-0.07490568 1.449316
1.468797 0.2938822
0.6557242 -0.5085779
0.002698354 0.9062275
