-0.7890014 0.1154912
1.448169 1.283897
1.156315 1.62717
1.247612 0.9483032
1.289496 1.04011
0.8774617 -0.486667
0.7442744 1.643702
-0.2341283 0.7897075
0.3096609 0.6016482
1.872437 0.4137012
0.7263111 1.788384
2.342194 -0.08804371
0.005180234 1.867401
-1.423084 1.614253
1.156104 0.7573987
1.552136 3.244694
0.2137173 0.4628913
0.7975279 1.974198
2.277677 -0.6768543
0.4929421 1.794115
1.361803 0.4422368
1.60588 0.2824326
0.8861136 0.309604
1.285831 1.521286
0.08862143 -0.08873553
0.8003364 0.7043645
-0.008640251 1.451937
2.036454 0.01125184
-0.1636552 0.09981934
2.551603 1.085207
2.056837 0.7372692
1.123011 -0.2756224
2.193788 1.565109
1.243153 -0.5977311
-2.394633 -0.2096166
0.9953096 2.576823
1.799926 0.1889453
1.597062 0.502152
0.5450283 -0.8738537
3.402216 -0.4110655
0.1978634 -0.4618189
0.59024 2.644273
1.354855 -0.1059489
0.9794246 0.06398553
-0.06914041 0.6490466
1.916614 -0.9122282
-0.02804161 1.566583
0.5165121 -0.3016292
0.1765831 2.356746
4.092512 -0.7290957
0.7661489 1.301752
0.7246956 0.627232
-0.1127752 -0.0429752
2.083737 0.1056375
0.2732896 1.628324
1.222227 -1.336836
1.650244 0.3090828
1.456621 0.4402687
1.248119 0.008668715
0.2305518 1.497465
-0.7994174 1.368909
1.165973 -0.7777557
0.9957445 0.2622914
-0.5581061 -0.2649645
2.148259 2.430261
0.6560169 -0.5055612
0.663589 0.2396032
1.485188 1.5016
2.695575 1.676108
1.78393 1.166774
1.603929 -0.4018796
1.280197 -0.1937232
2.854379 1.55602
0.2939502 0.04357416
1.638074 0.3817467
0.08751572 1.943019
1.379417 0.7517928
1.055837 1.375313
0.2673592 -0.2483158
0.616973 -0.2748347
-0.06894484 0.4421936
2.342598 1.064065
1.272251 1.315652
1.487087 -0.144743
0.5597917 0.754225
0.6757768 0.1625117
0.3692097 -0.4456141
0.8457532 -0.6627252
1.357632 2.029496
1.733866 0.5506246
-0.003172826 1.749444
0.4926422 -0.1584083
-0.05688863 3.116002
1.377069 1.815895
1.868755 0.9476167
-0.1346748 0.9676757
-1.576522 1.041769
2.363902 0.4405991
0.5259896 0.3457874
0.970328 0.5499943
