2.503031 0.07422665
-1.545111 0.6023443
-0.4037562 0.2962763
1.291491 1.27535
-0.5320169 1.699382
0.4656684 -0.4450073
1.154166 2.413661
1.015316 1.107779
1.233968 -1.548435
0.7437519 2.108858
1.598617 -1.022699
0.1637661 0.3752256
1.37901 0.4989639
1.462937 -0.8611994
-0.7098016 -0.1102896
2.184826 2.600017
0.3565413 -0.242272
1.363475 -0.5457548
1.785534 -0.3501777
2.541707 0.8656203
0.6299376 2.711678
-0.8181517 0.6406252
-1.298269 1.904177
2.266508 1.557882
0.9878561 0.6431628
0.2022538 -0.7735347
-1.154626 0.2724025
0.5560074 1.31355
2.262009 0.619787
1.942008 0.6269601
0.4113409 1.12253
3.217741 1.402732
0.4723666 -0.4775743
0.4025536 -0.019697
0.8143714 -0.6703157
1.000414 1.50905
1.975804 -0.04688969
2.009351 2.292763
2.933593 1.509681
1.544006 1.863689
1.16297 0.7055803
-1.016563 2.604983
-1.534908 0.668529
-0.850188 1.754505
1.637434 1.050084
2.371531 1.004942
0.3699265 1.340116
0.6395153 1.180081
1.298263 2.762304
0.2785584 1.395125
1.737349 0.8347529
0.2483128 1.843427
2.101219 0.4998165
2.043055 0.829213
3.474896 1.11479
1.065221 1.027085
0.7018901 1.345543
1.263301 -0.02125837
0.1060005 1.336677
1.760644 1.041289
0.9872591 -0.1273537
0.9658491 0.6161386
-1.327437 0.1574643
0.2594643 2.911086
1.723994 0.8125279
1.277275 0.4986627
2.205107 0.5742104
2.51461 1.027545
0.3396461 -1.127855
0.3600925 -0.03125934
0.6088856 -0.02383987
0.7657451 2.050594
1.442423 1.073989
2.676889 -0.7854617
-0.3969246 0.6216892
-0.5274914 -1.864682
3.234616 0.01757571
1.229436 2.751284
1.499779 1.08561
0.9000446 0.8801831
-0.21383 1.018342
1.43446 2.225509
1.284526 2.10059
1.418184 1.179532
1.161568 0.3377395
1.32126 1.911872
2.923618 0.2542902
0.5202384 1.477605
0.1747899 1.234948
1.92381 0.2059617
2.010083 -0.966998
1.230987 1.043202
1.638478 1.323068
-0.256848 1.907829
1.600935 0.7323984
0.543876 0.7795836
0.4191698 -0.6676586
0.7325966 1.670295
1.685979 0.7629537
0.5276485 1.197593
