0.02476629 -0.04784721
2.401649 1.15819
0.4509964 1.09617
2.605129 0.0550922
0.9936092 0.9327443
0.6778528 2.93374
-0.3873091 2.268543
2.77997 1.06541
0.7074267 -0.3799975
0.3916607 -0.07437481
0.9106805 -0.05122578
1.392118 0.8621156
3.361194 1.259016
1.427372 0.02005945
0.05393187 -1.742659
0.9546432 -1.275614
-0.7143094 1.188474
1.001956 -0.3273154
0.8501102 0.1641622
-0.1603676 1.195205
0.591004 0.8916053
0.4222964 0.8502905
0.5384752 1.368928
1.218575 2.762321
1.00539 1.396279
1.080642 0.1316179
2.207417 2.060897
0.4365125 0.150777
0.2821907 -1.107517
2.746393 2.311699
1.099022 1.264251
1.759567 0.6778537
0.5730985 1.671855
2.826777 -0.9011457
-0.704937 1.791043
0.9923905 -0.1770647
2.619056 1.077636
1.641922 0.4923812
2.072291 1.750828
-0.1258501 0.5025449
2.538471 0.7707546
0.2841697 -0.89845
1.838281 -0.1146654
1.05167 0.1497064
0.2266441 0.978779
0.9917084 1.529374
2.618104 1.450916
1.313769 0.9919719
0.1405572 2.152665
2.713531 2.060725
2.494761 2.438687
0.5649708 -0.4226023
0.1677962 -0.8207697
2.363717 -0.2443351
0.8775748 2.119505
0.6265847 1.169411
-0.1710821 0.6921788
-0.9356943 1.918921
0.7658521 -0.1890931
0.2689075 1.506118
2.844034 0.8945312
0.4848527 1.703944
0.04139817 1.292141
1.637221 0.5608171
0.4147249 1.556202
0.8740703 2.097068
1.283102 0.43478
1.313058 1.24771
0.2549805 1.758344
1.818908 0.6879157
2.837019 1.823452
0.1175562 0.9687576
2.287898 1.171428
0.9467314 1.0158
1.017525 0.3999448
1.178938 3.076489
2.577702 1.883861
-1.113447 2.42716
1.34383 0.3990621
-0.7638543 1.786113
1.028175 1.979546
1.916889 3.607358
-0.5736589 1.058069
0.5895299 0.2579091
2.793992 1.0634
1.500275 -0.01152874
0.791065 -0.7659675
0.3828361 -1.307752
1.050475 -0.407242
1.155503 0.5345104
1.186289 1.565059
0.9819203 0.5121737
0.2255819 0.3119324
-0.04671451 1.493873
0.3521244 -1.005119
2.694551 2.569996
1.426377 1.212679
2.467676 -0.987699
0.1832337 2.228417
1.613282 -0.1241159
