1.743923 3.345044
1.217973 1.202558
0.6462409 1.520723
3.359022 1.066631
1.925029 0.5802924
0.4862562 0.3937745
1.525953 0.5066031
-0.01307529 1.061888
1.614655 -1.648972
0.1486024 -0.2209098
-0.334294 0.9194015
1.222958 1.81627
-0.1194896 -0.09658736
1.055791 0.7243287
0.6687355 -0.03695373
1.187515 0.7515442
1.481855 0.3522977
-0.04234993 0.394206
-0.03796149 1.496982
0.3402453 2.350335
1.823994 2.339703
-0.579803 0.2783068
1.7277 -0.8716675
0.8411612 -0.4673483
-0.2872094 1.741232
1.630796 -0.7702903
0.7053643 1.311319
2.105553 1.054822
-0.287596 1.081299
1.206041 0.6297741
0.001071392 -1.560305
-0.05238163 0.5831633
-0.2685262 0.2557685
1.393257 0.7555651
1.291087 2.855789
-0.0924113 2.535004
0.2216111 0.8552366
1.072317 1.291466
-0.04003715 0.7102267
1.033315 1.34614
-0.140548 -0.4594453
-1.182995 -0.5295245
1.206649 0.5748641
-1.494073 0.2816217
2.729985 -0.1479427
0.3189551 1.226373
0.7356079 -0.7531904
1.4985 0.7720976
1.815008 -0.1170417
1.907187 1.160903
2.842098 0.7074495
0.747903 0.488258
2.177796 1.600312
1.435509 -0.3042239
0.8431257 1.155583
-0.5431824 -0.6168695
-0.5289259 -0.9146594
0.5209385 1.358145
2.001717 0.73572
1.199097 0.340062
0.8501651 2.661884
-0.1081779 1.176191
1.546813 1.805587
1.386482 -0.3563597
0.05071449 0.8702427
1.6452 1.108126
1.109781 -0.7013043
1.614203 0.2798449
0.7368989 2.142894
-0.2669241 0.6975371
0.3268943 0.5190486
1.414617 2.647867
1.388002 2.378419
1.455004 0.6583312
1.264558 -0.3467259
1.577657 1.3113
1.667274 2.153927
0.9305199 2.571642
0.5359503 1.056703
0.9266319 1.268236
0.2695503 -0.4320646
2.746328 0.001369122
2.419646 1.847702
1.279832 -0.6491324
0.8054284 0.7630651
-0.5630418 0.01538491
2.272298 1.167449
-0.3930349 1.218936
0.0495094 0.6668928
1.162663 0.6311021
0.09178591 -0.01430496
0.1604718 -0.7782979
0.6323617 -0.2090022
1.86774 0.8917304
0.5943923 1.933741
2.88096 0.5410456
0.102252 1.673208
1.243673 1.03289
1.365593 1.805991
2.171427 0.6569094
