1.667474 0.5176747
1.457792 1.629434
0.5466717 0.5630615
2.412814 1.107518
1.613842 0.1824768
0.8572704 0.8554415
0.7448828 3.489369
1.026138 2.001431
-1.384398 1.297923
1.536059 -1.03619
0.08230842 2.525244
1.621098 0.3007339
0.647791 -0.05323938
0.5597432 2.658745
-1.095484 0.3253226
0.231827 2.782734
-0.02922466 0.1048069
1.277192 1.629513
2.494118 1.227012
0.7041903 0.1675516
0.9542498 -0.8638136
1.746704 1.05877
0.9015891 0.6272639
2.919237 -0.4817183
1.639052 -0.09019513
3.120666 3.030405
-0.6083549 1.342327
-1.040701 1.136995
2.06197 -0.2075306
1.023185 0.2489296
0.1573474 1.23316
-0.02790987 1.749813
1.603489 1.701131
1.446701 0.8521394
1.23556 0.1932411
1.261327 0.07991177
1.194821 0.3590162
2.223481 3.254322
1.590075 0.1737221
1.684086 0.3486607
-0.08935703 1.23109
3.092006 1.10498
2.149198 0.7504819
0.2529823 0.3267542
1.130918 1.561779
0.7890271 0.2174859
0.1248409 2.305563
2.37697 0.6658272
1.156827 2.001337
2.412679 0.002621841
0.6622187 1.709648
0.3257592 -0.1016645
0.6467064 2.218579
-0.7203168 3.042896
1.57357 2.115447
-0.5312309 -0.3114744
2.490131 1.080036
1.269262 1.862302
1.897861 0.563947
-0.4517949 2.034668
1.15215 1.144424
2.125012 1.416026
3.220663 0.8449419
2.509426 -0.3911222
1.873951 1.40339
0.2893818 1.923679
0.3746309 0.3014049
1.01775 1.405504
1.768682 1.509232
2.843764 -0.1195038
0.4194606 1.624581
1.563835 0.8920228
0.9817566 2.022937
0.7355116 0.6302427
0.7998057 1.633766
1.494769 0.4185143
1.784093 1.379536
1.906697 1.416093
0.08564704 -0.822047
2.843598 0.3985193
1.125228 1.89827
0.8761799 0.2827042
1.349127 0.9562513
2.307787 0.9613249
1.848031 0.9387064
0.3334021 1.382674
1.20949 0.5554241
-0.1960807 2.598071
0.7435013 1.234751
0.8342465 0.7530151
0.9521917 3.526326
1.736231 -0.4169676
1.353843 1.952772
1.180302 0.8260746
0.4713668 0.1471131
-0.3017749 -0.4687493
2.547635 2.150245
1.054837 2.358658
0.8026174 1.528032
-0.05413739 3.259264
0.5314846 0.7139372
1.87068 1.450193
0.1945772 -0.8898571
1.628137 1.789613
2.042583 1.983564
1.242213 0.4355421
2.064043 0.2889007
0.5844539 -0.5838267
-0.3192343 2.270654
1.668264 1.38785
2.088883 -0.2323881
1.42427 -0.8451896
2.626686 0.6691522
1.477341 2.022144
-0.3057101 -0.1192556
0.2592577 0.1409429
0.2085881 1.125083
0.3877403 1.187868
-1.086948 1.260045
3.03553 2.446662
0.8730227 2.501895
1.50604 0.6197618
0.07266236 2.021458
0.2013376 -0.04892939
1.515428 0.6923469
1.747153 2.863458
2.425982 0.9840264
0.7467837 2.533612
-1.776585 0.3484115
-0.02409351 0.9712751
0.7592043 1.937744
2.271597 0.845305
2.299407 2.172283
2.104495 1.723979
2.082413 0.8315531
0.7008905 1.442284
-0.5209572 0.3070368
0.07219398 0.6576561
1.713167 1.243239
1.592461 1.481117
2.201452 3.070781
2.103468 1.633857
-0.6467238 2.215335
-1.05085 0.6862497
1.647242 1.067868
-0.3484405 1.488591
1.972503 2.28783
0.4048731 1.163087
0.2421465 2.158101
0.1094008 0.5696647
0.3676434 1.349202
2.426037 0.3268374
1.580977 0.607581
1.902047 0.4033168
1.080342 0.5962263
0.4739443 0.6740139
0.4375795 0.8526156
0.7106322 0.8257158
0.2588416 1.693223
1.011993 -0.5389484
0.9205189 0.7340244
1.169895 1.165687
0.19673 0.6076671
-0.1477296 1.138694
0.3489887 0.5463731
3.555428 1.436835
0.6270235 0.08823917
0.5020746 -1.076201
0.4853058 0.2955734
2.272534 0.8475707
1.877507 0.9725442
1.438403 2.9836
1.080742 2.724484
2.425494 1.300763
0.0261819 1.262743
2.464996 -0.5637947
2.205034 2.850367
-1.903581 2.537442
1.384345 0.4662893
2.441278 1.014737
-0.3380309 -0.08536941
2.091873 1.498665
1.243491 0.03333712
1.634823 2.623675
1.493675 0.004562481
-0.2154647 0.6234161
0.789109 0.7075742
-0.01959135 1.40573
0.788757 0.5051209
-0.8559761 0.2818321
-1.452249 1.553486
-0.008088284 0.1016853
1.391336 1.559384
-0.08009407 2.346966
-0.7391595 2.03486
-0.2374974 -0.6041836
-0.3756224 2.055452
-0.7715451 1.185137
4.940882 2.665776
0.1503484 -1.066794
