1.093145 0.5993381
1.392924 0.9881084
2.766585 0.6089611
-0.28158 0.5185027
1.628638 0.9258107
0.2031697 0.5408647
2.439046 0.2259842
1.891819 0.9871358
-0.05191905 1.199145
1.575529 0.1742518
2.068293 2.871859
-0.1554407 4.135043
1.060778 -0.06737611
1.687419 1.313778
0.2799175 2.721522
2.245708 0.9079527
2.292094 2.05208
1.546693 0.296314
-1.086669 0.2902031
2.665685 1.106574
-1.602729 0.6885287
2.348268 2.162282
0.7592279 0.2148317
1.061672 0.3610828
0.6168317 -1.402096
0.4749269 0.8249888
0.5275899 1.525837
1.253236 1.297613
0.9369708 0.9123002
1.305365 1.533609
2.558995 1.855083
1.284289 0.3038415
1.029627 0.1778411
2.517492 1.607128
0.02269583 1.648034
1.598556 0.3435794
-0.03626931 0.6693301
0.202417 1.311967
-0.3163943 1.081557
1.584429 -0.3672002
-0.2692105 1.239503
-0.5056661 1.44538
1.338141 0.7114198
1.080375 0.200625
2.001018 -0.06742584
0.7114593 0.7866657
1.464223 2.346884
0.4908236 1.783076
0.5000078 0.5044684
0.6442137 0.4921768
2.479306 -0.2392873
1.165252 1.076708
1.332212 0.3050682
0.11673 0.9045934
1.372823 0.118424
1.630012 3.3022
1.178133 1.096393
2.276513 0.6805228
-0.1165533 1.589804
1.151317 0.3103078
1.180626 0.6472934
-0.2374715 1.027239
1.416959 -1.001971
1.362363 1.38665
0.008715745 -0.4758576
-0.188337 0.06360337
1.506654 -0.2532469
-0.6594856 1.241276
1.34442 2.554417
0.8247332 1.862072
1.977609 0.7865836
2.129972 0.7106253
0.2816239 1.040425
1.264179 0.07151774
-0.6891196 0.3224435
0.4639135 2.0266
2.808503 0.1850927
1.236391 -0.4182109
0.7014442 1.968623
2.081393 3.539189
0.8772417 -0.9351706
1.534068 0.119658
1.705819 0.2221459
1.04915 2.38072
0.8788127 1.587361
0.9552578 0.1181839
0.8091386 -0.008577821
0.1371385 1.361191
1.930067 0.349563
1.041195 0.1628333
0.1267321 2.88508
1.713239 2.469522
-0.1274952 0.320548
1.978275 0.259601
1.980593 2.067083
1.922633 -0.3447048
1.433675 1.551194
0.6817636 1.106287
1.203195 2.004422
1.041742 1.348358
0.7789841 0.3950139
0.009788755 2.116611
2.254961 0.005962194
-1.651281 0.6858091
1.414015 0.3909453
1.900801 0.4280298
-1.025676 1.991546
1.841627 -0.1739161
0.6007182 0.275673
1.453209 1.425489
-0.9084935 1.00816
1.019841 2.006838
0.8006376 1.121048
1.285308 0.01159012
1.215811 0.3457175
1.516658 0.707513
0.3000251 1.091526
3.731348 1.697673
2.76241 2.776209
0.4456628 1.143202
2.079801 3.27994
1.922813 1.97307
3.041617 1.936309
3.259913 -0.4103158
3.630772 2.359714
2.206979 1.404043
1.4927 1.142407
0.01399231 1.148557
2.332595 0.4977049
-0.3101473 2.179633
-1.205972 1.187777
0.3270313 0.7817475
2.352463 1.33409
0.6387609 1.075056
1.250154 3.080059
0.1283786 0.7992578
1.235278 1.006942
-0.8596524 0.2237558
1.423378 0.6797809
0.4340045 0.5588141
0.279781 2.923562
0.7158612 0.956409
2.811658 1.345996
1.174986 1.353105
-0.3583275 2.063857
0.7170414 -1.014116
0.336303 1.777707
1.495288 0.709132
1.484086 -0.2893149
1.075842 -0.03686023
1.155586 0.5182775
1.477829 1.224058
-0.6371513 1.337637
0.5928577 1.419286
1.179012 1.24213
1.613149 1.191312
1.389715 2.177796
0.9109982 2.239536
0.3850137 -0.6907657
0.6759314 0.5575737
1.837042 1.232054
2.706981 -0.4723267
1.617222 1.139446
1.31595 2.302409
0.6601385 -0.6251537
1.88807 0.07164885
-0.2066212 -0.869746
1.476115 1.172507
0.05301453 0.9146654
0.9933982 1.58508
0.5039817 2.696159
0.8035574 2.033084
-0.1349528 1.212531
1.324129 2.11285
0.5878687 0.8070095
1.79924 0.7026678
-1.279355 0.8026429
0.7934384 2.468264
0.3862778 0.006353195
-0.5763707 0.5048786
0.7398261 1.119448
1.455477 1.985207
0.7959907 1.10275
1.017933 1.499805
0.6110485 2.605514
1.455379 2.123689
1.890659 2.282479
-0.4591206 1.220021
0.07091164 1.111665
0.4042395 2.35054
1.467428 2.392326
1.933198 1.971377
3.083039 1.437966
-0.1659941 -0.4035528
0.6241156 3.226937
2.131474 0.6806914
0.4199127 1.747465
0.3810368 1.116914
1.15786 0.9470091
0.805171 1.140928
