-0.444975 -0.0846034
1.537195 1.855791
0.2920388 -0.0546128
0.8029334 0.4975031
0.6864642 0.3701234
1.299482 -0.3372492
0.2111392 0.1451496
-0.3966269 2.09822
2.012782 0.2473772
0.7088416 1.056369
1.136989 2.760722
2.10633 1.282842
1.250369 0.9075833
0.8289177 0.3436749
-0.09507198 1.302723
2.723221 3.957087
-0.952234 1.104538
1.205356 1.969866
0.9720679 1.313357
-0.3527098 2.479535
0.8910041 -0.0807142
1.610097 -0.1959701
1.276006 -0.44709
3.45161 1.311261
2.389076 1.404726
0.6663708 2.503969
2.40449 0.6607224
1.165755 2.158539
0.9400838 -0.2246337
1.348163 0.478344
2.052391 0.1811879
-0.7001558 -0.01433574
1.968229 0.718606
1.555136 0.82424
-0.6308669 1.671905
2.254853 0.07442724
3.035252 0.2805428
0.2699277 0.4241541
-0.3506834 -0.2066636
0.07903297 0.6371184
1.459474 0.1534163
1.360473 2.484325
0.237315 -0.2836957
-0.1873797 1.568073
0.5935292 -0.03181658
0.6208304 1.591784
0.5934446 1.370867
1.495228 1.164702
2.246419 0.2116578
3.299139 2.919701
2.931803 0.7446448
1.693226 0.1442625
1.295661 1.015878
1.001573 1.725644
1.55601 0.5836726
1.717158 3.337866
0.905285 1.949461
1.539774 0.4185269
-0.3869335 1.929684
1.942578 0.3227429
2.418541 0.8543869
2.680034 2.038598
0.8581437 0.05016125
1.876785 0.1745466
2.947233 2.377117
2.918283 -0.2712013
2.629924 0.4864227
1.152408 3.443507
1.451362 1.055002
1.98755 0.3876817
0.9812581 3.200464
0.4881298 1.502251
0.4332498 1.157589
1.142617 0.03843645
1.847566 2.195868
1.473035 0.9778857
1.555893 0.263541
0.8876965 1.70673
1.46044 1.628306
2.717674 1.529252
2.053913 0.8223425
0.8529498 1.511003
0.8994571 0.791489
0.7460269 1.421752
2.287232 1.011504
1.486139 0.8353593
0.9810017 2.286035
1.07837 -0.7863361
2.024317 1.697912
1.500867 2.140288
0.4034049 1.626829
1.231061 1.812995
-0.2168339 1.783129
0.2881956 -0.2586388
1.465286 1.099941
1.858934 1.332088
0.5995862 2.108356
0.2651578 0.7263497
1.998032 1.981272
0.9753954 1.700542
1.141352 2.42168
-0.515838 -0.3355823
0.9653004 2.292619
0.9170738 1.421294
1.550582 1.098472
0.7714012 0.8660704
-0.2359624 0.3864164
2.775502 0.07265028
1.366649 1.070978
-0.3692987 -0.4573674
1.366909 1.180224
1.566882 -0.8742501
0.3587785 1.631801
0.8014408 -0.09785199
0.7734593 0.7210521
2.684336 2.156127
1.372712 1.064993
0.2864806 2.549248
0.1402606 1.533867
-0.0332339 1.53473
-0.3847125 0.4226952
0.852634 0.299589
2.056321 3.131729
-0.2895642 0.3298572
1.215819 1.068171
2.797002 0.3515186
0.3411027 0.8487179
2.392853 -0.1121017
1.804751 1.121592
4.023543 -0.3652015
0.08966621 2.978647
0.3667322 2.815372
-0.1043329 2.448676
-0.1957735 2.905382
1.944102 1.091585
2.579867 2.050085
2.407407 0.5453389
0.7559358 0.5733176
1.152104 0.4224653
0.1364256 -0.2580975
0.7109309 0.7460955
-0.2684098 -0.2114715
1.701975 2.420332
0.9111921 0.05987018
0.6986898 3.055186
0.1261603 0.4881087
1.831335 -0.1543107
1.389153 2.126569
1.157137 2.114708
0.3307164 1.724504
0.7231225 1.788543
1.140814 1.981654
0.5421577 0.6735439
-0.9453928 0.5418257
-0.2759976 0.3466387
1.886318 2.145808
1.961955 1.225269
1.044228 -0.08648818
0.6550899 0.000655276
1.455456 -0.4609064
2.850412 1.150226
0.3191202 1.267733
1.461096 0.6353549
1.033223 1.48768
2.184294 1.966739
3.092879 1.025732
-0.2873888 0.9707889
0.03812066 2.493117
0.623739 0.8593729
0.3853589 2.132393
0.9014346 0.7148817
1.582805 2.58228
1.445549 1.859845
1.937932 1.018609
2.031107 0.02016527
1.646575 1.163101
2.246078 1.295355
1.349626 2.152347
-0.7624999 1.754178
0.6996866 -0.893256
2.62184 0.4517262
2.167395 0.4728857
1.577236 1.755761
-0.7876099 1.472819
0.9624163 0.3136277
2.122192 1.295398
-0.4558175 1.35746
1.818243 -0.2651209
0.8845173 1.576695
1.338413 1.291114
0.2724172 1.827812
2.149592 1.574711
2.011473 3.255376
0.5113285 3.541699
0.3900325 -0.3561175
-0.9529294 1.080026
0.8831144 0.06739396
-0.5335247 1.694504
0.9817472 0.3411065
1.408392 0.9780192
