0.9107786 2.780365
1.479623 -0.7152706
0.6167819 0.9764022
1.380469 0.2609591
1.78896 0.635242
0.6608462 2.163531
1.094603 0.4691938
0.005064834 0.4946941
0.8272628 1.168529
1.343713 0.2728397
0.528053 1.371063
1.605701 -0.2812799
1.25185 -1.657391
0.8133766 0.06077869
1.85289 1.3381
2.462033 2.772906
-0.7912686 1.598828
0.8963165 0.05957072
1.402556 2.779384
0.4410012 1.342
-0.9049238 1.9024
1.630858 0.3792114
1.518489 1.710121
1.776493 0.6394532
0.961672 1.339574
-1.063057 1.071972
1.805316 1.198343
1.565236 -0.1379105
2.61722 1.832889
0.2026125 2.639864
2.067828 1.103176
2.782481 1.162089
0.119519 1.106249
1.590834 -0.7834043
1.73171 1.685755
0.226817 0.8468289
0.9488997 -0.2962971
0.3307464 3.821759
0.733124 -0.5561311
2.095275 1.689662
1.927973 1.748004
2.989693 2.179146
2.337264 2.369177
2.230461 -0.6203244
-0.4325076 3.039178
0.1331351 0.7087626
-0.2690703 0.5502958
1.264995 0.8262946
-0.08749444 -0.3474859
1.412774 -0.003418474
1.12085 0.7562269
0.8228118 -0.08078442
-0.4889103 1.031739
-0.09042083 1.06292
1.632423 0.1123461
0.7687742 1.462114
1.131242 0.5006146
0.6904158 1.286277
2.408496 2.087441
0.2658632 2.161298
1.407243 1.068636
0.8790756 1.517766
0.8752474 0.9441255
1.657529 1.21654
-0.2345359 -0.2288591
1.426279 0.7294606
-0.5961834 2.848527
0.01486629 0.8595678
1.13384 1.185176
1.710701 0.4395853
1.248902 -0.2420414
1.041833 -0.6638316
1.286383 -0.9752732
2.966849 2.231774
0.7851162 0.3331072
0.6517263 2.55634
1.587999 0.7905348
-0.2050591 1.292541
0.3889103 0.1313245
-0.08400574 1.335325
-0.690242 -0.3000399
0.7270308 1.53387
0.3050568 -0.3302468
1.467677 0.2920471
1.85816 -0.3311729
-0.08387585 2.622379
1.10872 0.8866623
0.9005103 0.848484
2.114652 0.9069435
-0.1373899 2.369866
1.437886 0.2635413
1.069679 -0.6638519
-0.3876834 3.078987
1.565146 1.109092
2.005661 2.18665
0.7791347 1.938003
1.242743 1.486414
1.308027 2.119504
1.858588 -0.6141812
0.5866234 1.976887
0.2628033 1.337047
-1.730354 2.416399
1.68007 1.714563
1.329993 1.14475
1.279431 1.803752
-1.80368 0.9266667
1.549266 0.3610413
0.742304 0.2482622
-0.1556837 1.277632
2.117785 1.275058
0.7727948 0.7771677
2.380844 3.377103
1.686322 1.856891
-0.05800933 3.26468
0.355929 0.3762679
0.1180334 -0.9839142
3.096501 2.06265
-0.6699243 -0.1119545
0.7633812 -0.1602724
0.4245545 0.9345428
-0.5312052 0.8182295
1.960967 0.1996194
1.298129 -0.4671876
0.562672 -0.2787787
1.233961 2.070418
0.8608268 1.161578
0.5072264 -0.3651872
-0.02190792 -0.2882606
0.9930105 2.329085
1.503893 1.855334
0.01745309 -0.1452938
0.8130765 1.58919
0.3391402 2.109632
1.837283 0.7231209
1.468384 1.299063
1.946024 0.7360259
0.08775891 0.8243039
-0.1063638 0.8038321
-0.6995964 1.020497
1.125896 -0.282463
0.03572225 2.340905
0.944784 2.50703
0.6639254 1.096417
0.4707733 1.678526
1.855015 1.859369
-0.2328146 1.252559
2.119488 0.8251477
0.8702567 0.6402728
0.9912668 3.218341
1.097307 1.137122
1.676011 1.818357
1.294031 2.285769
0.3883219 0.3286042
1.668704 1.292354
1.846364 -0.9973261
0.1190059 0.7377525
1.434558 2.163537
1.329018 0.9231569
0.3797934 0.3596647
0.2980882 1.705251
1.187013 -0.2764287
1.498063 0.1469119
1.687511 0.8570998
0.3304514 1.998226
0.5619705 1.052434
0.01299542 0.3003609
1.235794 1.241591
1.17553 1.979476
0.8415988 1.314376
-0.2988564 0.6262173
0.6084096 -0.9014659
-0.2526432 3.713064
1.354629 0.860888
1.648319 1.538056
1.426834 1.570349
0.6894266 2.295367
2.53059 0.485703
0.01320067 0.4568077
0.3377896 0.08197417
-0.4804768 0.2957465
2.741008 2.557947
1.081587 0.9615903
-0.4618738 1.488272
3.367285 0.8654671
0.4383522 1.265755
1.26532 -0.2542849
0.4217582 3.149222
0.6472964 -0.3652494
1.509499 0.4361436
1.290703 1.009726
1.583746 2.666465
1.690187 0.8786814
1.103168 1.59071
1.35813 0.8821866
1.556469 1.824723
1.9131 -0.0270186
0.6109301 -0.5697425
-0.3005056 1.030904
0.5059525 1.725784
1.725399 1.094867
