0.057992 1.23678
2.000005 0.5786079
1.180278 1.686721
2.13054 1.5613
-0.3627999 1.894426
0.9146561 -0.6214671
2.47965 -0.9227143
1.588393 1.506937
0.09725009 0.8471398
1.799857 -0.09650545
2.11133 1.9147
0.797239 1.734569
1.181398 0.6910451
1.48063 0.3468483
0.5493438 0.1625194
-0.7180603 0.7792015
-0.9228743 -1.55701
1.679143 1.645552
2.650376 0.5615542
1.015669 1.498495
1.547923 0.979421
0.9768872 2.307214
1.068108 -0.6520651
0.2001334 2.204195
0.7913039 0.5549016
-0.2801357 1.905735
2.485668 0.8473854
0.1475667 0.5399665
0.6428844 0.2906197
1.798917 0.772582
2.784304 0.3921517
1.803958 0.8504243
1.484474 2.011051
-0.873028 1.747795
0.2244832 1.80675
-0.9361919 2.019757
1.373635 -0.6396874
1.251512 1.409435
0.04037563 2.318413
2.605133 1.070415
1.284452 -0.2103963
1.822705 1.930996
3.044132 -1.490383
1.409774 0.004322115
1.0315 0.7705026
1.094119 -0.06694993
3.889264 2.01989
-0.9514294 1.162061
0.5919651 0.3874204
1.107131 2.123235
2.395497 0.8564819
2.00286 2.418987
1.42422 1.459937
0.8136998 0.2988229
-0.1022663 0.7403716
0.5679689 2.559094
1.341211 2.420193
-0.2809626 2.776478
0.3725618 1.139031
1.765972 2.377868
0.8158444 1.858379
1.789059 -1.420496
-2.028228 2.419096
0.7562131 0.2021855
1.093588 0.8594181
0.6318926 1.107047
2.856546 1.707901
0.4487549 0.7829476
0.02416381 1.355456
2.375102 0.5291209
0.4042739 1.384436
0.4630139 0.8979528
0.8604582 2.428014
2.504521 0.4904817
0.299619 -0.6795152
1.512512 2.310725
0.01161204 0.6922628
1.41075 0.5977075
0.4421083 2.175825
0.9347277 -0.3754928
1.484587 -0.05966761
-0.07164223 1.845025
2.328038 0.8308521
0.7210194 0.06046072
0.6284247 1.468101
0.2020015 0.9839152
0.1682016 2.324216
0.04807936 1.100038
0.5242138 2.174411
1.563489 1.85989
0.724603 0.3949052
0.1078008 -0.2851641
-0.7744497 1.218679
0.959046 0.4259101
1.950857 0.6516336
0.8218678 0.7766498
0.05902388 0.04525961
1.043702 0.9389619
2.457656 3.065556
0.8545133 1.86638
1.064305 1.694318
0.6492877 1.368689
2.011673 0.09698263
0.455621 -0.07435105
-0.8182072 1.646929
0.7115199 1.55116
0.6050617 1.27006
0.7378257 1.433493
0.7374414 1.326923
0.7141037 1.791477
0.6915815 0.9609035
0.7036791 2.475579
2.064957 1.737365
-0.06327762 0.3846802
1.239344 -0.7549783
1.817846 0.802583
0.565482 0.8763412
1.563667 -0.9051577
-0.1611879 1.980418
2.140526 -0.1940263
2.225812 0.207264
-1.162209 -0.09862252
1.295719 0.9164774
-0.1137702 2.263401
1.253491 0.05789092
0.8051291 1.078827
0.9562356 1.828385
1.984074 -1.040237
2.037865 0.3930522
0.7982714 1.436004
2.470942 1.86753
1.1042 0.5684504
1.000677 0.43937
0.6314086 0.7666307
2.522857 0.954169
0.5861443 2.111317
3.000635 1.363093
1.109937 2.314387
1.593088 0.8094209
0.9236342 1.439997
0.2697129 0.8027911
1.532582 1.233352
1.919478 1.113512
0.3978343 1.991657
1.735368 0.1922422
1.389491 0.533472
2.470728 0.9853182
2.686324 0.8497824
-1.218772 0.3310789
2.324928 0.1252655
0.4336798 0.41079
0.662756 0.9410739
2.395534 0.3262176
2.341896 0.05263261
1.207954 1.886729
0.6805723 1.719748
1.170674 1.421096
0.9511163 0.6054072
3.349999 1.273469
0.9492886 1.565403
1.771077 2.18496
0.4275406 0.8372199
1.183603 0.3127438
1.555599 1.511753
1.06671 2.334553
0.2717034 1.186572
2.531076 2.506976
1.483249 1.102304
2.574021 2.366163
2.849184 1.103852
0.1667228 2.034554
2.205948 -0.01956859
2.605019 1.97677
1.106605 1.184963
2.468254 1.499561
1.077976 2.008269
1.418707 -0.5079087
2.125461 -0.59841
0.06983539 0.4218144
0.8249239 0.4057761
1.895029 3.525092
-0.4840123 0.1055189
0.8140485 2.558126
-1.715397 0.8787972
0.6150048 -0.4456823
3.333953 2.16878
1.515255 1.314174
-0.4725399 1.307758
1.648009 2.521009
1.941143 2.648006
2.23947 1.351188
1.348342 0.6765963
2.299043 2.277717
1.05583 1.165412
0.3668309 1.554399
1.472107 0.3732356
0.1767144 0.7197593
0.2545749 -0.2725489
0.544096 1.004239
1.163813 -0.4430944
