1.210661 -0.08416608
1.377993 1.010508
1.914637 1.910502
1.542496 0.768558
1.179604 1.597094
0.8771243 -0.1402239
0.1750756 2.786465
0.5540356 0.1402788
0.4982999 -0.7502228
3.769002 0.3754588
1.276606 2.641085
2.275101 2.481128
0.407285 1.98778
1.363723 1.265316
-0.1426337 0.6790157
2.679182 1.080319
2.616417 1.490365
1.912666 1.113849
2.663053 -0.0198684
-0.9407576 2.199272
0.957662 0.2129842
-0.7594436 1.984262
1.40869 0.1841116
1.269943 1.493465
0.6201271 1.787373
2.897974 1.630849
-0.3595448 0.771317
1.740269 -0.31562
2.102468 1.527906
0.3702866 1.616866
1.590387 0.602877
0.2785143 1.340675
-0.5078375 1.617167
2.370138 0.7156287
0.3899832 0.7180504
0.271322 0.3894158
0.06692439 1.740533
1.166292 2.792019
0.6889335 1.172918
0.04130054 -0.3101269
1.423943 0.7704785
0.5657902 0.8464803
1.355639 -0.2437171
0.265028 0.465571
1.447723 1.482679
0.4399901 1.449808
1.93579 0.1366433
3.176765 1.20222
0.6869421 -0.1422405
1.609386 1.13995
1.399843 0.7573514
-0.1061446 0.6771373
1.793802 0.5963281
1.794255 -0.1427408
-0.09563941 -1.003516
1.865808 2.015748
2.349713 2.194857
1.117146 1.289767
2.64682 0.3397815
0.8122877 -0.4045153
2.468592 1.870388
2.507469 2.040285
1.565191 0.4847652
0.3106263 1.960792
1.827255 0.02334492
0.276467 0.8310761
1.629608 1.560132
0.6056405 1.171715
0.8622921 1.531817
1.573599 2.978587
1.349032 3.269952
0.1590181 1.107073
1.796494 1.32455
-0.1486628 2.575745
2.910881 -0.1811907
1.148477 -0.4148933
1.122525 1.097112
1.591729 -0.001308023
1.507474 1.864914
3.099557 2.24122
2.259766 2.576247
0.3341235 -0.04230802
1.536804 -0.03021423
1.311861 -0.4824336
2.054159 1.049141
1.746581 -0.06728526
1.108837 1.417894
0.5489873 0.4888197
0.2649086 0.306558
0.1054053 0.2198708
0.8701714 2.457339
-0.6987702 1.327024
-0.2832123 2.131808
0.7029395 1.729943
2.449089 -0.4091058
2.439484 0.3885799
1.098125 1.902412
1.727303 1.49926
1.267548 0.9733721
-0.4620707 1.695943
0.6963257 0.326897
0.2200661 0.4610632
0.6170009 1.045906
1.397883 2.020756
1.029955 0.2528594
1.880098 3.269012
2.331451 0.5728568
1.185601 0.7858291
2.048976 1.260233
0.9336287 -1.28612
0.3781183 0.7325387
0.2139589 -1.997467
1.003011 0.7728536
3.154854 0.1222978
1.601136 1.908136
-0.3701126 -0.08717153
-0.2322522 1.013326
1.24836 2.816515
2.472106 -0.1678463
2.072074 0.6424591
0.6235594 2.067709
-0.9354932 0.5314336
2.641394 1.472523
0.2244567 3.526752
1.768107 -0.4368106
0.3864526 1.085176
1.151708 0.8256092
1.576777 1.165057
0.9529946 1.082749
-0.2375741 1.354998
2.605254 2.393325
0.933922 -1.055884
1.4515 0.001664879
0.9853493 0.04616341
-0.09962849 1.58119
1.793808 1.757613
1.093508 3.113163
1.407042 0.5096333
2.030592 1.017897
0.8484966 2.049518
0.3462518 1.907143
1.456767 1.569069
0.6703298 1.82676
0.664929 0.1563881
1.231588 0.2835577
1.249092 2.436762
-1.19502 0.4345593
-1.130289 0.005020714
1.150081 -0.7606505
2.484586 2.424695
2.508446 0.9430187
1.287957 1.707048
0.09782352 1.320781
0.9828699 2.323988
0.03170366 1.211714
-0.3723417 0.7029533
0.9921847 -0.007373359
0.7325382 2.032318
0.1769523 1.997828
3.344753 0.4426013
1.155137 1.799756
-0.2457652 0.5996061
0.8524378 2.095843
1.357758 1.13774
1.194382 -0.6164031
1.629028 0.9851579
1.394257 1.505756
1.018944 1.395072
0.8238422 1.500798
0.8588957 0.2429776
1.284607 1.957212
1.858545 1.366058
-0.6017884 0.7523579
1.498473 3.425027
0.7007454 0.8414263
1.828321 1.34219
2.023917 1.02329
1.123874 0.1704786
0.9357597 0.9045587
1.670312 2.299519
1.482137 -1.291819
-0.7465041 0.3011449
2.005913 1.045518
1.24209 0.8000885
2.110013 1.085973
-0.6601751 -0.4894442
1.499288 0.9531734
1.276456 2.128039
1.190963 2.571846
0.6700922 -1.163289
0.2356705 -0.5630723
0.4792921 1.782379
0.4736251 1.077867
2.164641 1.467527
2.2426 1.334054
1.392544 1.631778
2.058958 0.8257716
1.34279 0.9429015
0.007935857 0.1738568
1.233043 2.527802
