1.6748 1.521815
3.011906 0.5132106
0.291601 0.8069145
1.707709 -0.8221664
-0.7285623 0.2067915
1.813286 0.6061934
0.7958057 1.858765
0.4084609 1.8368
0.4283925 0.3270469
1.21007 0.1388036
0.1666668 1.83212
0.1500442 1.689148
1.389284 0.9262792
0.6320825 1.603636
0.6920493 -0.6492601
2.055304 0.6857859
1.923769 3.385783
-0.6362443 -0.1838162
1.248988 2.074679
1.025703 0.7159967
3.163791 1.979687
2.17346 1.840421
-0.9121898 1.7874
0.152963 0.0669717
1.653954 0.319235
0.4035666 -0.4057936
1.601669 1.415968
-0.946138 1.030352
-0.8566381 2.114304
0.5398356 2.621652
0.4957617 0.7806201
-1.243496 1.098245
0.9771198 1.82258
-1.036935 0.377791
0.9216194 0.8655165
-0.511818 0.2795452
2.369236 -0.3335993
-0.5057538 0.3404433
0.6047282 0.09639781
-0.1805916 0.3155831
1.751008 2.25839
0.04825315 1.686351
-1.460922 0.9478443
1.959035 2.269304
0.6345085 1.859298
1.238009 1.947647
1.440734 -0.7118122
1.955251 3.329484
0.1143054 1.993611
-0.09956409 0.6224294
-0.4867703 1.165044
0.701005 0.370116
0.5444659 1.558852
0.6592788 1.311554
1.695695 0.2931233
1.468189 1.015081
0.916461 1.354938
-0.3440263 -1.279338
0.1572061 0.3932536
0.3756125 0.7072346
1.920242 1.615611
2.068823 2.803957
1.663208 0.701288
1.227791 -0.2423854
0.8711084 1.54244
1.26421 -0.7750907
1.02715 -1.115486
0.5420984 0.9144377
2.424416 0.3292435
3.552942 2.115459
0.6336328 1.382498
1.981741 2.7181
1.884259 1.099037
2.552378 2.383612
1.253119 -1.07038
1.05119 1.878799
0.531985 1.253918
-1.033276 1.256891
0.9160457 -0.3720421
-0.2541103 0.9644278
0.2879188 0.8189092
3.019227 1.739378
0.2850228 1.349165
1.774797 0.7731501
1.59025 -0.4249251
3.210499 1.362226
1.901643 1.128873
1.374268 1.777243
-0.3385278 -1.735734
-0.5006242 2.129421
0.5904892 0.8965296
1.350356 1.134743
-1.224296 2.072466
0.1511303 0.5148368
0.3308482 1.618323
-1.690024 2.01024
0.7703063 1.654034
0.1265267 0.7665722
-0.6105078 2.244121
1.286362 0.2949808
0.622245 2.542025
0.03532675 1.999529
1.729904 2.301049
-0.2491968 1.842423
1.425915 2.654252
2.548876 -0.6554595
0.3503937 -1.520192
0.5056275 2.266596
1.183298 1.594327
0.09485695 0.1158642
1.789078 0.9348751
1.264195 0.3880719
0.5194312 0.3569627
0.622572 0.6354778
-0.000702524 0.6881082
0.07434063 1.414819
1.257735 1.79112
0.7819186 1.060795
1.201114 1.582797
0.5300481 0.5968409
2.130544 -0.1722264
-0.1383491 0.5156471
1.927381 0.8881057
1.468485 1.313147
-0.1649982 0.5541231
0.6148713 1.739504
0.4492729 1.500607
0.2770385 1.662586
-0.6231127 0.2205659
1.417499 1.978633
0.4849827 -0.4143475
0.9678771 0.8646344
-0.5296045 -0.2998173
1.482857 1.091239
2.299726 -0.3390566
1.950408 0.3218372
1.549383 2.41561
0.205987 1.749697
0.7873696 0.7166456
1.915631 1.563952
0.1307104 1.132264
1.907731 1.072441
0.8442385 0.08292613
1.450378 0.6734927
3.057761 -0.3037166
0.6399498 0.5073193
1.526518 2.838493
1.680205 0.2307628
3.200651 2.012291
-0.5748542 0.2864948
1.092493 -0.2356955
-0.4186466 0.0007255121
1.137926 0.5454586
1.451 1.287326
1.538774 0.8025721
1.045879 2.880196
1.437592 2.067844
2.826496 1.234786
-0.1820867 2.28409
-0.1415117 1.626829
-0.08893039 1.613681
1.101811 0.4242256
0.07670761 1.353275
1.397868 -0.2017961
0.5920761 1.58795
0.3177757 1.021675
0.8201973 -1.281675
0.5396158 1.022446
-0.6707414 0.4940423
1.260499 2.965649
0.1415203 1.054155
1.12108 2.475907
0.02619286 0.549233
-0.2983733 0.3114702
-0.1522786 -0.2897016
0.1785881 0.6725298
0.6247147 -1.223508
-0.1927772 1.912316
1.570178 -0.7778099
0.9420443 1.439728
0.1567409 -0.7949464
-0.4112974 0.04323705
0.2789349 -0.4654888
2.369145 0.6720143
2.066521 1.619942
1.734058 3.631692
1.760623 1.816981
2.16983 0.5576218
0.9656957 -1.10388
0.3965652 0.09121046
-1.599314 -0.09353746
1.308544 2.454005
2.848989 1.423235
2.857426 -0.7668196
2.401109 -0.848054
1.346565 1.114501
0.9934901 2.110724
2.21282 1.841781
0.842647 -1.106165
0.4754777 0.5979687
