-0.7703121 -0.6885114
2.206977 1.274132
3.045942 0.8867609
1.456868 1.041575
1.5164 -0.05189281
1.944129 2.092238
1.881145 0.3864579
2.51478 1.008027
-0.3726108 1.253346
0.781335 1.52514
0.1978117 0.9043521
0.9056826 1.714969
0.6930457 -1.304532
1.506975 2.469197
0.5034272 2.006069
2.925749 2.937072
0.2761211 1.14197
-0.04106758 1.39452
2.831586 -0.2470593
1.850283 2.981158
0.4716826 0.8592065
-1.459916 1.115725
-0.177531 0.2712907
1.010395 0.07197082
0.9488957 1.972282
-0.1530268 0.5520571
0.9560808 1.296631
-0.6657085 1.769495
0.7729452 0.09507031
-0.7792341 2.444671
1.876863 1.777589
1.356235 2.498615
1.757463 1.664939
0.05209879 1.146965
0.5882321 1.975658
0.3561677 1.404226
1.309721 0.7660586
1.870209 0.4171979
1.167456 1.040282
-0.2065377 0.6326521
2.746607 0.3985776
0.5329117 -0.6214491
1.671122 2.113243
-2.559043 0.2993257
1.679768 0.8160875
0.4028541 0.7207961
1.155299 0.7791912
1.659203 1.065412
1.013043 0.1958347
0.0058825 0.3922003
1.743744 0.6643338
1.23517 -0.476623
1.181875 -1.456128
1.213278 0.8334428
3.323524 0.2929056
-0.4129094 0.2369461
1.845759 0.3921758
2.279612 0.7840204
1.528995 1.325989
-0.5834363 1.478325
0.3745198 2.816818
0.269794 1.754397
2.12714 1.211601
-0.1576149 0.261542
0.6157516 3.243024
0.8177521 -0.4250554
0.8149713 -0.7421308
0.4000385 2.220188
0.9183843 0.8960662
0.1019043 1.923986
0.8251382 0.01572529
0.701499 2.237796
1.261409 -0.9217303
1.260439 1.027095
1.043205 1.259941
2.059862 2.397256
0.5183192 1.805027
0.009855384 0.4530695
0.8162384 1.18691
0.8130033 0.3704567
1.65942 0.9119394
0.200813 -0.1014764
-0.3386085 2.520892
1.981923 0.8479258
0.9005354 2.13704
2.709096 -1.102938
-0.2203855 0.0353682
1.946686 -0.5264675
0.5115549 1.192863
-1.510483 -0.1052912
0.6019475 1.357774
2.330381 -0.04757611
1.520573 2.347797
0.2122176 1.242051
-0.2987622 -0.020982
2.106805 1.089554
-0.03695336 0.3671788
-0.04271174 0.003687362
1.551903 1.111798
1.091953 0.009562973
2.812219 0.7522301
0.4221934 1.753386
3.1834 -0.9960552
0.7691441 1.658227
0.1162509 1.20833
1.848264 1.760736
2.095208 1.242382
0.1110704 0.1822031
1.503268 0.2935375
2.08488 1.023225
2.044974 1.653482
0.1995671 1.401715
1.00361 -0.4036536
0.9643626 1.574123
0.4121434 -0.759531
0.5408232 0.2898644
2.260041 2.739089
0.8180173 0.3447712
1.498161 0.4567077
1.0009 0.7153034
0.1119561 2.32153
-0.2540393 3.092916
1.588709 2.429281
0.2321856 -1.124064
1.371638 0.9906743
-0.3924806 1.885878
0.8138805 2.124662
0.01044432 2.795716
0.8262256 1.282342
1.710721 3.035653
-0.5835731 0.7180583
2.33732 0.6479873
1.369587 0.1884729
-0.08625005 1.629527
-1.373006 2.33591
0.0321592 0.7684008
1.271946 2.219315
-0.5832486 1.768402
0.3166311 1.947024
0.7522213 1.998789
0.169657 -0.3023847
1.61238 0.6786968
0.3520538 0.4764479
1.185698 0.828897
1.72035 -0.1686366
-1.086982 2.292627
1.131458 2.444643
0.9052325 1.380836
0.9427344 -0.3393568
2.373685 -0.5008078
1.211278 1.740843
-0.3238127 0.1684232
0.6228141 1.946269
3.173453 0.4489694
0.9121498 1.194545
0.3152684 -0.7612381
0.9707561 1.662011
-0.7404878 1.133096
0.4282724 -0.3764031
1.42468 3.407415
0.230511 2.347756
0.1269622 2.442066
0.7416095 1.411924
0.3731355 1.553473
1.143031 -1.059973
2.22468 -0.5505656
2.303288 1.512206
0.7837601 -1.463974
-0.5790013 0.1378399
0.7921121 0.1016621
1.771506 1.475007
2.132971 0.3689398
2.499712 1.710244
1.248092 1.492697
2.000617 0.9884758
1.296976 0.6703268
1.840271 1.855425
2.217039 0.7798724
1.899716 0.8507666
-0.008434614 1.464399
0.8335288 0.3507461
2.026095 1.834965
0.8071257 -1.119125
1.023882 -0.188372
0.9679046 0.8380047
2.40672 1.682535
3.231549 2.509399
-0.2701261 -0.2881316
0.7723738 1.266617
-0.6268828 1.255761
0.4736729 1.014466
1.868031 -0.6615829
2.653805 -0.07588522
0.4384752 0.1827461
1.446667 0.7463838
-0.5973501 0.8492949
1.656679 1.43788
1.073749 -0.2150814
0.1156912 0.4987013
1.145855 0.3851978
