0.1828034 1.299007
1.903601 1.699539
0.5541197 0.6349806
0.0665049 0.7982164
0.9278684 1.489597
2.168736 1.496608
1.495272 2.94947
1.527063 0.03893176
-1.043132 0.9819076
1.060066 2.334945
1.916823 0.6522241
-0.3135995 1.724279
1.961909 -0.776106
0.6360813 -0.08988
1.230707 1.653413
-0.4180297 -0.214439
0.1601727 -0.3798172
0.3447081 -0.2506874
0.859892 1.179834
0.1195031 2.535756
1.608126 2.481272
0.8446951 0.2921454
0.9593175 0.6946205
1.752011 -0.1060664
-0.02541884 2.458051
0.7480038 0.9310055
1.259087 1.118226
2.52663 3.007745
0.3363359 1.20286
0.9900414 -0.4090709
0.5945001 -1.376256
1.680111 1.399808
1.609569 2.240756
1.497372 3.223591
1.651172 1.038581
-0.2443326 -1.272834
1.198256 0.2023007
-0.02756238 0.2649319
1.768345 2.260646
0.8961871 1.746317
1.49711 0.6164139
2.065658 0.07414422
0.8287453 0.1888536
2.563486 -0.1447046
3.455516 -1.712271
0.4680039 -0.2842769
1.96812 0.180986
1.440575 1.243609
1.586481 0.02455638
1.278651 1.001364
0.8944859 1.156178
2.10266 3.402801
0.1012326 1.337655
1.889843 0.2189693
0.4996372 1.646508
-1.170445 1.071654
1.611945 0.3052776
0.9461116 1.939525
2.689501 -0.5467849
2.168479 2.90058
1.698201 1.389722
1.317976 0.5852674
0.9197959 3.596011
1.314292 1.694032
0.7851023 0.5092985
1.470019 0.8390272
0.8034141 1.883983
0.5876007 -0.3613105
1.274371 2.292798
1.54709 2.129297
0.6289269 1.269364
-0.9941918 0.5658193
1.604355 0.3482422
1.482072 1.349776
1.016439 0.2408004
0.9067418 0.9411791
0.3479756 -0.3049059
1.72315 0.2668445
1.886098 0.7178647
0.8887754 2.612467
1.951709 0.5308583
0.5377884 -0.3003754
0.2840652 1.070724
0.8972086 0.1532631
-0.3176631 -0.04877194
-0.7983828 -1.063012
0.4363415 -0.9407285
1.80491 0.8321371
2.999224 0.3775907
0.3698967 0.7676486
0.6329946 0.2268316
0.4622014 2.110341
0.05389591 2.569387
0.8115603 1.610924
0.3951985 -0.7562723
1.945595 -0.584721
1.76024 0.6109692
-0.06535497 2.339628
2.45379 0.08762753
3.661103 0.9580517
2.117703 1.834658
2.038936 2.069459
0.8930951 1.633774
0.2717013 1.089827
2.281007 1.046146
0.8672458 2.263906
2.606022 1.230302
0.8955283 0.2995436
0.3925 1.867257
1.458007 1.084771
1.851896 -1.833571
1.385851 1.451925
-0.2511934 0.8816344
0.9150906 0.3745133
1.682491 0.1557828
0.7054279 -0.1649394
1.678521 0.8515105
0.2986754 0.3266103
1.046399 -0.7979926
0.9169397 0.7356875
-0.5328106 1.466956
0.3181317 -0.9785025
0.6440284 0.8096122
0.9732403 1.042542
0.821208 0.7860394
2.097415 1.013167
0.4323217 0.04558499
0.5179976 1.877272
2.541251 -0.3521594
-1.340148 0.5244992
1.476365 0.8692929
-0.12996 -1.700323
2.203194 0.8564701
3.02965 -0.2889012
0.9689684 1.299746
0.6325668 0.5369508
2.610991 1.250715
-0.4649182 0.6141419
1.401732 3.188351
-0.05844622 -1.244817
0.9023971 -0.9932311
1.556041 2.177135
-1.567733 1.467808
1.169085 1.267296
1.025721 0.4842388
0.9332518 2.082621
1.239129 1.574898
2.221443 0.7198715
1.326923 1.896736
0.9490882 1.248949
0.133226 1.797887
0.3299358 1.141168
0.6652296 -1.02155
2.462965 -0.08721538
0.1959458 2.464157
1.670982 -1.742402
2.657312 -0.5957
0.3306075 0.3437769
3.218222 0.9418653
2.32949 0.4105824
0.1984162 1.194001
0.9844195 0.1484604
0.2462532 2.399505
-0.2617853 -0.9545102
1.177619 0.2828989
0.4009551 0.5149677
0.737499 1.347266
-0.9500125 1.178673
0.1609908 0.6139268
0.09932176 0.3693944
1.491251 1.231696
0.3353616 -0.8772003
1.860117 1.381258
0.5346675 0.1788886
-0.6107219 0.8151974
1.220464 1.030915
1.893228 0.5536947
0.4199351 0.8866114
1.568208 2.194266
0.1760965 0.2493581
1.63585 0.3087088
2.202692 -0.3979965
0.1383716 0.1029958
1.78964 3.399574
-0.4071174 -0.1828214
1.528778 0.3447589
1.292028 1.064081
0.06094806 2.549713
2.228635 0.7555577
0.1138434 0.462195
0.4740917 -1.603675
0.3897361 1.101053
1.735346 1.347087
1.495951 1.385248
0.999997 0.8704118
1.439725 1.128319
0.8889422 0.6436883
2.11535 -0.27313
-0.1708102 -0.2142703
-0.9761567 1.769033
