0.07309014 0.7072019
0.554913 -0.4784829
-0.1848633 -1.014842
0.8496939 1.776207
0.2562706 -0.6086212
2.0003 0.5009058
-0.04351214 2.549206
1.025571 0.2980542
-1.253284 0.06871753
1.743742 1.013401
2.319181 -0.4457398
2.340463 -1.103243
1.201337 -0.385737
2.43408 0.2834624
-1.175422 2.017488
1.83639 -0.2110496
-0.2290537 -0.7824825
-0.08020753 1.66025
1.66046 0.06470449
-0.1402778 0.4193838
0.2393416 0.750631
0.727827 1.953833
-0.01255318 -0.1624781
-0.9685246 1.326835
0.5004676 1.275746
-0.2335519 1.505935
1.483725 0.8893487
0.8590905 1.159245
-0.1953105 0.856968
1.384039 0.5232264
2.459397 0.9474342
0.3298756 2.120311
1.199178 -0.09963537
1.381293 3.383291
-0.3855743 1.704235
1.009144 1.342226
0.8675696 0.822561
2.850912 1.062184
2.234773 2.019807
0.7856311 -1.56806
0.3186449 1.529832
3.847212 1.393112
0.9767334 0.9829488
0.605147 0.73184
1.197755 -0.0183469
1.280178 2.190747
2.179949 -0.5021813
-0.4613448 1.011263
0.1743708 0.5210089
0.6005716 1.717563
1.969552 1.995323
1.066557 1.263868
2.329127 -0.6917638
3.686439 1.871496
0.9065783 1.227156
3.448731 -0.5098878
0.764235 -0.2519471
0.3004801 0.271235
0.5310752 1.438409
1.577034 0.741915
0.2422511 1.294404
1.626005 -0.08828276
-0.356816 0.6963842
1.245702 2.497079
0.9567927 1.196734
2.784468 -0.6262659
-0.4390914 0.4556985
0.1067045 0.9448387
0.8025933 1.427122
-0.8486248 -0.8188151
0.8142128 0.4183316
-0.490917 1.437437
0.9552451 1.59157
1.019329 2.341443
2.39863 0.9444496
0.1354119 0.9115964
0.2246135 -0.2565093
1.671658 0.7810493
-0.1008355 -1.039305
0.1272782 0.7951109
0.5369962 -0.0810622
-0.6492086 1.83567
0.2709371 0.679243
0.889076 1.01015
0.5492527 3.020589
0.03125406 0.2672131
0.1042344 1.998552
1.756734 0.4118373
3.193277 2.476486
-0.2035514 0.8335009
1.062871 0.7355123
2.264985 0.5199733
1.781804 0.8471397
0.9608562 1.16009
3.189674 1.696906
1.319331 1.787325
0.4656433 0.6908499
1.735253 -0.7340539
1.413197 -0.2039767
1.307509 0.4113018
2.736732 1.500171
1.411776 1.481284
3.206567 -0.3918888
3.163824 1.260479
-1.097555 0.1994584
2.809126 1.365042
1.584732 -0.07429368
1.004744 1.234766
0.2480308 0.4311283
1.586886 1.733433
1.296948 2.111451
1.426624 1.907709
2.740693 2.713704
0.8758521 0.2594329
1.950492 1.927276
2.019976 0.8360101
-0.0967159 0.8629569
1.764983 1.431815
1.353167 1.810073
1.736318 -0.565321
1.537034 -0.2435151
0.6127402 0.8624671
0.1390714 1.112125
0.6721296 1.39298
-0.02983932 1.671476
1.649039 -0.3418705
3.279214 1.934917
1.492049 -1.325142
1.309788 2.146511
2.485993 0.03122482
0.473552 0.9027076
-0.4162206 0.0682943
-0.5354196 2.168367
-0.07249932 0.5907239
0.4811474 1.75802
2.986428 1.540061
-0.3175802 2.760891
-0.0932616 2.603563
2.848817 0.5896323
1.481542 1.801251
0.1246337 1.842032
-0.2777631 3.077247
1.294943 3.027495
0.98326 1.919224
0.5257332 0.0216529
0.2193194 0.3163818
0.6072585 0.9890989
-0.1364388 1.92005
0.8738711 0.9211005
1.826744 2.624855
0.5659786 1.575903
1.441115 1.481376
1.511265 2.386942
0.4002348 1.596612
1.104243 0.7968992
-0.5958533 0.03898754
0.04136031 -0.347994
-0.4274978 2.405337
0.4386439 0.1642154
2.482635 1.024125
2.028112 -0.08992874
2.344597 2.057744
1.911078 1.095247
1.142429 0.8607939
-0.696061 0.4713985
0.347924 1.732607
1.773613 0.6550165
0.3048898 0.9744754
-0.3154463 1.439116
1.131859 0.8871905
1.698979 2.738894
0.9770482 1.701326
1.947242 -0.6813115
2.630091 1.141274
2.578779 0.5374805
-0.2297896 0.6063947
0.9211143 0.8486952
-0.05617777 1.328355
0.8225102 -0.02643075
-0.6501856 -0.2036274
1.119624 0.06276857
1.303885 -0.8815151
1.051529 0.9240597
0.4311253 -0.3391723
0.8079408 -0.3288366
1.565833 -0.1299745
0.4873412 -0.906202
0.8556464 0.1693173
2.170831 0.5080766
2.428506 0.06140013
-0.880591 2.680466
1.576166 1.177544
1.985293 0.4251206
0.06672957 0.6222683
1.593679 -0.9092128
1.303678 1.336933
2.177406 1.321974
0.9490032 0.2946066
0.4140506 0.03930025
-0.348367 1.459338
