0.7741903 1.131568
0.6053862 0.8318392
0.3143299 1.61799
2.156873 0.7794113
0.9134124 1.619284
2.610362 1.692999
0.2598651 2.891949
0.7177678 1.231953
0.3638928 1.45793
-0.729072 1.836367
0.009864238 0.9489756
1.228133 0.3729058
0.4604135 1.172549
0.5375117 1.111891
0.5211643 0.8031072
2.140065 2.75355
0.7094556 1.82486
0.9802548 1.461214
1.135236 4.101684
-0.4897854 1.58
1.994415 1.912281
0.9309974 0.780559
1.195956 0.1726231
1.343411 1.186012
3.18685 0.2900347
0.1965154 -0.3840383
0.4940352 1.612205
-1.286622 2.490971
0.2512802 1.340793
0.6151715 0.7538251
0.5903956 0.3347685
1.517793 1.61201
0.1346337 1.194133
0.9144266 3.280463
1.050537 1.429562
-0.7388992 0.9475052
1.750194 0.8245803
2.382966 2.602135
1.607794 0.5120769
0.6524096 0.9527161
1.489625 1.373454
1.862427 0.6853602
-0.9704821 1.810319
1.845702 0.5037554
0.3094292 0.9357186
0.3999837 2.56819
-0.812737 -0.863053
2.807533 0.9231069
0.1678988 0.18691
0.2455194 2.818502
1.003001 1.299026
0.933545 2.329233
-1.330183 -1.198977
-0.8937177 0.1450655
1.525697 0.9791676
0.5542544 2.500296
0.05684115 1.73837
2.087818 0.3752104
-0.272473 0.7382365
2.051581 1.663034
1.221689 1.50169
0.1369121 -0.9717038
1.050788 0.901715
0.3447852 1.478485
1.441735 -0.9665647
-0.1034793 0.3187159
1.555562 2.651628
3.375247 2.10308
-0.5242362 2.111156
1.891237 0.9724619
0.9440969 1.938278
0.9667048 0.876918
-0.5751706 0.1136091
-0.3601967 0.7431017
0.2690465 2.915908
1.004773 1.39778
-0.0249731 0.5567376
1.051432 3.216328
-0.07153249 0.403673
0.4297012 2.63363
-0.08990181 -0.2826828
1.862562 0.9987152
1.137874 1.412677
0.7828558 0.5371638
0.3967271 1.471996
1.609337 0.9128716
0.2223428 0.3713919
2.867456 0.5397373
0.5543632 0.05064143
-0.221799 1.365242
1.144166 1.669969
0.8067008 0.4858096
0.850345 0.2202245
2.755208 1.766308
1.150708 0.9722724
0.2595958 1.903017
0.7161579 2.259469
2.275155 -0.02516325
1.880988 0.2268428
1.79937 -0.04144375
0.485168 -0.4474469
-0.0393129 0.3843182
1.056397 0.09271004
0.3581451 1.790919
1.892279 1.494066
0.6186121 0.305023
-0.01289323 0.8672273
1.454028 0.2209257
-0.4790874 2.823942
2.156043 1.931489
0.7716026 2.167353
2.111648 1.278898
0.6654523 0.4905477
-1.622345 1.676769
-0.4365128 1.637802
1.730595 2.408054
-0.505087 -0.06735482
-0.8310794 1.194788
2.374776 0.8973237
1.654948 -0.7725119
1.869664 0.9391246
1.503742 2.0637
1.675751 2.536798
1.23944 0.7094849
0.7684098 0.5254743
-0.3317622 -0.6672613
0.8044636 1.432982
2.002473 0.2512309
2.015064 1.992464
1.771763 -0.5087691
2.477144 1.572941
0.9857922 0.6140623
1.100815 3.118003
0.4561763 0.4386262
-0.6558398 -0.5668685
2.043094 1.396212
1.080727 0.8134384
0.4130869 1.809317
2.617719 1.433047
-0.5548224 0.9672634
2.161676 -0.6872895
0.1083229 1.964441
2.088929 1.129859
1.576288 1.712839
0.9758901 1.037497
-1.112972 1.658884
0.9266006 1.35879
2.772707 1.251632
1.560845 1.42165
0.6139865 2.303676
1.163093 2.653228
1.771932 0.814343
-0.6785062 2.314754
1.916344 2.011138
-0.9066781 2.926798
1.097207 -0.3084984
1.321643 -0.05352696
2.141722 -0.04401881
-0.204353 0.6550791
0.1725799 -0.4103915
2.327973 0.7903444
2.700891 0.8552044
2.771266 1.665284
1.590049 0.606162
2.807272 1.400111
1.788404 1.656595
1.25727 1.223658
-0.1730648 0.8680688
0.7918192 1.593495
-0.1074731 2.382807
1.357812 1.893198
1.482568 -1.094258
-0.2296056 0.39774
1.579954 1.28859
1.314163 1.29185
2.166777 0.4480725
2.079071 -0.7053367
0.7212103 4.346641
-0.5981991 1.799707
2.100709 1.816531
1.729004 0.4200846
2.283347 2.19837
1.458788 0.5383323
-1.117451 2.16377
0.8365539 0.4520219
1.525628 1.038644
0.3412526 0.7017256
1.405823 -0.7749269
1.915786 -0.1590842
1.263856 0.8558777
2.985063 -0.8820374
1.945197 0.5255599
1.479561 -1.087707
0.6029896 -0.549933
-1.45271 0.5806525
-0.1391779 0.3931076
0.2345472 1.923027
2.856379 0.6629897
1.236465 1.325899
2.422112 -0.355755
