2.477602 0.8980805
-0.2216474 0.7159257
0.6441646 0.1318862
-1.354704 1.498277
0.6367464 1.217295
1.645548 0.07165899
-0.1121257 0.6059316
-0.2199827 1.771584
-0.9697742 3.435343
-0.2473997 2.914252
-0.7113122 0.8166446
0.810397 2.047424
2.676282 3.113515
0.9754564 1.969517
-1.026018 0.5350616
0.3775089 1.178256
0.6677013 0.8860435
1.101703 -1.536778
0.5233449 0.1649847
2.124139 2.358643
-1.527067 0.737622
-0.3198653 2.140102
0.7579962 0.8923469
-0.1706955 0.6099597
2.077036 -0.4689722
-0.7328381 0.784721
1.904785 2.073548
2.256051 -0.06137539
1.056504 2.521148
1.241471 3.119603
1.240966 3.004498
1.093981 1.654788
1.036526 1.375783
1.933667 0.3403068
-0.2427708 1.943984
-0.4079005 0.310447
1.543825 1.540231
0.2359786 0.4285092
0.8572764 0.9533725
1.335229 1.337245
0.112805 -0.9061548
2.610217 1.224994
1.261312 0.4262681
-0.2533362 1.339484
1.93121 0.6808617
0.6837856 0.3920896
1.997804 2.16434
1.054991 2.944874
-1.061466 1.19515
1.816221 1.062595
0.346223 1.305744
1.753367 3.440141
1.781686 0.9134819
2.869286 1.9338
2.790496 2.751136
1.163746 1.237901
1.84805 0.7027338
1.737969 1.704238
0.9079576 0.08262638
0.6637869 0.5130918
2.397905 0.678264
-0.1925368 0.2404002
-0.2831967 2.428936
1.335866 0.4349988
1.122202 1.89266
0.5050772 1.808577
0.6295393 1.035538
0.6253518 1.267491
0.6588408 2.386518
1.15934 0.4119313
3.328718 1.529499
1.988856 2.249899
0.637557 1.437944
0.8959451 2.075412
1.566828 -0.9811007
0.7635537 -0.5486913
0.9268191 2.65372
2.511797 1.180818
0.2759029 0.6250133
1.013716 2.1812
1.581982 0.231916
1.076099 0.4847371
0.6929143 1.609364
-0.4135389 1.78431
0.05269038 0.6590842
0.4430954 0.5882063
1.292435 1.407736
0.6238408 -0.2135515
0.89578 0.8903305
0.4763287 2.920337
2.681932 2.125343
3.029078 0.5255022
0.8621681 0.5521906
0.1080145 3.037697
2.450163 0.7889003
2.889001 0.2258554
1.176211 -0.2776881
0.7204449 3.017107
0.7295546 1.282788
1.297075 0.1120605
2.416088 0.5042385
0.5991112 1.002295
1.720669 2.086217
0.3874798 0.581989
1.197858 1.801184
1.180639 -0.04756416
1.283428 0.23676
1.367638 1.393817
0.9028528 0.999166
1.197576 1.709527
0.8033618 0.3080715
-0.3847821 0.05758622
0.9588824 -0.429434
1.222462 1.698827
-0.8468273 2.701926
-0.9958879 1.679628
-1.288337 0.4085449
2.353692 1.991211
-0.6799979 0.1610739
1.342805 -0.6266217
1.858224 0.7194716
0.6463251 1.06574
1.787671 0.2512826
2.937963 0.8197845
1.02894 0.3784352
0.4674033 0.1460911
1.568488 0.2940901
0.8839285 2.232588
-0.4323299 3.616721
0.7909564 1.477346
0.293866 0.9010365
0.8913642 1.092717
1.424737 1.113592
-0.3320387 2.310829
0.9616484 1.264431
-0.04084545 0.02885925
-0.06810292 0.4580025
0.4213715 0.5052647
2.188517 2.259452
-0.5086064 2.218521
1.770761 2.405864
1.081245 2.116234
2.503406 -1.108751
1.31403 0.6292528
1.019138 0.6771292
1.588123 1.095005
1.038618 -0.5705307
0.6174885 -0.4684979
1.544019 1.575556
1.797474 0.7511707
-0.9341431 1.803771
1.405942 0.5450337
1.264058 -0.5964617
-0.01807049 1.869787
-0.1032877 2.52006
0.8671991 1.18525
0.9280387 1.530847
1.127549 -0.2058016
1.390738 1.39682
-0.357828 1.17541
1.365741 0.5605873
1.754395 1.531618
-0.3475686 -0.2344249
-0.1312373 0.5020664
0.7372321 1.346859
1.986427 1.985148
0.1830592 1.29013
0.1779735 0.8568649
0.6921859 -0.2372476
0.9380955 1.940094
0.6268426 1.615799
0.9051025 -0.646983
1.923533 1.203509
1.703274 0.4366638
1.942202 1.39726
2.287532 1.271152
-0.3039957 0.7095363
1.115371 1.21645
0.4266924 -1.201183
-0.4081715 0.6311176
2.593691 0.5348616
1.426275 1.291571
0.986329 2.19722
0.8063547 -0.2633545
1.220497 -0.614581
1.978161 0.7834405
1.32888 1.089231
0.1280356 0.9790683
0.9010971 1.37494
-3.142414 1.267406
0.09787444 0.5097913
2.149609 2.277508
0.01733406 1.075389
0.3185185 1.156767
2.112541 -0.057705
0.2935178 2.059315
1.975626 2.292061
0.1382067 -0.5905338
1.855762 0.2293583
1.004514 0.1076065
