0.5788736 0.5168137
-0.1886574 0.3325424
-0.2306341 1.483898
1.230941 2.598933
0.9438124 3.157448
1.812112 2.075321
2.755394 0.3902407
0.7176648 0.2019465
1.49723 0.6847179
0.5310038 1.079813
0.1151279 -2.453555
0.3631519 -0.1208621
0.5415482 0.5247675
1.829105 -1.266524
0.5468698 2.449196
0.9431893 2.689086
0.03278893 1.587249
1.993834 1.2553
1.82438 -0.2016639
-0.4390857 3.289139
2.426947 -0.1458816
0.3413758 -0.546767
1.13784 -0.003251627
1.81784 0.227258
2.575507 0.5124521
1.585567 1.649477
1.671081 1.505446
1.574858 0.2454221
1.805637 1.029884
1.532571 2.016222
1.156049 1.545408
2.049362 2.304751
0.6083161 0.7041905
3.281907 0.3381042
1.920851 0.7076729
1.26696 0.4091471
1.111709 0.02532272
1.194253 2.014926
1.287606 1.938639
-1.075373 0.9184204
1.045449 1.312673
2.21801 1.821405
0.1279802 -0.001846199
3.754858 1.166893
0.08519161 2.166993
0.1678805 0.2498416
0.572972 0.5680042
0.4526601 0.2961937
0.9087035 1.652186
-0.6531993 0.3468565
0.290763 -0.9171951
2.060822 1.112052
1.533242 -0.1674632
1.542852 0.8340237
2.475898 2.596266
0.4838825 0.1980073
-0.6629979 1.16788
0.9438171 -0.2849067
1.920337 2.201473
1.134503 1.176722
-0.1233254 1.023199
2.637172 1.681657
-0.3281388 -1.271629
1.612392 1.864216
1.170663 1.106599
0.5066897 0.5818289
3.115423 1.48988
1.54441 0.9535733
0.4376329 1.206165
0.2030731 0.9788385
1.618516 1.18623
1.390705 1.521991
-0.6488179 1.712493
1.103992 0.07487895
0.7973436 1.053037
1.749136 1.002767
1.311657 -0.5893554
0.8063199 0.2329799
0.476687 1.255722
2.138737 1.523165
2.533437 0.2832959
-0.09362329 0.5006513
1.940056 2.321993
0.6476712 0.7235327
1.924189 1.625245
1.734291 1.081797
1.189971 1.87061
1.02681 1.617782
1.018549 1.052204
0.8656583 0.967427
2.65134 2.73444
-0.1593871 2.863795
2.802842 1.557169
1.44368 -0.3115188
-0.0005674931 1.267663
2.885358 1.919969
1.580211 0.7063081
2.233966 1.557023
1.941488 -0.5750563
-0.3496535 -0.06709601
0.5180867 0.2150497
-0.1443052 0.9194437
0.7305842 2.154733
2.873833 2.794475
1.766478 1.261153
0.9152432 1.7824
2.192808 -0.3040725
0.7950084 1.611527
-0.2761457 0.7867187
0.4184508 0.5645726
0.9543064 0.88006
-0.8765872 0.2852207
0.1706309 0.03650891
1.434317 1.435238
0.6494484 0.907637
0.8174981 -0.1188999
1.692119 0.8548968
-0.1278412 0.427385
0.6006305 1.857203
0.1179276 2.56181
0.9246753 0.08995288
1.117063 0.6140563
2.719701 -0.9497914
1.78685 1.708546
-0.09540051 -0.6294853
1.952034 -0.6662538
0.1840224 3.785539
1.021792 2.706443
2.424205 2.567386
1.238399 0.2604311
1.335014 1.693119
2.123819 -1.352553
2.315742 -0.2780293
-0.4453199 -0.3870991
0.6168205 -0.05987785
1.615121 2.457098
0.4159799 1.361045
0.7746896 1.548984
-0.1151711 1.629462
1.429384 2.608362
2.653883 2.308032
-0.2924749 1.707816
1.751574 0.8609852
0.5265322 0.3560255
3.018982 0.3895972
1.007023 2.055811
-0.3143452 0.6847857
1.385272 -0.4432742
1.370185 0.2419019
0.4428159 -0.1482855
1.224507 -0.01831959
1.128936 2.298388
2.094208 0.3487657
1.511489 -0.9442248
0.9673611 0.4246384
0.1594616 1.750311
2.07063 1.801374
1.246057 1.795145
1.622744 -0.7033538
2.466841 2.254339
0.9181154 1.927534
1.449543 1.701565
-0.3040763 -0.8201604
-1.384565 0.1754901
1.773045 2.106689
1.542386 0.5651007
1.544856 2.038172
0.8337658 0.8618207
0.6179107 1.217741
2.046598 1.815369
-0.1489856 1.736537
1.295581 1.860784
0.7536334 1.974492
0.1336448 0.9727489
2.609659 0.2655882
0.6021724 1.807395
-0.7432947 -1.048479
0.7536771 0.002247618
0.7958866 1.067899
0.4276484 1.307509
1.610985 0.8114752
1.186484 -0.1073889
0.7066562 0.1050763
0.4202698 1.828871
1.354656 -0.7784016
0.7684258 2.911334
1.105052 0.6169191
0.6622166 1.168057
1.334208 1.289941
1.756446 -0.5182794
3.591004 0.54756
-1.265413 0.76237
1.242979 0.1706784
0.05676928 0.9634275
0.4626938 1.353124
1.15352 2.468692
0.7302483 -0.600033
-0.999675 1.308086
1.478366 0.3328153
1.436596 1.014952
