1.456364 1.191031
-0.2303594 0.1939985
0.5173909 -0.05198516
2.114835 0.3428114
0.4809525 -0.2789659
0.5977064 2.685452
0.2601826 1.430044
0.6708091 0.1320259
0.9976995 2.829866
1.195308 2.26814
2.588558 -1.607933
2.1362 0.5460055
2.161467 0.9258252
3.133927 1.879193
-0.2553724 1.738496
0.4406551 1.848615
-0.8917119 2.521707
0.0779285 0.1174212
1.133076 0.5911491
1.358166 1.916859
1.228825 2.254616
0.5586663 -0.511608
2.415709 0.8216725
0.772943 2.227142
0.478485 1.041835
1.995433 0.7796866
1.842679 1.41124
-0.03102961 -0.9207682
1.428047 -0.3276108
1.290302 1.087412
1.410347 0.8903965
0.361993 1.311479
1.986281 0.9195146
0.9497741 -0.6822437
3.343622 2.174563
1.808595 0.2879076
1.587658 0.7291145
-0.115155 0.83644
1.371887 1.416799
0.1980487 -0.3516043
2.056877 -0.8608425
1.186455 -0.2573738
0.2820156 0.2391917
3.313945 0.9058625
-0.2806169 1.812048
1.675035 0.7081439
1.16297 0.6056399
0.5307691 1.14267
1.501401 4.115946
-0.09612885 1.015483
-0.09898548 2.263009
0.8279592 1.706949
0.02369272 0.2274903
1.583144 0.6468164
1.817086 1.13722
0.5796508 -1.512591
2.751751 3.587286
2.630261 0.5946467
0.3215018 -0.1391269
1.13722 0.3256068
0.8532355 2.300133
1.780571 2.074655
0.7250243 0.4289697
-0.03836698 0.06894093
0.06417754 0.9369096
-0.3331501 0.4702658
0.9871805 0.5182889
0.5147867 1.289386
0.9583768 1.176123
-0.09958788 0.9395005
-1.057468 1.789303
0.5416581 1.127239
1.178458 2.448668
-0.4489182 2.209684
1.535645 0.5532621
0.9160436 -0.3887355
2.941252 0.9209301
3.739246 1.343177
0.1519484 0.2224679
0.972618 2.883706
0.3046535 -0.5186051
1.130428 1.916056
0.8711834 -0.2967208
1.647576 2.273672
1.07992 1.62591
0.2499678 1.338939
1.676425 0.141129
-0.3558079 1.611589
0.4017447 0.2725387
0.4246808 0.9648907
1.022982 -0.295422
2.36495 0.8297874
0.7235013 0.6752228
1.733737 0.5034225
0.8008437 0.329736
1.878049 1.825388
1.893911 -0.8101849
1.706624 1.594888
0.4348805 1.873285
0.9049673 1.279498
1.797013 2.030637
1.553014 2.095754
0.07052144 0.5508142
0.5741657 0.3287787
-0.3463312 0.278865
2.271028 2.138579
2.240588 1.08292
3.045595 1.572423
1.095803 1.46934
0.7240705 0.9749539
1.608716 0.7661385
1.060161 0.4793396
1.441279 -0.3786901
0.3763814 0.3860315
1.125009 1.751607
-0.1051502 0.8840656
0.1949213 0.1437726
0.849303 -0.08947151
-0.3225613 2.575424
1.918972 2.464671
0.7695914 -0.2505639
-0.009883732 0.9908073
2.729913 0.5117799
1.919012 1.29133
1.207089 0.8964451
1.235401 1.91814
1.158352 1.672822
1.981521 -0.338219
-0.05768728 1.523711
0.6617932 2.433393
1.00764 1.031898
0.4879764 0.04877812
1.188687 1.57349
0.2851608 -0.3250875
1.414139 1.553941
2.71041 0.3818021
0.9077041 1.87159
0.150797 1.103787
2.068684 1.033107
1.143703 0.9944886
0.2375864 0.5221617
0.7256388 1.68395
0.6702863 0.9289553
1.768338 1.550796
3.354278 1.595992
1.285921 -0.5002886
1.36957 1.386485
0.2145093 0.9337723
0.2526472 1.465399
1.763678 -0.4577214
1.267066 -0.2047598
0.03956116 1.623517
2.252264 0.3759237
1.10118 0.9793287
2.332323 1.548207
-0.1000917 0.7841775
1.384192 -0.2266653
2.480987 0.1756374
2.527022 0.585901
1.537433 1.99845
-0.2546829 1.762345
-0.4900981 -0.98668
1.804642 1.90499
-0.7411737 -0.2280804
1.468325 1.35554
0.3410775 0.5585946
0.115219 0.6312899
0.4677854 0.9192422
1.407831 0.5107498
-0.5174726 2.659693
2.6132 2.689079
0.03823332 1.335985
-0.361298 1.212755
0.933555 0.03372199
0.1583251 1.280145
1.858198 -0.08985694
0.7345953 0.2184279
1.676927 3.003939
-0.04378987 1.019388
1.243871 -0.2313549
0.388604 1.426517
0.6064301 2.335564
-0.100869 -0.07273559
1.857431 0.7710707
1.596653 1.034746
1.543905 1.466086
2.264254 2.15226
2.456091 -0.5429265
1.457284 1.145301
-0.338376 0.4835444
0.9854424 -0.467483
2.25534 -0.4814553
0.01020864 1.899549
0.470605 1.46382
1.440206 1.698416
-0.2393294 1.170675
1.808265 0.3740378
0.915666 1.405773
1.808647 0.6538116
0.005985079 1.649725
