1.222389 -1.451264
2.535857 1.104157
0.07931797 1.534705
2.439685 2.776884
0.9418236 1.199437
0.8043545 0.9613314
0.6497122 0.214958
0.9045467 1.212532
0.3764458 2.826334
2.056233 1.693234
-0.6608024 0.1659228
1.33868 1.902439
0.1515057 0.3934653
-0.1729476 3.640156
-0.2632088 1.882692
0.9543548 1.618671
0.9282974 -0.4691902
-1.265243 0.4676571
0.319824 2.280771
0.04814226 0.4095319
0.9348115 1.247525
0.8359147 0.7432899
0.8701751 -0.6282834
1.363902 0.118276
1.133383 1.167818
2.175991 0.4944661
1.414754 3.082991
0.7763253 2.189456
2.144882 0.4089183
0.9471412 1.052474
1.121395 1.546918
0.5312166 1.551409
-0.3278921 1.453668
2.572261 2.313682
3.012288 0.04767957
1.279476 0.6084395
1.74737 1.584943
0.5134268 0.2357436
0.8366836 -0.3363027
0.3541916 0.02038546
0.2726705 0.9333617
1.724844 1.489772
0.6479778 2.503153
0.3338902 1.108866
0.211457 2.242511
0.7922493 0.276401
0.3164299 -0.2627867
0.001821467 -0.7446003
1.061537 0.8036243
0.5180475 0.885958
-0.6585415 -2.363268
1.153041 1.737566
1.986164 -0.4138269
2.40407 1.945251
1.799242 1.398091
1.144167 1.456829
0.7080132 1.092866
1.498567 -0.02507772
1.878676 1.642151
1.216231 1.290167
1.970552 1.646317
-0.7835322 1.295333
0.4058821 2.509532
0.0007750021 1.835672
1.782921 0.6204037
1.309944 1.362393
1.341639 2.282527
0.5203469 0.3065291
0.8548239 0.5920673
-0.2375261 -0.01703381
2.191568 -0.4556422
1.739359 0.7648438
1.406331 1.023293
0.5172985 0.05865802
-0.2241009 -0.138623
-1.102601 0.5732113
1.505278 1.086556
0.1338306 1.307437
1.082231 0.947701
0.8106274 1.017407
1.142082 -1.27485
1.445036 0.6925494
0.3274479 1.309463
1.270911 -0.7545561
2.378147 1.240531
1.821596 1.563149
1.961827 1.711415
1.602096 0.3741537
1.214736 2.414109
-0.5149564 2.134173
1.067904 2.262372
0.7082382 0.7844935
0.3034777 0.2594881
1.253401 1.578475
0.2493954 1.57908
2.001686 1.951185
1.292306 1.226456
2.419539 1.877489
1.369001 1.094627
1.520141 0.9924223
0.3429343 0.660241
1.702977 0.2121859
-1.315893 0.8078796
1.650505 -0.0001416315
0.83731 2.674221
0.2413415 0.3907809
-0.3854437 0.4123938
1.386078 3.088814
1.481706 -0.6053116
-0.3041945 1.573946
2.592074 0.1595987
0.4473792 3.070084
0.4863887 -0.2030899
0.7087873 0.5357767
1.318978 -0.672294
0.2653155 1.960517
0.164198 1.235746
2.008909 1.220707
1.795215 -0.3026196
-0.5861502 2.320913
0.04020126 1.883302
3.404386 0.969263
-0.5351415 1.708719
-0.7050494 0.8627893
1.912887 1.845624
0.3986495 1.432149
0.3454063 2.075255
1.645488 0.2577509
1.066089 1.574659
1.734985 1.168026
-0.5711148 2.591548
2.393547 2.396179
0.4107427 -1.318493
0.008720096 0.2064654
2.456098 1.521278
-1.128454 0.7101109
-0.240284 1.3353
1.044612 -1.257701
2.480147 1.582542
1.231372 0.8215432
0.9633855 -0.7211193
0.4946391 3.321741
0.2565913 0.6717341
1.853145 0.01158113
0.6308077 2.167587
2.229374 1.038863
2.540006 2.613087
2.033657 1.820079
-0.5777446 0.2377507
0.4169051 0.3454273
0.28454 2.782426
0.5417364 -0.006536093
1.463661 2.079823
1.562969 1.298239
-0.07257419 1.006642
0.2489103 1.936316
1.509532 0.6059247
0.9835425 0.1353686
1.279734 -0.2064267
1.015935 1.846522
0.2633561 1.882233
1.273377 0.376541
2.046268 1.014523
2.02874 0.2986996
2.337755 1.57546
0.9104747 1.323524
0.1247241 0.9507097
-0.3470734 -0.2260941
0.2120706 0.9161061
2.507193 1.028511
2.14698 0.4968002
1.352739 1.354781
0.9875978 0.01524536
2.369812 0.1888305
-0.06578224 1.284413
1.204518 1.086041
0.6252466 1.097739
2.039163 0.08009386
1.310722 1.743331
0.4708645 -0.2850173
-0.6739837 2.537048
0.7292862 0.3395937
2.113861 3.307675
0.7567602 0.799994
0.2430904 3.222675
1.840818 0.8348089
-1.831921 1.102555
0.5598058 2.548981
1.507497 0.9864979
0.4590782 1.093705
0.9875287 -0.03162846
-0.3147431 1.674782
0.7995246 0.77331
1.305593 1.236373
0.3038807 -0.0410342
1.36923 2.173813
-0.2391096 2.720378
1.280472 0.3257934
0.4177508 2.115629
2.998948 0.1498805
