1.677804 2.137375
-0.5164267 1.605345
1.625365 1.254728
0.9948746 0.1249075
2.66126 1.411362
-0.5801499 1.384578
3.2182 1.364638
-0.3719487 -0.2292781
0.7566689 1.09364
1.559137 1.400465
0.2801508 0.8299106
1.272066 2.474269
2.391757 0.9076133
2.158133 2.163021
2.542508 1.29049
0.8534997 0.5631205
-0.4290285 1.927811
0.5680264 0.07830917
1.236839 0.5347001
-0.2928231 -0.5888307
1.453938 1.782757
2.481186 -0.5000529
2.114713 -0.45347
2.413906 0.9695976
0.7749912 -0.04686394
2.463954 0.01532496
0.1400948 -1.489996
1.647556 0.9308249
0.4237942 0.5263561
0.5254179 0.4526
2.088937 1.001913
0.0456725 1.901951
0.5043023 3.209011
-0.4223542 0.6398845
1.171855 0.01814951
1.806006 0.02487182
2.524543 1.266339
0.9072796 -0.6258839
0.1475549 1.415555
0.3826367 0.5945199
1.824327 1.480328
1.741473 1.73164
0.613222 1.350769
0.8954775 1.158416
1.04415 1.56962
0.01981689 0.9292975
0.6661874 -0.04435182
-0.8690241 2.090319
-1.476009 1.104662
0.2377485 1.714116
2.287931 0.2827985
-0.112106 -0.27195
1.770554 2.562098
1.291583 1.497899
1.697705 -0.2737887
0.4587187 0.8838907
1.640305 1.180051
-0.02450814 1.910815
0.389907 0.8476276
0.4070669 2.249718
0.6536319 1.211883
0.3638272 0.9570947
0.4697781 -0.2510595
2.798318 1.819678
0.6306112 1.162125
0.2169463 1.078515
-0.8546092 1.61056
1.646734 0.5077355
1.95336 1.658719
0.435754 0.8507998
0.3377576 0.9420083
0.4456779 0.2292729
1.790811 0.8484484
0.7841499 1.301413
0.8116384 0.743581
1.147818 0.03091534
1.869959 1.844669
0.9013514 -0.2637469
-0.3712363 0.787822
-0.5536813 -1.16497
0.5419158 1.019596
-0.5059182 0.548504
2.123402 1.124355
2.199833 1.052424
0.384589 1.849282
-0.08314906 2.434726
0.9598717 2.040527
1.866979 -2.061927
0.2723233 -1.187762
1.861069 0.3606276
-0.0222725 0.8658006
2.606588 1.280089
-0.04736571 0.3143849
0.7282932 2.24543
0.08414171 0.2094156
1.01571 1.455085
1.564269 -0.1431811
1.66056 1.473752
0.9142747 -1.145164
0.8273198 2.023427
2.773442 0.05691291
1.386071 -0.456226
0.07921099 0.5873778
0.8596463 1.571475
-0.2219719 1.198438
0.3078728 0.5104109
1.467431 1.870553
0.05919386 2.946227
1.207519 1.247544
1.746331 1.895399
0.8405858 1.814872
1.750054 1.030238
0.1560876 1.173239
1.44153 0.3921208
-0.07180721 1.609798
2.069446 -0.5085582
0.7674448 -0.6250198
1.63223 0.2068863
0.181364 1.0521
1.391215 0.007870526
0.4514219 1.123154
-0.007521898 1.661586
0.2905087 -0.681185
2.221796 1.386479
3.508028 1.325013
1.945964 0.1835817
1.634457 1.655017
0.5122556 0.8583065
-0.9664936 1.45494
0.08334791 -0.2227926
1.367597 0.5685045
1.760819 2.743564
-0.02420095 -0.1949444
1.225386 0.9775254
1.5058 -0.7059819
2.202238 0.1597328
1.328071 0.9754616
2.119962 1.60397
1.451547 0.01694972
-0.3779119 1.44746
2.430657 1.160799
1.021731 1.004895
0.8558956 -0.1224333
2.113872 -0.3853777
2.17828 0.996394
1.336088 2.808531
0.8658455 -0.3080727
-0.2768011 1.456766
1.373733 0.2820546
1.228392 1.269769
-0.7679962 1.461706
0.5579061 1.422901
1.18305 1.515734
-0.1075056 3.39601
-0.02105419 -0.1797603
2.196156 1.074348
0.6181854 0.9886116
0.396437 0.986691
1.934634 0.1177101
0.5948442 1.378799
0.4097332 0.7423055
-1.948066 2.481554
0.1682534 0.771089
1.200453 0.9882051
1.86928 1.865111
1.724114 -1.432866
0.6611855 0.09895946
-0.326262 0.4893587
2.00747 0.4569808
2.573361 2.334731
0.4286422 0.4386449
1.374242 1.282087
0.6814173 1.712812
1.329396 -0.7751191
1.010817 -0.4585488
2.181004 1.010752
1.405206 1.778797
1.347031 1.433647
0.9996906 1.133252
1.039351 1.769303
-0.0001283871 3.03109
0.2687795 0.2920171
1.00114 0.7199242
-0.8492318 1.140276
1.818182 2.036179
1.524848 1.040878
0.8251313 2.33357
1.820351 1.166938
0.207367 1.168248
1.468198 1.567313
0.4885978 2.76798
-0.4247368 -0.4754293
1.899491 -0.4679763
1.259156 0.9691622
2.147042 3.11237
1.243956 1.870162
-0.6565242 1.300341
0.7614203 0.08505465
1.029191 0.2702546
1.648226 2.162021
