-0.2624175 0.894723
1.279836 0.3292808
0.876111 0.3277959
-0.3204807 0.2813468
0.8887599 0.9020379
0.2088274 0.1737737
1.177148 1.519825
1.089541 2.561172
0.6139785 3.265952
0.6925644 2.20144
2.343448 1.258937
1.681301 1.913296
1.640288 2.020217
1.009863 1.225889
0.963942 2.785191
-0.2089313 0.977953
1.100179 1.13404
0.2623666 0.6497424
1.631229 1.22196
0.5062268 0.3403783
2.019151 -0.4651045
2.586925 0.8281853
0.5251045 1.459136
0.7451566 1.762029
-0.6325747 0.4284128
0.2689586 -0.5412638
0.1250977 1.386323
0.09129549 1.355119
0.4092853 1.496351
1.118597 0.8780373
0.3355374 -0.7652683
0.5922888 -0.6248568
-0.321953 0.4746147
1.199104 -0.5705067
2.840489 1.689549
1.238237 0.1066338
1.272711 0.5182933
0.6859876 2.556203
1.749377 0.8504441
2.402211 0.6697004
2.533886 -0.3952425
0.6643138 3.101651
-0.2017014 1.667987
1.723303 2.177961
3.682663 2.388637
1.457047 0.4387243
1.492368 0.9473546
1.608767 1.905319
-0.9481871 1.246366
0.6388262 2.504127
-0.1973522 0.9617138
-0.01223844 1.958828
0.8580616 0.6087949
2.403024 0.7249821
2.434488 0.4734042
0.6942631 -0.3064885
1.60802 -0.7194719
1.795579 2.35259
1.946802 0.217573
1.463635 0.7622904
0.6884386 0.6954294
0.6467885 0.2609043
1.893162 0.691945
0.5078709 0.6995662
0.2118374 2.23489
0.4759773 1.84375
1.450876 0.9312844
-0.4307407 1.045391
-0.152508 -0.01004898
-0.2737555 0.09585131
-0.2655323 -0.6273592
1.404818 0.5785928
2.458688 2.432056
1.539092 0.527101
0.3537058 0.3995659
0.5635138 1.655013
1.895538 2.901991
-1.539222 0.577105
2.086065 1.652098
0.8480869 0.09220871
2.191791 1.878966
1.516784 1.520313
1.07288 1.111643
0.8200521 2.56437
-0.7101801 0.9525091
2.923113 2.033515
0.3559666 0.2452488
1.699591 0.6699564
3.720249 1.578969
2.731898 2.168428
-0.2842174 0.9825863
2.477663 1.584061
-0.2151104 0.9175923
0.6230754 2.355851
3.970223 2.379905
1.062678 1.693075
0.978789 2.070109
0.7005385 1.840006
0.0236907 2.319513
1.560091 2.541361
-0.135162 0.6919256
1.916033 -0.6395314
2.452073 0.1527465
1.131612 1.460221
0.3222074 1.280925
1.47137 1.381465
1.158773 0.2967667
1.482779 2.384351
0.6087104 2.047461
1.759141 -0.8737504
3.316053 1.232626
-0.9371053 0.3738919
0.008620873 1.710431
0.3912331 -1.252757
0.2493214 -0.9812286
1.772075 1.384392
0.6845292 2.469949
0.588147 1.05007
0.262975 -0.1193262
0.3146117 0.2270831
1.212677 1.044507
1.758831 0.7000215
1.409711 1.074112
1.514998 1.24179
0.3291343 0.8030201
1.183893 0.3725552
-0.5048444 -0.439681
0.6084692 1.319038
0.5756477 0.6553023
1.090623 0.5830868
-0.1627064 1.000508
1.960485 -0.9435744
1.438595 1.20984
2.000715 0.8359205
2.26107 -0.08336416
1.053366 2.653911
0.1935693 0.2575721
0.1478088 -0.5329343
0.4324397 -0.3526483
1.787015 1.201855
1.531286 1.435789
1.727845 1.106205
2.071315 0.9480562
1.865476 1.320456
0.2810735 -0.1847952
1.08528 1.541032
0.4154866 1.084043
0.8929066 -0.3741304
0.9930823 0.5801044
3.190621 1.613708
1.328428 1.314179
0.4480662 0.3333423
0.6906962 1.905566
1.169484 0.9339326
0.2434754 1.657614
1.420719 0.03825111
2.263709 0.8515085
1.110609 2.548925
0.1503895 1.561262
1.438591 0.06356789
1.492625 -1.683091
1.612908 0.7648735
0.3061602 0.7289471
2.038486 2.748558
0.305319 0.2500052
0.7786812 2.73313
0.9497703 1.415722
3.538208 1.505342
0.8073646 -0.3631773
-1.196689 1.635357
0.4524186 1.877793
1.256541 1.580792
0.9138032 0.7407649
1.426819 1.205395
2.04167 -0.2555562
1.588852 1.821276
1.121548 1.404953
0.1102668 0.8078231
2.030462 2.193996
1.700891 -1.180044
0.253946 1.145832
-0.2377722 0.5383494
3.718244 2.05331
1.070718 -0.05440147
-0.1700268 0.9832368
0.851863 -0.6437784
0.2619922 2.299214
0.6936133 0.1318032
2.40155 -0.07415341
0.840314 0.6179564
2.9262 1.011107
1.533399 0.9206476
0.7549326 0.8832837
0.7175202 0.5776816
0.7790162 -0.7901034
2.356159 -0.0637285
0.4348885 0.2239798
0.004378462 1.865465
1.594231 1.110076
1.270194 1.145157
