0.5503686 2.251493
0.1433033 0.4697665
0.8034167 0.715508
0.1518548 -0.3022655
0.8097257 3.331032
-1.313323 1.429229
1.980471 0.6213084
0.4594062 1.557819
1.49527 1.275929
1.190649 2.711909
1.031736 0.03847448
2.005785 -0.005839422
1.27327 1.987012
0.8893915 3.018483
1.859807 2.17386
2.073952 1.173476
0.7219815 1.280047
2.644577 1.742514
0.3057011 2.76424
3.279728 1.837828
3.44125 3.557793
1.094514 1.960598
1.404161 0.8431496
0.7284553 0.8538785
0.3117641 -0.1666004
-0.8846575 0.528543
-0.2232773 1.359461
1.461896 2.055045
3.077401 -0.2923979
1.408434 2.064662
0.02752813 2.126405
1.514778 1.327248
1.524453 1.429476
-0.5224585 1.274195
1.837327 3.044727
-1.343856 -0.4724248
-0.8514755 -0.7988775
1.358126 0.2935049
0.4650076 3.308799
1.044743 0.8420669
1.06326 2.81148
1.527395 -0.5646981
-1.390009 0.05009607
2.014235 1.279236
-0.733132 0.5299934
2.290749 0.499169
1.611551 1.225065
0.9826766 1.024785
1.165332 1.998891
2.017395 0.3592913
1.891446 2.499921
1.103377 1.642405
0.9691876 2.03725
0.5630397 0.888648
0.9360294 1.116257
0.3110007 1.981461
0.8525005 2.009464
0.4150413 1.935361
0.2635098 1.180568
0.3654891 2.118873
1.458485 1.540005
1.106045 -0.3441935
2.175959 0.6365502
0.1703097 0.6964349
0.7546485 1.022097
0.8397865 0.09163505
0.7457398 0.9963507
1.749343 1.979517
2.044535 0.8308165
0.4200493 -0.0530076
2.515968 -1.603854
0.2445132 -0.05604799
1.270396 1.177831
1.629085 -0.6128169
1.718551 1.653034
2.675102 1.365657
0.7943934 -0.4577218
1.312663 -0.7600654
-0.3573154 1.802307
1.386397 1.265729
1.820152 -0.8264633
0.8778419 0.9005325
1.272459 0.1800409
2.076798 0.3939378
1.095552 -0.9833576
0.3658303 4.235119
0.5001374 2.588464
-0.3879286 1.177341
-0.2992483 1.094096
1.668589 0.4757693
1.769385 1.176053
0.3463294 -0.7504154
0.5357015 2.317953
0.462114 0.6167368
1.463063 0.6110967
2.047226 -1.685592
0.9108705 -0.1849305
0.1192663 1.220788
1.83015 0.9517766
1.104892 -0.1159291
0.9742452 0.8012255
-0.6142399 -0.5791771
1.555719 0.5056106
0.8981929 1.706064
0.469278 0.6981903
-1.160702 -0.3331885
2.217628 2.179456
0.9857599 1.037798
0.7222552 0.8510934
0.9232731 2.172983
2.778306 1.409707
0.3133413 1.927865
0.3027691 1.4066
1.447937 0.3364855
2.126042 1.423646
0.5080982 0.7013675
1.985351 2.326357
2.057393 2.504541
0.5614855 -0.5371449
2.668325 2.144713
0.5386448 -0.2975336
1.67057 0.3004013
0.6948129 2.479725
1.103832 2.448818
-0.8308756 0.8583122
1.296472 0.2085265
0.8796753 0.4813405
1.005569 -1.40208
-1.533137 -0.105078
0.4561998 1.665739
-0.009018086 1.342545
1.177669 -0.5788169
0.1686962 1.285259
1.728978 2.309329
0.5823769 0.2268188
1.677545 1.176659
1.45801 -0.01547177
0.3372837 0.3106746
1.077461 0.7273243
0.9738262 1.207142
-0.1959472 0.8136076
0.9594238 -0.8417267
1.989084 1.504191
0.1251092 1.504494
2.276854 0.1505443
0.1670941 0.8677277
0.2639688 2.00162
2.015996 0.6059119
0.1640656 1.270083
1.905201 1.153972
0.4099223 0.3025565
0.3213611 -0.3272213
0.4534216 0.1201777
1.832766 1.540061
-1.414647 -0.6118961
1.021841 1.660239
1.728721 -0.9542536
0.926113 0.1676582
1.20098 1.852028
0.6081599 1.452421
0.9616524 0.8134025
2.255366 0.2728872
3.027163 3.105893
0.7301794 0.1569151
1.311487 -1.218729
2.012827 2.84974
1.297413 -0.1658853
1.705104 1.82208
1.249762 2.448556
1.68482 0.7384001
1.187975 1.19001
0.02091539 1.676425
1.389803 -0.153015
-0.5250846 -0.5924213
1.561421 1.780947
2.273146 1.467408
0.4422732 0.04544248
1.14601 2.113577
2.350528 1.53785
-0.9770494 0.1825821
0.4225801 -0.3185618
0.5286985 1.286277
1.516249 2.374855
1.836823 -0.7173517
-0.4427692 1.519191
1.511683 1.742073
0.5246439 1.62757
1.112772 0.9839738
1.525139 0.4126845
0.652099 0.5603039
1.6738 3.210893
0.3911372 -0.8636512
2.048372 -0.0388842
1.021335 0.3092038
-0.2379353 1.486199
-0.3990039 1.719541
1.175003 0.7115221
-0.02079037 2.02527
1.191356 1.830569
-0.1125603 -0.088834
