-0.111801 1.067326
0.6102543 0.6612702
0.291343 1.844556
0.7808671 -1.132991
1.053924 1.639219
1.643532 0.307849
0.2871238 1.206814
1.049303 0.03195628
2.691541 0.5743734
-0.1903036 -0.4931259
-0.6047223 -0.3699264
1.339759 1.07509
-1.203214 -1.504844
1.261597 1.993229
2.661972 0.9843334
2.107072 -0.05750272
1.381836 0.1910735
1.60109 1.662039
1.008263 1.857044
1.485625 0.6600967
-0.2308095 1.01555
0.2819793 0.02434985
-0.2213496 -1.109647
1.07349 -0.4752628
1.713771 1.485558
0.6521891 0.7540707
0.287238 1.723196
0.394719 0.6466865
0.8673152 1.169482
0.6868494 2.225787
-0.6392069 0.176127
1.479752 0.8953791
0.08390734 3.003608
2.329683 0.9631
1.569539 1.915561
-0.06204227 1.59858
1.772681 3.185806
-0.7261 1.842937
0.06001241 0.8189956
-0.3960549 2.252183
2.05477 1.296783
1.009366 0.6746294
1.365157 -0.008060569
-0.5154883 0.2033979
0.4432414 1.024108
-0.6335146 1.745758
0.606578 -0.1595983
2.589264 -0.03018322
-0.1404071 2.065477
0.6728684 -0.01877413
0.328079 -0.04264597
2.555269 0.7818196
0.1076751 0.7159127
0.1174857 1.5935
1.518796 -0.06215915
1.811317 2.24285
0.4186729 1.905131
0.01235965 -0.06292612
2.522333 0.2201516
1.737177 2.09237
-0.2060111 1.565808
1.802069 2.219063
-0.2627178 0.8340296
0.8698044 1.087182
0.7166239 1.509303
1.804227 1.193174
2.495888 0.5081165
1.077023 1.627725
2.110942 -1.184501
2.501371 1.136465
1.310591 2.009594
2.486661 3.024453
1.456382 0.8929583
2.159346 1.751251
3.130956 0.3210315
0.6634137 0.1448344
2.345999 0.6523618
1.161019 -0.07189914
1.83379 1.541127
0.6971023 1.846102
2.251127 0.000112046
1.007974 0.9579254
1.383119 0.7676374
-0.01586716 0.4937763
1.122145 2.489818
1.456182 0.9594673
1.126631 0.4676013
0.8435118 0.5940296
-0.04197385 0.3597292
2.302737 -0.201478
1.031503 1.270298
1.039003 3.103568
0.7223237 0.8032599
1.736875 -1.006904
1.479096 1.735411
1.453888 0.5936999
1.837496 0.9469353
1.295179 0.6677895
1.342183 0.4187775
2.682555 0.5485636
2.118282 1.459637
1.836727 1.77902
2.051219 0.6406286
1.052431 1.134433
1.209417 0.3766472
1.051832 0.5851466
1.177512 0.6425885
0.6433479 -1.1016
1.531336 0.0882188
0.1819887 -0.9650487
0.250141 1.469227
3.446382 0.4304899
1.158261 1.201784
1.79912 2.688898
1.388751 0.5741007
0.6320966 0.747793
-1.363717 0.650351
-1.748415 0.7736109
-0.2329031 2.322177
1.254289 2.301377
0.7787359 -0.5665955
2.220615 1.570504
1.702865 0.9059428
0.2782345 1.997595
1.224466 1.227967
0.8416982 1.401993
2.232502 0.3430447
0.7692547 1.035031
1.31114 -0.242681
2.462526 0.9000851
1.022333 1.550886
1.00561 2.63051
0.6567233 2.550148
1.958737 1.092092
0.4969913 0.4831182
-1.450749 3.645705
0.5325862 0.1821898
3.051642 1.405488
1.766412 0.266875
1.46773 3.192134
0.7925952 1.038564
0.8817802 0.6115381
1.267697 -0.08721918
2.091369 2.140644
-0.2400814 0.7586469
0.6057296 0.9601442
-0.2594484 0.8679239
0.9198692 2.135849
1.46872 0.8164469
1.512135 1.49856
2.003886 0.2192532
1.869434 1.227469
2.443446 1.280267
0.6752113 1.072815
1.174828 0.395666
0.387091 1.842695
2.094263 0.3718583
0.3035942 0.8131217
2.851475 2.222931
2.289526 1.632524
-0.5496581 -0.8009112
1.238716 1.623079
-0.7751903 1.735679
0.06637297 0.6103839
1.440671 -0.6466209
2.584963 -0.7045701
-0.2506432 0.60167
0.1618887 0.2536789
0.9068533 0.8291656
0.6686343 1.131241
0.3654033 3.230615
-0.4914007 -0.7619614
2.44756 1.375231
0.7887886 1.660384
2.222882 0.05243282
-0.3631861 1.098792
-0.2210861 -0.6804595
1.162815 0.5741856
1.429957 -0.7295437
1.617371 1.629652
1.155065 0.6840678
2.08915 1.272762
0.06211363 0.101327
0.7822216 0.7802334
1.614796 1.177604
0.8859527 1.014943
0.6238335 -0.6340145
-0.4183723 -0.4798659
0.3949285 0.256376
1.224999 2.77741
1.847291 1.690102
1.517534 0.7387486
0.3830316 0.378483
2.217745 -0.8694256
0.8202382 2.950337
2.481636 1.498828
0.6676127 -0.3777819
-1.016588 0.4443811
1.193449 -0.2740739
1.782528 1.748058
