0.4847908 1.527478
1.282501 1.627644
-1.532884 1.341909
3.132052 2.159732
-0.9813667 2.553667
1.233236 1.268184
0.8554736 1.076276
3.596462 1.656982
0.7303647 1.249001
2.577698 2.093271
1.283738 1.331717
0.7766927 1.993963
0.9816905 1.307529
0.68849 0.2952923
0.402662 0.9655749
0.4987869 1.840481
-0.5562433 2.241308
0.7491804 -0.959719
0.1910003 0.8555631
0.2425088 1.967815
1.871598 1.333778
1.797191 0.7021399
1.836612 0.4483939
1.271556 0.8422403
-0.7695992 1.286286
-0.6905549 0.9360001
0.02811377 1.066151
-0.1093066 1.607002
1.490411 -0.4264001
1.766716 2.210366
0.9826507 1.499363
1.849722 -0.7805346
0.3553184 1.119859
1.809465 0.3854087
1.285113 0.9166569
1.653034 2.374802
2.356249 1.763951
1.199673 1.692474
1.864451 3.813397
-0.7019766 -0.3184373
0.760667 -0.8983931
-0.6121853 2.914863
-0.3568026 1.208218
1.462681 0.9381311
0.05685784 0.473243
2.444974 1.195052
0.09854716 -0.3174294
0.9780257 1.288878
0.7887988 1.538589
1.628836 1.580786
2.696283 1.367607
-0.8991084 0.5309239
1.665778 -0.3190692
0.9206538 -0.1754903
1.210793 1.551081
0.8632949 1.857947
1.289163 -0.4406342
-0.8698326 1.72421
-0.1969725 1.496723
1.863022 1.699344
0.2600407 1.523241
0.8915694 1.39327
1.60053 0.9274697
-0.05851908 1.823429
0.9605139 -1.295561
1.696872 1.671585
1.357336 0.7437459
0.88438 2.619895
1.491309 1.442082
2.351268 1.403021
0.7954038 1.388739
2.092168 1.395198
0.4198789 -0.398505
2.00048 1.945622
1.718293 1.55393
2.984344 0.2165392
1.537691 -0.1140369
1.445103 0.8745057
0.4783117 0.5270895
2.091009 0.8601212
-0.02929425 -0.2288127
-1.15636 -0.2226754
0.8995615 -0.9124404
1.974847 0.6746657
0.3611092 1.318247
-0.3943529 0.1664163
-0.8844255 1.432214
0.7329724 -0.1038762
2.12878 0.6062097
0.6328525 -0.5059343
0.6202872 -0.2851091
0.597307 0.0502892
3.771264 0.6803006
1.722881 1.062673
1.96877 -0.4102992
1.577036 0.9599624
0.8099139 2.764538
2.34064 0.578302
1.09715 1.568344
1.108469 2.672917
-1.222781 3.276798
-0.6780544 -0.2395281
-0.2670269 0.8601859
1.261763 1.433258
1.345799 -0.2720079
0.144071 -0.1951949
0.8511881 -0.009655679
-0.4748191 1.12853
2.336484 0.5433841
0.09039563 -0.1878472
0.7645804 0.5132016
0.1441604 1.374163
0.3314162 2.91948
0.4960671 1.285259
1.234457 1.888622
-0.6738958 1.785515
-0.2141474 1.837653
2.888524 1.569971
0.06744375 0.4553915
-0.3077339 0.7458974
0.7296657 0.7897794
0.5962158 0.6625426
0.8937143 -1.695601
0.3584941 0.5438286
-0.2735995 0.8509453
0.3182576 -0.5486508
1.380773 0.4765805
0.6318945 0.5723518
1.735248 1.026258
1.357976 -0.905461
1.611778 1.961943
1.763421 1.278544
-0.6721261 -0.4427376
1.710745 1.396663
1.009429 2.876342
1.096956 -0.3047649
0.9122757 0.2801958
1.310198 0.7223236
2.786586 -0.3929625
1.073807 0.9626745
0.2390675 0.2726586
0.3399592 1.894295
0.9773362 3.177716
1.752447 2.000941
0.9878245 1.247318
-0.2908664 1.882187
1.996936 -0.4188386
3.999302 0.4900038
1.484439 0.6320044
2.472163 2.540976
1.478567 0.3411252
1.606774 -0.4786715
1.477517 0.9045852
2.366985 -0.7384123
0.2493012 1.040572
1.086216 -0.7152689
1.109205 0.8044716
0.8810141 2.901826
2.021087 -0.2283149
0.9949292 1.109662
2.545778 1.678986
1.420136 2.058413
0.151031 1.098753
1.117593 1.095395
0.8216836 0.2752896
2.018651 0.4636029
2.336197 0.4784573
1.453499 0.1948708
-1.918496 2.841226
0.173521 -0.08498817
1.858353 0.4730033
-0.9963834 0.8809632
2.314282 2.857408
-0.6906326 0.6511367
-0.08793828 3.450224
1.113074 0.466811
1.850595 -0.6635492
0.9729588 0.558255
1.275423 0.4895522
1.666111 3.305163
0.7919397 0.2405249
1.733614 0.8293373
-0.7057897 1.22867
2.293288 2.249133
-0.05454733 0.8379969
0.5180967 2.452413
1.819686 1.548034
0.9761984 -0.9738213
0.1168561 0.9344722
0.2244931 0.2092886
0.6430571 0.5478761
1.090253 1.424088
0.8279092 1.063365
-0.2676948 2.378041
2.784762 3.719011
-1.577948 0.4526282
2.038685 1.447296
0.4089356 0.03224198
-0.03355163 -0.3320528
2.195641 -0.1997485
