-0.4535852 -0.02688632
0.8347673 -0.3683015
1.357766 -0.1909746
2.282638 2.273591
1.59206 1.424086
0.7407742 0.5950544
-1.094439 0.8677795
0.6127263 1.109252
1.719783 1.225439
0.4184416 1.442272
-0.03453613 1.28521
2.67666 2.244534
0.3611488 0.7906346
0.9435078 0.3713616
1.215253 2.807054
2.230974 2.025575
1.62008 1.543067
0.5805578 1.775196
0.985487 1.304675
-1.052865 0.3456101
0.5031801 1.300401
2.072841 1.674053
-0.00199249 -0.3968015
1.520999 1.287136
1.050146 0.6580267
0.9418932 2.881244
1.234101 0.8518847
2.437142 2.289736
1.007457 1.610108
-0.4539548 1.480483
0.4272943 0.2656978
2.000039 2.367181
0.08304909 1.339446
0.10485 -0.28653
1.761923 0.2097802
2.212483 0.5332794
1.651575 1.849526
2.912342 0.1244213
0.7220387 2.594954
0.1866732 -0.009784723
-1.407708 0.5105285
1.683852 0.570536
2.453246 1.81442
-0.5128234 1.226534
-0.1868502 1.052181
-0.6271623 1.410513
0.7017953 0.4793024
0.3015379 1.255101
0.5593646 1.31343
0.04333089 0.5261292
1.386775 1.246726
3.486537 0.2879014
1.734923 0.03015213
-0.03027312 2.307318
0.8165994 -0.05364061
0.05181312 -0.4599753
1.58752 1.174916
1.249932 1.704022
1.082187 3.076642
1.932774 -0.800049
1.280826 2.47686
0.9350616 0.6995467
0.7117392 -0.4368023
1.321162 1.870958
1.403618 1.522196
1.944703 2.941176
-0.9180325 1.966504
-0.5402417 1.665512
1.767526 0.5862149
1.560281 1.867331
4.420933 -0.0387852
1.128929 3.60091
-0.6116861 1.041535
0.2604192 0.7403174
1.592898 1.429217
0.854343 -0.5535725
0.1027253 0.9022729
1.286737 1.085253
2.410945 0.7648759
-0.4875616 1.021058
1.197093 -0.2094196
1.252033 1.013694
-0.07073235 1.51722
0.04061166 2.979449
0.8140742 1.101533
0.3814664 1.335654
-0.02954605 -0.9575516
0.500957 1.254605
0.8103391 0.1723424
0.06335932 1.680129
-1.19022 -0.5059707
-0.5707498 1.555969
1.067119 -0.385971
1.42063 -0.07188604
0.2210613 0.6545535
2.500284 0.7437136
1.624638 0.2087157
0.2197584 0.06843968
1.640367 0.785876
1.389479 0.4751275
0.6147146 1.292758
0.3159046 2.059566
1.496481 1.25627
0.6750116 0.3587067
2.380547 0.9320261
0.9985466 -0.2404417
-0.1416389 0.8219702
1.187396 0.3852799
0.1175467 -0.4265018
3.185063 0.3872431
2.079894 1.685268
-1.013821 1.305117
2.137465 -0.3096398
0.506412 2.682519
-0.5164045 2.917047
1.493453 0.4826852
1.154971 2.011796
0.3655891 1.0036
1.668213 0.9994346
2.746478 1.867596
2.124804 1.418025
2.693148 2.144146
0.5283545 1.007695
-0.9787947 0.6427067
-0.1892099 1.481581
1.731085 0.5091759
0.7112711 1.031612
1.052107 1.393652
1.135455 3.048229
0.4941232 1.415261
-0.7992852 0.3265429
2.445099 2.8238
2.715174 0.9104084
1.253244 0.1334563
-0.708828 0.4608779
1.860151 2.549279
1.064905 0.212032
0.4238728 0.8647739
-0.3337821 1.838401
0.1469092 -0.482209
0.01402157 -0.143264
0.6593198 1.043363
0.1496684 -0.5917747
0.6352981 0.4796621
0.4275618 2.117861
1.095232 2.435407
1.360105 0.120243
2.544076 0.9236824
1.362851 0.8302932
0.9214668 0.2752464
0.772404 1.897173
0.1089969 1.040098
1.457474 1.206369
1.248445 1.976686
1.209838 1.945265
-0.01240634 0.06413495
-1.45121 2.183804
0.455986 2.528168
1.458233 2.034323
0.8989285 0.407664
3.51852 0.1766009
1.298219 0.1810112
1.99601 2.692594
-0.2157368 1.020481
2.644072 2.124276
2.857846 2.077299
0.9623504 0.8361646
-0.5885891 2.324805
1.394003 2.519123
1.623567 1.796426
0.8333359 1.473302
0.9749874 0.05714165
1.954213 1.387152
1.577833 1.308597
0.5230979 1.16838
-0.8869754 1.671065
0.1174612 2.579599
0.8733446 0.257654
0.7224455 1.083225
1.015224 1.279091
0.8137119 -0.1801565
0.6720575 1.862132
-0.2624985 2.845524
0.4205988 1.488205
1.798766 0.5894622
-0.6240417 1.128344
2.031981 1.662864
0.8888887 0.2786487
2.105202 0.7353982
0.8602097 2.388702
-0.0998525 1.657063
1.58522 2.115428
-0.9135407 1.101607
1.905629 0.4964964
1.180551 0.9471219
-1.438599 0.3590565
3.599854 2.384912
2.534963 -0.04250275
-0.1298903 0.5053689
-0.5477741 1.25637
