0.813928 1.670311
0.6922319 -0.1936076
0.5990232 1.993656
0.2540047 1.053546
0.1295017 1.847451
-0.8957088 0.8879686
1.214175 1.046004
1.635301 -0.2084893
-0.2969017 1.264012
0.9286662 0.06275418
0.06320184 0.5629777
1.398431 1.685724
1.22662 0.9534902
2.178401 1.046798
2.116749 1.715797
3.689102 -0.4777441
0.7188047 0.7365722
-0.2680792 1.639885
-0.2620029 0.3037354
-0.189556 2.471562
1.859122 2.310544
0.8291318 2.540678
0.7372306 0.3215448
1.117134 -0.7307251
0.8105007 1.874215
0.6187207 2.786848
-0.3046722 1.639177
2.563117 1.775258
2.261537 2.268138
2.153812 1.296024
0.4564514 1.699078
2.072267 2.561116
1.324226 -0.04636474
1.28788 1.049997
0.441979 2.459398
0.5588478 0.8345583
0.6987406 3.193977
0.5579393 2.98055
1.280551 -0.2671239
1.91727 2.235052
2.158825 0.7981148
0.9418437 0.01728546
2.556702 1.842968
1.529041 0.6723015
1.196961 1.309439
-0.2649217 1.772884
0.5308907 0.7069391
0.7660716 0.003655348
1.37469 0.4013812
0.9023782 2.494017
-0.08007701 0.6558401
1.424239 2.515235
-0.5426736 0.9085504
-0.3791607 0.8857524
0.2600742 3.387902
0.6753282 1.546045
0.3221708 -2.322475
3.295062 2.191757
0.9733561 0.5099965
1.451362 1.235122
1.686633 1.781818
0.3840381 1.242441
1.049441 1.477932
1.956964 -0.07238829
1.49098 1.093375
0.02650645 2.019415
2.310891 0.6655163
1.172515 -0.06534519
3.51586 2.304907
0.7554971 0.7774783
1.802685 -0.4315868
-0.6312637 0.5131255
0.6627691 1.420456
1.393505 0.5783983
1.075058 -0.388288
1.383381 1.629916
2.820131 0.9270405
1.409482 2.991224
1.04202 1.024891
0.835894 0.8741968
0.4051086 0.6954206
2.470483 1.844245
0.6327957 -0.5332163
0.5137791 -0.6532702
0.120433 2.483099
1.471842 1.555258
1.936505 1.252743
1.489872 1.243441
-2.683711 2.94589
1.675403 0.7295383
0.2706319 2.030094
1.193994 -0.5800791
1.842323 0.6612991
-0.6022036 -0.5243251
0.2176353 0.2878006
2.532152 0.4187388
1.506812 0.4954668
2.505313 -0.2501914
0.1326219 0.3967952
0.5926701 1.54362
0.8659264 0.7263846
0.7924999 2.571379
0.5866879 -0.1021416
-1.009509 -0.0126118
2.094268 0.8877461
1.626384 -0.8975395
1.635173 1.45522
0.6228595 0.9641374
1.75497 1.794813
2.388583 1.860729
1.796765 1.221495
-0.7213698 1.023349
0.1201201 1.086518
1.043754 -1.81663
1.071405 1.534342
0.8389363 1.131128
1.484631 0.2915276
0.9685352 0.6776079
0.05957149 1.7563
1.660172 -0.1109795
1.310228 0.03005526
2.131823 -0.07326448
1.643867 0.08670198
0.01536818 0.1281844
1.431472 1.262535
0.9404715 2.307301
2.507252 0.8357822
2.903197 0.1765173
0.8538844 0.3784544
2.276353 1.375636
0.5457748 0.960384
2.119394 2.397386
-0.5247901 -0.08520368
0.4998102 2.566532
1.737961 -0.8832241
1.373328 -0.2490796
-1.135746 -1.170011
2.247007 2.039389
1.033592 1.570394
2.299228 0.417518
-0.3850988 2.537269
1.182847 -0.6984437
0.6026092 -0.7708288
0.2327793 1.675128
1.26168 1.346954
-0.8376075 1.013709
0.89028 0.04941529
-0.1629775 0.4732615
1.334486 -0.2216619
0.9906442 1.130041
2.813903 1.238851
0.7745114 1.449818
1.796228 0.87669
0.5828436 2.783474
1.587712 0.1872307
1.032199 2.271944
1.641217 0.1395344
-0.1721941 -0.001195594
0.9080627 -0.3689165
1.149206 1.174107
1.402259 0.07560933
0.8753923 0.9350551
2.377475 1.212441
0.74089 2.274752
2.187592 1.304774
1.960884 2.674599
-0.7283676 0.5208407
0.2636985 -0.5922058
3.630201 2.582496
4.871923 -0.6655938
0.4477418 1.632941
1.249106 -0.669351
1.019859 0.6433009
1.458849 0.4605657
1.532739 0.8615436
0.7450114 0.5499398
-0.4177064 -0.2769918
-0.7276553 -1.062357
1.318784 2.200581
1.369771 1.305537
1.036715 1.836424
1.380525 0.9318324
1.277809 0.1465397
1.95381 0.2087601
0.01854894 0.5120374
0.0115178 0.6743392
0.9850782 2.567159
0.1784199 1.422967
2.286605 0.3766082
1.892913 1.124347
0.7890402 2.461975
2.594595 0.3806226
-0.1303111 1.86278
1.633034 1.008837
0.7371846 0.6420286
0.8515874 1.133072
1.031226 -0.190399
-0.1948871 3.099604
1.15662 0.2301224
1.190204 1.237552
