0.1683565 1.155761
0.9496642 1.168676
0.2617457 1.077643
0.5454087 0.440695
0.4654795 -0.1295064
0.9944264 1.585258
0.05635519 0.9435198
-0.06640506 1.506645
0.2981968 2.065321
0.8934839 -0.4589837
-1.110829 1.62761
-0.1763774 -0.2218363
2.422135 1.892015
1.297015 1.176881
0.6019612 2.023207
1.882969 1.208017
1.129787 1.06896
1.712144 0.2340757
2.689272 0.696153
0.8293318 2.186588
0.9315345 1.175834
2.584835 0.8518773
-0.6661983 1.542887
1.740048 0.5723197
1.206273 1.007666
1.699099 -0.3759002
2.188781 0.9434445
-0.1715002 2.391438
0.4921329 1.336019
0.4968143 0.4551895
3.228924 1.031284
2.11501 1.553021
0.6542088 0.1381194
-0.6044192 0.8283158
1.454037 0.5600068
1.495033 0.3636891
1.086184 0.8366908
0.07759133 1.589756
2.257655 0.6791004
-0.2690225 1.509878
-0.4775391 1.348319
0.6180769 0.4893702
0.6006183 -0.1302265
1.036778 1.97476
-0.2237484 -0.8934271
1.219199 1.395168
1.39437 0.03162454
0.452154 -0.56055
3.820834 0.9555675
1.958128 -0.9831228
0.9569225 -0.2295352
-0.09153191 0.6618099
0.800535 -0.09266274
0.956183 1.52296
0.8986156 1.912818
0.4659361 1.368984
0.6779521 0.1695984
1.151802 1.889774
-1.488556 1.910804
0.01415277 -0.3668771
0.7117457 1.082704
1.2608 1.086289
2.288248 1.386283
0.9735385 0.1120449
0.2120315 0.3824852
2.349265 0.5198029
1.063109 1.499856
1.690909 0.1373934
1.202796 0.9305152
-0.6056197 2.151667
1.823541 0.8528954
0.3052692 0.05047155
0.5274917 1.678222
0.9144816 1.679856
-0.4103422 0.9112459
-2.161178 1.373826
-0.2943863 1.738367
0.4422336 0.727015
2.442967 -0.4180116
1.702618 1.936976
1.653107 0.3548336
0.006758352 1.663513
1.713352 0.5621852
1.318778 -0.02527377
0.9473221 1.776454
2.33928 -0.002237068
1.682807 1.887073
1.329472 -1.240954
-0.1407137 1.596256
1.778466 -0.4017172
0.6184848 -0.2650159
0.1720598 -0.860107
-0.4014013 1.114304
0.8300975 2.183864
2.350956 -0.2836329
1.31192 1.399513
0.05856699 1.267924
1.049701 1.976542
0.6418581 1.65142
0.6072095 0.02545605
0.3890595 1.007584
0.5856126 2.24338
1.345239 0.5927698
0.3638564 2.677141
0.3431673 0.7194391
-0.9261493 2.092056
-0.01647738 2.365533
0.5872249 1.378672
-0.1188669 1.651653
-0.2923946 0.7936236
1.70025 0.5248673
1.634416 1.588184
0.4747925 1.494723
-0.5350901 1.590755
0.5942604 2.500697
0.7029689 0.9821992
1.870105 3.913555
0.09123019 2.149895
0.75598 0.3136765
0.7799605 1.948879
0.5507675 0.8958654
-0.3459564 1.043565
-0.191356 0.9799103
2.590501 0.4647908
1.941589 0.6152207
0.3181319 1.49336
1.934715 1.100653
0.9401641 1.046424
-0.07938875 0.6479554
0.1650305 1.269946
0.2122962 1.479152
1.429164 0.9106756
2.639299 -1.485396
0.265547 -0.6114259
1.054327 -0.004896767
0.1219298 0.001849209
-0.326741 0.01778641
0.9868897 2.606979
0.242417 0.6774192
0.01601535 -0.6759866
-0.8544854 0.7714689
-0.2820844 0.2192896
0.04388406 0.8697662
1.572229 0.9296409
1.289528 -0.7592612
2.185615 1.144419
0.4240083 -0.3259073
3.585738 0.5466364
0.9057544 -0.04043642
1.605319 1.771989
1.498082 1.376264
1.162208 1.590335
1.830828 0.018707
1.664325 1.713277
1.006767 2.641975
1.113409 0.4762329
2.055304 3.726957
1.740195 2.610389
1.284791 0.1804346
2.09953 1.692579
2.367272 -0.6569525
1.420068 1.610965
1.115675 -0.2231982
1.073891 3.044159
0.1142414 1.467522
-0.02024161 0.8662106
0.3254561 2.429063
1.454763 1.224456
0.9431101 0.1816087
1.465547 1.059424
1.696909 -0.4034257
0.5440065 1.876152
0.3924084 1.394459
0.7171302 -0.9715363
1.434361 2.18851
1.337669 -1.284255
-0.3887118 1.918191
0.4906501 -0.3050038
1.311985 1.159059
0.9172329 1.650276
1.806748 1.530731
0.2325719 1.647435
0.220015 1.702601
0.9289427 -0.9634126
1.087064 1.509218
1.640642 1.031799
2.054654 -0.7772942
0.3790092 0.7764314
1.785957 -1.939765
3.121062 1.629209
2.171235 0.5870927
1.06148 0.7848979
0.5833269 1.450724
0.2737871 1.19914
1.073755 2.122617
0.9094163 2.088785
0.6694987 1.333895
0.8692368 -0.9807663
0.4320761 0.5752381
0.6810416 0.9506493
