0.8694475 0.6871333
-1.581259 1.563744
0.6093191 -0.3784444
0.2264832 1.081817
2.196936 1.373931
0.1837795 2.137676
-0.08150486 1.543944
-0.7495312 0.9943415
0.3639729 1.499267
2.479121 1.152671
1.624143 2.224335
0.8346646 -1.458703
0.3499364 -0.286869
0.3361668 -0.4791924
1.541876 0.05310783
1.178119 1.112679
3.072037 1.777761
2.405928 0.8306285
-0.5955799 0.2209114
2.638172 0.1144394
0.6164703 0.4494773
0.2788093 2.536534
2.523589 1.023479
2.255074 1.833098
0.6986745 1.231972
1.133661 2.225983
2.795887 1.254539
3.620248 0.9929847
1.165509 2.185134
2.641831 1.172054
1.009188 0.4889221
0.2157418 0.7934462
1.627079 0.5243553
-0.09807632 1.072681
2.04953 1.064991
-0.0004379229 1.797688
2.531412 3.236376
0.8443868 2.256504
1.492594 1.847617
1.597161 1.361447
2.967623 1.238556
1.500907 1.966141
2.100172 2.446153
0.750488 1.117145
3.349815 2.433256
0.2263457 2.226629
0.5703102 1.052482
0.6381226 1.102692
-0.09503763 0.6175373
2.667039 1.034131
-0.3791437 -0.6911851
-0.569408 -0.4638406
2.434941 3.882872
1.229416 1.743469
1.409962 0.7961146
1.539519 1.044156
2.312378 2.630272
2.40938 0.2136321
2.034995 1.752354
1.177662 0.846785
0.254346 1.345033
0.4014178 -1.308849
1.258765 1.644925
-1.580729 1.49511
1.760564 2.292558
1.972837 1.128419
0.007824122 1.249397
3.060254 1.915415
0.03629952 2.632428
0.4022562 1.036378
0.4676881 3.051569
0.6082604 0.2609924
0.07881374 2.196494
3.154907 1.085674
2.746836 -0.3690549
0.2217199 1.286502
1.935726 1.158766
1.438304 1.447519
0.2643471 2.638656
0.9552284 0.6809061
1.62189 1.231427
0.2113871 2.177604
1.371728 -0.6693872
1.407028 1.266955
2.056248 2.296071
0.6410727 1.571867
0.3992529 -0.8357871
1.205936 -0.1693707
1.528774 1.309201
-0.1246103 -0.1364282
1.46098 2.08891
1.553294 0.8974446
0.6610635 -0.37959
2.420975 0.1421835
1.209655 2.207199
-0.1002927 -0.1606172
-0.08346287 -0.008582047
-1.428933 0.285574
0.7325296 2.774039
0.6974946 -0.05835107
2.367107 2.545661
0.9043259 1.184026
0.8689134 1.265627
-0.4016978 0.6235525
-0.6556182 2.037747
2.738095 1.502888
-0.3009897 -0.2822067
0.4725931 2.117441
1.307336 0.7637765
0.3789731 3.090542
-0.1742741 1.229956
0.9881449 0.9685894
0.8132354 0.5337783
1.793672 1.421839
0.5802434 1.524049
-0.521135 2.47028
-0.5659529 -0.2590432
0.7425963 1.389989
0.450005 0.5101674
0.6433857 1.023771
2.038737 1.415567
1.82682 -0.1805977
-0.8046206 -1.192187
1.390979 0.647411
0.8766644 2.513142
-1.099753 0.5618881
2.26164 1.468837
1.001429 0.3336277
1.412378 2.138553
1.299709 2.133222
1.524397 0.8338254
0.9836003 0.8544402
0.1406596 2.173675
0.8403299 -0.5616588
-0.7760751 0.6582898
1.520122 0.9935572
2.147863 2.472487
0.6235745 0.6782366
-2.086596 4.463651
0.0942073 0.2844363
0.2662358 1.596927
-0.6083054 0.3697451
1.062165 0.4693725
0.1396537 1.954635
1.345389 -0.08947108
1.736103 2.00471
0.3985876 -0.971629
0.4414521 1.759486
1.580071 1.262584
0.9942965 2.210819
1.155714 0.9154999
2.160792 0.225183
1.588241 1.880145
1.615497 1.959987
0.1636012 1.237532
2.211468 2.101738
1.127271 0.06777003
0.2895902 1.712663
1.341027 0.3856004
0.6132528 2.262965
1.420475 -0.04782563
-0.6305178 0.8010971
0.3670763 3.355791
0.3871522 0.8590628
-0.4479589 0.8677225
2.070722 1.965851
2.338717 0.07686478
1.153206 2.513219
0.7756057 2.620545
1.029 1.718087
-0.03703551 0.398995
1.635604 1.663236
1.247306 1.207828
1.039853 0.5759526
-1.632232 1.006238
0.1537568 2.13055
1.344069 2.773908
0.3243598 0.9935808
1.199413 2.195882
1.596125 1.588517
1.289551 0.5746815
2.273654 2.292857
1.329978 0.6475055
0.184939 1.648513
1.982341 1.04198
0.4058219 1.779272
-0.4425639 0.3288801
2.231277 1.6041
1.390488 0.4833144
0.4608549 1.058096
-0.004526766 0.9812371
0.5755268 2.742297
1.720295 1.433138
0.4924783 2.044769
1.781068 2.360081
1.133567 2.140434
0.9004221 1.108087
1.621485 1.17801
1.518259 1.429835
0.02167962 0.4089629
