-0.2175304 -0.2859549
0.5186368 1.109882
-1.07249 1.402899
1.151752 -0.3430828
1.659684 0.2622054
1.112506 2.008645
1.54256 2.080294
0.4566498 1.185742
2.490347 1.039381
2.07321 1.403951
2.644453 0.06544278
-0.365424 -0.04055171
1.767266 1.714871
0.4771757 2.177131
1.048182 0.2876018
0.7706732 1.638676
-0.991988 -1.081036
-0.5138866 3.347829
2.470457 -0.08264875
1.226139 -0.1298004
0.6753897 0.3065862
-1.488637 0.7934822
0.5457393 3.31715
1.389081 1.18623
0.9922126 0.04184652
0.740941 2.210969
0.2080945 -0.02976857
0.3163475 1.830227
-0.4216886 0.2701737
0.3817018 1.261344
-0.1021032 0.7612164
-1.360459 1.775787
-0.1184591 1.359733
1.631354 1.26302
0.6715223 -0.00430755
-0.1495088 1.62343
0.3246565 0.07608885
-0.04869109 2.006245
0.909734 0.3062803
0.4174944 1.505393
0.1228416 1.568568
1.445935 2.348655
-0.3612803 3.317761
1.309095 1.661525
1.340246 -0.1207009
1.582599 0.3103283
1.019436 0.6424867
1.554988 2.130575
0.7341607 1.354609
1.86227 -0.4076179
1.334369 1.550232
1.463317 1.121768
2.935089 -0.6256082
-0.1299653 0.7312765
1.400254 0.576991
1.695107 0.7396308
1.660514 1.924086
2.980528 0.858789
0.8810326 0.4774353
0.5567149 0.4485891
1.636964 0.4166482
1.368929 1.293463
0.5834894 -1.11924
1.175035 0.09876481
1.005685 1.686298
0.2570879 1.881838
-0.07374271 1.116916
0.9704761 1.330312
1.450848 1.183322
1.495083 1.89912
-1.145688 0.9477837
1.83986 1.512837
-1.44437 0.03718914
-0.4536984 1.601388
-0.1285434 2.058072
-0.3982335 2.283365
0.1210973 0.6433332
1.613535 0.4270794
0.959212 1.233797
0.8698743 1.557255
2.893372 -0.07923777
0.5907296 1.076013
1.434443 2.190211
0.5195133 1.120977
-0.2088489 1.169812
1.71046 1.403676
1.401636 -0.2463745
3.033681 0.2358403
1.353268 -0.531283
1.420973 0.4043579
-0.7926354 0.7163145
0.3968676 0.9497802
1.429444 0.7555641
1.909547 0.5817253
-0.3016081 -0.3086029
1.016862 -0.9323137
1.511392 2.147305
1.256441 0.7560998
1.46704 -0.5635456
1.9927 0.1192322
0.8499121 1.125134
0.4799462 1.18549
0.3183729 0.7219986
0.3305871 1.527272
1.01174 -0.1109337
0.3401847 0.0569102
0.6600256 0.6972801
0.3390795 0.1801536
-0.04157662 1.692341
1.602489 0.9823872
2.998647 1.997011
3.075713 1.418096
1.785244 1.497986
-0.4049042 1.903839
0.7369019 1.167272
1.400214 0.02923376
0.5445132 2.594244
2.654294 2.287613
2.693782 -0.3133976
-0.2817893 2.125481
0.2348238 1.152246
0.09869029 0.5386555
1.120559 1.484605
2.169486 2.582442
0.7532613 0.7941885
2.43766 -0.5856124
0.02822698 0.1321814
-0.5893622 -0.3345255
1.555359 -0.8604633
2.014649 2.172438
0.5981686 1.114729
0.9504899 -0.3280692
2.071066 -0.97873
2.345743 0.7368834
1.647161 1.080301
1.273993 1.107998
0.7923125 0.4629996
0.6778633 1.260472
1.244504 1.789168
2.549457 -0.1169348
2.079233 0.9676238
2.112588 1.682715
0.5641778 0.04895232
2.019372 1.034224
-0.311315 0.7106081
1.126824 0.09752408
2.060083 1.621345
1.155789 0.3857979
-0.8089389 -0.1178097
0.8071343 0.6885703
1.158212 1.047425
-0.6442686 0.9258589
1.936425 0.0508838
1.579937 3.970362
1.449325 1.788649
0.7356334 0.6127762
0.7967598 0.4333164
0.2937249 0.1002247
1.944193 0.4661369
-0.5473384 -0.1553148
2.289958 0.8097751
2.299792 1.870083
1.04256 0.9633118
0.08645905 1.845531
-0.3175096 1.062012
1.02843 1.275371
0.7471695 1.119261
1.976941 0.2327033
1.817544 1.563148
0.8661823 2.460501
1.458443 1.335449
0.8965527 -0.5664169
0.2342336 1.243243
1.350519 1.400605
1.452223 1.844781
3.221336 0.6361684
0.297166 0.6808015
0.3136401 0.1995139
1.399485 -0.06097987
0.09213299 1.465808
1.880729 -0.05324932
1.513041 1.158311
2.279553 0.8647524
2.39729 0.8725483
3.056657 -0.4628368
1.536582 3.260868
0.6721911 2.32497
0.5552266 0.8092041
1.25324 0.1555188
0.8025121 1.349889
0.7428563 1.446082
1.962369 0.2620712
-0.4026726 0.4907519
2.749895 1.745645
0.2621065 -0.7971062
0.9868628 -0.86371
1.470808 1.647284
0.8823087 0.6487135
1.379116 0.9842123
2.021685 1.253725
