0.7239747 2.037765
0.9418999 1.237577
1.467268 0.8364395
1.667774 0.3695099
1.173099 0.4483637
1.887782 1.291404
0.08251022 0.6593057
0.4632916 1.569968
0.7868238 1.224939
-0.1196725 2.973373
-0.5126869 2.114909
0.1582762 2.498767
1.162543 1.634457
0.8648239 0.6077409
1.847223 -0.5081417
0.5319962 -1.145297
1.820769 0.7722818
1.676444 1.295512
0.064609 -0.2230952
-0.7353354 0.7591991
1.568984 1.56293
0.8422197 0.3644063
0.6654484 1.650806
0.7248715 2.264889
0.9765675 0.9507337
1.425364 1.980945
-0.7331263 -1.027408
-0.0559165 0.5341965
2.213066 1.11617
0.5371659 -0.06628941
2.013418 0.9349853
0.8286827 1.406812
0.9652427 1.68173
0.7421723 2.310362
3.212365 0.02339269
-0.3697557 0.03979258
1.012075 1.660301
0.7183171 1.947163
2.625007 1.82495
0.3377362 1.227684
0.5407659 0.2230536
0.6173937 1.530066
2.465894 0.5450695
0.1903454 -1.857874
1.000473 -0.8287721
1.017532 0.2172821
0.368226 -0.120587
-0.271529 2.25351
1.017479 -0.2180227
2.477657 1.419827
1.315674 2.84269
1.883652 -1.116038
0.6728189 3.478645
0.4921936 -0.8883552
2.544752 0.947109
0.1553172 1.937419
0.229267 1.099682
0.6830371 1.051375
1.052732 1.180681
0.2540696 4.041637
0.647234 0.9477133
0.07278746 1.952033
-0.2906627 2.049978
2.063592 -0.8619857
0.1794109 1.266179
1.420694 2.608786
-1.40907 0.1981565
2.368256 1.740662
1.73475 2.471594
0.8409366 0.07789603
-0.8472336 -0.7135379
1.151776 1.935166
0.3086847 1.109146
1.678493 1.490488
1.609918 0.6556961
2.089512 0.7054265
0.7786488 0.9414507
-1.105025 1.014728
2.436756 2.293981
1.540596 0.5109695
1.731254 2.278653
2.725345 1.498
0.8000952 0.5657435
-0.1372466 1.188314
2.772945 1.996524
0.7672342 0.9257223
-0.1406445 -0.9842576
0.4882001 0.00777493
1.272766 -0.2015999
-1.707051 1.517445
-0.1914389 0.07882341
-0.8116473 0.8234274
-0.215095 0.6499775
1.415615 1.811217
2.505425 1.060256
0.1824115 1.012075
1.454623 0.2130437
1.443407 -0.7601285
3.760517 1.784394
2.264645 -0.01406837
1.949922 1.063972
-0.09584213 1.635215
0.390354 1.818238
1.256234 -1.358436
1.382861 0.6250583
1.573128 1.111833
1.887949 2.592112
0.01032903 0.8084705
1.514106 2.122011
1.202409 -1.361006
0.6886747 1.266572
-0.5715058 1.180845
0.2201579 -0.4902438
1.070447 1.480721
0.8155693 0.22043
0.4346038 1.362497
0.2969749 1.811307
1.276208 2.368542
1.355656 -0.2599603
1.128036 0.6327578
0.06281449 0.6519111
1.034021 0.9642445
1.451611 1.501655
0.8154985 2.889782
0.1701959 -0.06854961
1.633736 2.078607
1.426731 0.6808611
1.911018 0.880692
-0.3116348 1.503211
1.01114 -1.084021
-0.382022 0.4068691
1.524696 2.597423
0.5118248 0.6231053
1.567987 1.941305
-1.075987 2.094863
0.9531867 -1.080588
0.8598849 0.3823584
1.255426 1.582628
1.257574 -1.196172
-1.178948 0.9908015
-0.1745365 0.7201113
1.298548 1.404379
2.20289 -0.2822399
2.266644 1.968084
1.570152 2.076511
1.635569 0.3736405
-0.878411 1.327974
1.959318 -0.4084481
1.456523 1.727231
0.7221661 -0.2376328
1.694536 -0.2585446
3.318565 1.491587
0.3703278 0.4565395
0.9856344 0.784751
-0.3743981 -0.03976311
0.06781628 1.459121
2.092784 0.3643291
0.727995 1.879632
1.538651 1.501056
1.381002 1.913695
1.877271 -0.6700439
1.218063 -0.194442
-0.1682341 2.561309
1.933552 0.6468452
2.766314 3.108136
0.2496081 2.04225
1.24295 1.063564
1.448837 -1.310743
0.9807356 2.611078
0.7859313 0.6818875
0.2589547 2.242174
0.06790507 2.400465
0.1514818 0.8932424
-0.344747 1.586838
1.052405 -0.3484121
0.3238336 0.5877894
1.824219 1.419881
0.8973913 2.136183
1.110273 2.222048
-0.7612039 0.7873644
-1.161733 1.495205
3.795569 -1.184017
-0.7002766 0.3901564
1.435851 1.844645
1.735644 2.747474
1.086362 0.7258979
0.03323177 1.44888
0.3955218 -0.034321
1.394789 -1.246048
0.9003906 1.047298
0.6078155 -0.9964554
2.207024 0.6547274
2.513936 -0.2454726
1.061014 0.03781292
3.598571 0.9031552
2.500629 1.546086
1.061195 0.5701404
2.602884 0.254271
1.093024 0.2817101
0.06397577 1.055915
