2.555014 0.7887779
-0.7000783 1.716332
0.4602749 0.3125739
1.652928 -0.4563666
1.03423 0.8851786
-0.2826008 0.795561
1.396626 2.795691
3.04381 0.7037615
0.7948299 1.342814
2.930652 1.75876
0.541641 0.6210746
-0.08105913 1.372273
0.008925986 0.299338
0.5020964 2.755378
-0.2440169 0.356604
0.9379684 -0.3318368
2.07452 -0.1110484
0.8489688 3.100884
0.215207 1.629485
-0.3156392 0.6243885
0.7526768 -0.8268073
1.094479 0.7771692
1.970037 1.322315
-0.4094747 1.487137
-0.9455064 -0.5921463
2.190753 0.6856419
0.7909987 0.3789301
1.639781 -0.3887953
-1.119908 3.293787
0.7851968 -0.05973875
1.77328 -0.0005243467
2.107235 1.065803
0.02418114 0.5324683
-1.427805 1.485673
0.7555116 1.540675
-0.3485635 1.024086
0.03676822 -0.2972861
1.239266 0.4648614
1.747551 1.702757
2.318708 1.690562
2.106945 1.086803
1.980778 0.7667489
0.4524186 0.4861067
0.656997 1.634369
1.147815 1.744898
2.156286 0.006827256
1.832933 1.67817
3.021974 2.533245
1.296162 1.001115
0.8497494 0.067568
2.234572 1.438562
2.14667 2.216445
1.285419 0.6897622
1.797975 0.3680148
1.403434 -0.03298778
0.578325 -1.409967
0.02574391 0.9244135
1.866893 1.541968
1.255267 1.585061
0.3522688 1.13412
1.666614 0.4482279
2.040762 1.989907
0.8889496 0.6524343
1.362281 1.762978
0.4678192 1.324703
0.9432805 1.750763
-0.1115722 1.682212
1.999668 0.4730173
-0.5004127 2.527703
2.972882 0.9778015
1.399767 0.8201195
2.140106 1.052355
-1.062644 1.156655
-0.3813089 1.799823
0.03477717 0.1395153
2.329443 1.117737
0.4491449 1.079566
1.18432 -1.250815
1.347967 1.33598
1.05887 0.964931
1.111117 0.8150871
1.643888 1.612762
2.648162 0.36424
0.5801891 2.102428
0.8294528 0.5304822
0.723709 0.4489474
1.286272 1.255109
1.98658 1.864536
1.253757 0.2335042
0.002290861 0.6928425
0.7226447 -0.6286481
1.564245 -1.402969
-0.04006459 2.058045
0.1304643 1.816237
1.443764 0.145708
0.1198782 -1.200587
1.136601 3.523369
1.46712 0.9829362
1.239842 2.792382
-1.167401 1.474739
0.2136095 2.20393
0.1130423 0.6681315
2.164627 2.058329
1.113115 0.9386852
1.997538 0.07682833
1.532786 0.7179546
2.431841 1.089769
0.6753465 0.6404574
-1.16271 0.1589198
1.378702 0.0962742
-1.034601 0.7557714
0.3056738 -0.2871859
1.98036 1.163133
1.284072 1.241891
1.600458 1.34041
2.037136 1.611379
-0.3194115 0.747748
1.647873 1.593744
0.02134556 1.711364
1.83596 -0.9242133
3.806439 1.549676
0.4196812 0.4517704
0.9530986 1.419541
2.108559 -0.07066072
2.800044 0.5262525
0.6478698 -0.2935153
1.47031 0.6335117
0.04805844 2.435781
0.8833748 -0.7306511
1.613727 -1.334025
2.255278 2.239794
0.6566706 -0.4369495
0.8309277 0.7909341
1.568345 -0.6088533
0.5226634 -0.7832147
1.898334 0.655804
-0.120431 0.7905529
-0.8397551 0.4855433
-0.6858764 2.546547
1.819407 0.5795629
-0.8176089 -0.5945499
0.5556015 0.7531098
-0.7975639 1.452647
0.5165854 2.358353
2.299427 0.6163285
1.771241 -0.6753003
2.746234 2.117235
1.077522 -1.593987
-0.187602 1.537533
0.7588275 1.972646
0.525951 0.7683045
2.798326 0.05704091
0.3379787 0.5319923
0.8721255 0.08016769
1.694296 0.2900132
0.2322612 0.6158686
-0.3711982 0.4711774
-0.4274445 0.3303437
3.765381 1.46972
1.743109 1.204033
-0.4944274 2.682717
-0.8585304 1.617959
-0.9039975 2.838267
0.7326436 0.9642735
2.663364 -0.9285105
1.320346 0.6709167
3.655173 -0.9710852
-1.040644 -0.7585433
2.623063 0.1699398
1.288502 2.724617
2.166808 1.321623
-0.3892611 1.703324
1.249003 -0.3666575
0.2757637 1.112695
-0.6986789 1.021497
1.924435 2.196916
0.7275305 1.302304
1.464526 0.7014542
0.9235128 1.708452
3.342133 0.6898547
1.422123 0.2871548
2.829266 0.3249634
-0.3523237 1.463512
0.6042499 0.6613206
0.09148845 2.049743
0.05801016 0.6260347
2.570117 1.337872
2.5616 0.1870285
1.314102 0.7085785
1.711234 -0.3402013
1.747117 1.267482
-0.5973818 1.606879
1.719816 0.3109907
0.1770804 1.55189
1.539792 0.1754143
-0.08960854 3.655585
1.651753 0.9560314
1.038803 0.2555222
2.520731 0.57141
2.350108 1.482877
