0.5402184 0.6564775
1.689624 1.270524
2.106316 1.153218
1.036725 1.424098
-0.09845648 0.2458903
1.425741 -0.3090259
1.097563 0.5742398
0.2160399 -0.7965777
1.747273 2.030957
0.4887151 0.3882653
1.026782 0.734959
-0.8745708 1.874302
0.4226952 1.059979
1.737097 1.17007
1.483576 0.6292268
1.226844 1.367916
1.308635 2.013635
1.573118 0.1052578
-0.1158839 1.816798
2.670414 2.20599
0.6569544 0.830772
0.2728502 1.440615
1.267865 0.7143524
0.2743116 1.900139
0.3589244 -0.3561908
1.227628 -0.03800825
0.7888989 0.9814147
1.680488 0.5236897
0.3697955 0.7561497
1.528113 0.6757993
0.384157 0.589878
0.3182654 0.4689396
-0.213144 2.086452
0.4196947 0.8649076
-1.194506 0.6623403
0.6747833 -0.1711767
1.932484 0.5171093
0.569268 2.303682
1.091499 1.665308
0.1952036 1.151269
1.96874 -0.0644806
1.717537 0.2359315
0.05502154 3.374374
1.778598 1.023635
-0.2523705 1.084671
0.8286559 -0.1510331
0.3594447 0.8732873
0.899664 0.707642
1.218246 -0.4530605
0.002829285 1.159307
0.01759916 0.7077844
1.674307 1.131356
1.827748 -0.07323064
1.555503 1.734839
0.5009583 1.780203
0.9192877 1.665207
1.967245 0.3813583
0.3394102 -0.4402408
0.1023275 1.235212
0.506879 0.5205616
3.07582 0.6311772
-0.832872 -0.1140094
-0.677098 0.1648097
0.634542 2.116909
1.920867 3.10601
-0.5329337 -0.3907326
2.785807 1.37901
0.01879188 0.6967258
-0.688476 3.326505
2.823695 1.684263
1.026261 0.8948057
0.9210551 1.076606
2.085827 1.784545
0.655304 2.721391
0.9774157 1.208096
2.982629 0.4614036
-0.3239789 -0.894623
3.295721 1.961117
1.379744 1.880733
1.548936 1.046343
1.328667 0.1158056
0.6651795 0.8388323
1.149268 1.966421
-0.1753832 -0.2166273
2.280087 0.2581055
-0.001868072 -0.2621845
1.446748 2.4196
2.118247 2.610164
1.339088 2.800999
2.603911 0.9240667
-1.280948 1.13585
1.452971 0.01937924
0.8451784 0.9269447
1.312585 0.1392275
1.304577 1.496402
-1.364732 1.378018
0.4782969 0.2544423
0.7413409 2.054493
1.569242 -0.7721057
1.098498 0.8652504
-0.1099988 -0.8210853
2.929858 -0.6345531
-0.1837869 0.6371583
2.058871 2.403763
0.6061979 0.3993659
-1.204472 1.116472
1.26103 1.75402
0.9416464 1.469552
-0.4734379 1.506404
0.8981901 0.7326061
1.501651 2.205641
1.97026 3.449958
-0.6143444 -1.094909
0.9439376 1.530681
-0.8577018 -0.1913411
1.682038 0.960231
0.4043937 0.8098734
-0.1875858 0.2229396
0.5280457 1.470392
1.354679 -1.798555
-0.3998032 0.2211627
0.7286201 0.8236305
1.034842 0.5747343
2.014618 2.290526
0.3820817 0.4709746
0.8240848 -0.7570589
0.4731209 -0.7849255
-0.7564414 1.551967
0.9728354 1.681642
1.332011 1.510807
-1.263699 0.821336
2.735874 1.287697
1.56857 -0.7394274
0.663515 1.670573
1.802907 -0.9650612
-0.3662296 2.25574
0.4990638 2.831149
-0.2832869 1.273164
1.008628 2.230888
0.2938241 1.344931
-0.8207994 -0.4502222
0.09783011 0.4757207
0.808216 -0.005527436
1.807018 0.2213578
0.4954323 1.378295
0.94578 -0.1409186
0.4051061 3.274574
1.234764 1.146352
0.9483779 0.5597978
1.263345 1.238409
-0.5207497 1.035976
2.067984 1.866454
-0.2740256 2.06195
1.147666 1.790579
1.682139 -1.092186
1.587566 1.507634
0.6079573 2.24806
0.5836361 1.843132
0.5509333 1.526767
0.09356909 1.13402
1.52162 -0.8241983
2.211147 -0.2656479
1.225265 2.136132
2.796184 0.9730399
1.256663 0.4525142
2.735992 1.903179
1.55704 -1.117446
0.4676586 0.0599415
-0.01929762 2.010927
1.981847 1.867433
0.4315883 0.6540687
0.2260461 1.308572
0.6358651 1.95472
0.3890123 0.3468327
1.337832 -0.5222624
-0.03783058 -1.198874
1.38553 1.747158
1.209372 0.5718356
1.937202 0.6004906
0.09207614 0.8846612
0.7381906 2.860476
0.4577928 1.33675
0.1935641 1.448777
2.495208 3.086046
2.143882 0.1874658
1.303423 1.43491
0.2953201 1.825077
1.405835 1.170213
2.762893 0.72482
0.2956863 0.5387639
1.170602 0.9789444
1.668496 2.186234
2.343751 1.022901
0.1887922 -0.6440216
0.5836303 0.9597381
0.8100333 0.9077711
-0.4308191 1.255917
0.2766525 1.237975
0.04084834 1.793278
0.9807707 0.6154738
