0.3985873 2.631954
0.1633873 0.3056451
1.069223 0.8547312
-0.1563752 1.196218
1.189873 2.688667
-0.3995623 0.6307486
4.002205 0.6646825
3.253098 3.104267
0.2200363 1.37486
1.50435 1.345405
-1.391678 -0.7819348
1.35736 0.4759565
0.1061946 1.976414
1.300864 2.254446
0.8762271 0.9449705
0.6830992 -0.03716984
1.014907 1.500088
1.872835 1.775764
1.805752 0.9914747
-0.2860354 1.860289
0.3874008 1.983617
1.073095 0.0244273
3.284352 1.079714
2.692155 1.51385
0.5191438 1.339569
0.5467493 0.4297297
-0.7956481 0.4940184
1.400487 0.4824261
-2.123249 2.425054
0.2890833 1.435174
0.4360258 0.2211481
1.755275 2.319954
0.4532209 0.9583824
0.6569468 -1.088514
1.982548 1.05629
0.6591064 1.203086
0.9595335 -0.05605855
1.575546 1.637354
0.9819767 0.3647922
2.209234 0.3123616
-0.7859329 2.130518
0.2126863 2.942107
-0.3566527 0.2826603
0.5627835 1.003384
0.08003513 1.109273
0.8960565 0.8184325
2.516843 1.328939
0.7421641 0.1948671
0.25066 0.5539123
2.829385 -0.5808587
-0.115939 1.840521
2.606223 2.548868
1.700479 0.5353984
1.853858 1.666478
1.507656 2.070978
1.664314 0.179719
-0.0818791 -1.593019
2.227945 -0.392305
3.375689 1.812888
2.432738 1.200453
1.199777 3.209307
1.158234 0.6958765
1.769286 -0.06516811
1.955763 1.086194
0.5279789 0.03600524
0.6419784 1.038946
1.527889 0.5392566
0.4882725 1.082904
0.7525117 3.71083
-0.4336073 -0.652362
-0.01262619 2.319463
2.543005 0.8477718
2.683099 1.221974
-0.4297781 2.226089
1.692475 -0.2437671
0.628102 -0.1839774
0.4260118 0.07695033
0.8232828 2.799977
2.149314 1.715215
1.849133 0.3848804
1.461668 0.7760766
2.765462 1.94709
0.6280381 -0.2491016
1.016119 0.4438366
0.4777478 2.041935
1.701688 0.8854485
1.051955 0.4382983
1.812604 0.7452804
2.265649 -0.07235214
-0.6770801 0.2523171
-0.8521297 1.351594
-0.6230174 1.13524
1.871777 1.141339
-1.122718 1.253616
-0.2631277 0.1841393
0.7913288 2.264769
1.458599 1.394069
2.402611 0.6493111
1.273543 -0.0201455
-0.005979007 -0.7232353
1.784223 2.357826
2.736475 -0.1545086
-0.3823627 1.925599
-0.3738183 -0.3533889
-0.5082606 0.9642243
2.281805 0.8769553
0.1366453 1.175793
0.3899107 1.852466
0.6890704 -0.07570849
1.165642 2.289568
1.185674 -0.7474086
-0.7175862 0.4786679
1.339978 1.626414
0.7020788 1.555597
1.882859 0.8527213
1.565411 0.8450857
-0.4540464 1.175476
1.755346 2.591782
2.268282 2.255444
1.320306 3.640871
1.086547 -0.9419464
1.994452 0.608128
2.019681 2.340227
0.2656645 2.118342
1.467351 -0.2123495
1.904986 1.097297
0.2279595 0.6641759
-0.2743787 -0.4363446
0.2773816 0.1146882
3.495662 2.015541
2.206961 1.725864
-2.285345 0.09598635
1.131379 2.018243
1.601196 1.098234
0.1044798 1.246943
0.2945071 0.5495801
1.02878 0.952759
1.56919 1.336816
0.7037974 2.382735
0.1153943 0.6037685
-0.03151213 1.336404
1.625628 1.102969
-0.3602132 1.541986
0.1257194 2.310516
0.1924202 0.3513266
0.002643285 0.8596256
0.4053617 3.336818
1.852114 -0.4606064
1.393155 2.803831
2.622394 2.939669
1.404795 0.6575914
-1.459309 2.07211
2.647681 0.8102614
-0.2030978 1.781171
3.499175 2.023784
1.973275 2.001512
-1.133455 2.455153
-0.5539712 -1.216792
0.9370756 2.424783
1.730443 1.413153
2.425886 2.901114
1.31856 1.007361
1.094592 1.327373
1.303555 0.5504357
1.591213 0.4664044
-0.0210726 -0.07120715
-0.07028499 0.2397452
1.994273 -0.1717768
1.632336 2.021872
1.306188 0.2025305
-0.04928817 2.302397
2.177855 1.434439
0.5391266 0.3763603
2.152037 2.223143
1.446481 0.4168184
-1.166404 1.74472
1.218286 -0.1462099
1.011755 -0.2862088
-0.06469183 2.034168
1.926546 0.1504162
1.704373 1.113221
0.4136194 0.1316599
0.9845836 1.967222
-2.206794 0.06855138
1.489517 -0.1406103
0.5451235 0.5439107
2.321053 0.05226261
1.105865 0.6539451
0.06956298 1.798536
-1.991528 2.468557
0.3258191 0.7157773
0.1712117 0.4518791
1.87461 -0.3239238
0.4625995 1.113161
2.001984 0.5936445
2.098477 0.2514832
0.42486 -0.1551936
1.468545 2.576879
-0.3920229 2.695446
-0.4954395 1.218503
