0.08438749 2.015979
2.145566 0.3451618
0.1723635 1.526332
2.498898 1.616884
0.6147213 2.174406
0.6871616 0.07480063
0.6068919 1.167872
1.032674 -0.1830595
1.164509 -0.02917803
1.00285 -1.687662
1.387103 0.1338048
4.041795 2.036404
0.7999043 -1.238021
0.3624244 0.02859023
3.621632 2.150862
3.984903 2.423156
-0.02274668 1.816796
0.70895 -0.141165
0.6689896 0.6775267
0.4263418 1.413651
1.333325 0.3469346
0.0448782 0.7978429
-0.9030325 -0.9787598
0.3017261 -0.05711167
0.6020384 1.418389
1.737953 1.540374
-0.339559 2.249062
1.947027 -0.9701326
-0.02732697 2.08642
1.239286 0.8142523
2.32936 2.506368
0.8971335 3.053064
0.7861586 0.535479
2.557491 0.1997195
0.1484216 0.5808245
0.4848266 0.9240959
1.806139 1.995693
-1.587826 1.843356
0.4952151 0.9174322
0.2756723 2.645529
-0.7625378 1.370842
0.115371 1.320081
-1.516658 0.7683518
0.1868221 0.9116072
3.213704 0.5047844
-0.0747313 -0.004725186
2.309062 1.72862
0.04139887 0.6003007
1.084945 0.02834355
2.18156 -0.2488621
1.22986 1.141382
2.264422 1.189517
0.09891539 2.512973
1.391604 1.119227
-0.436727 2.952349
1.176357 0.04700168
1.15931 1.224474
3.597397 -0.01518574
0.2138399 0.1848657
-1.887941 -0.2940087
1.104075 1.585704
0.8943948 3.487473
0.09076549 0.5133812
-0.3148247 1.240439
0.1270175 -0.1415026
-0.05368334 1.364299
0.5818495 -0.9735328
1.011763 2.119664
3.271261 0.7543685
2.019939 -0.4259261
0.6641534 0.4880956
-0.1525853 0.9347369
0.7925507 2.001384
1.804355 2.522121
-1.054611 0.5259971
0.5338948 2.512588
1.305519 2.5138
2.819154 1.995453
0.6098917 0.8260612
1.654777 1.249618
3.287942 0.8446841
1.807984 -1.059116
0.9566411 1.654217
0.3990731 -0.1293043
0.6082427 0.7354071
2.576836 0.952329
0.9001053 1.544867
2.085984 1.396589
1.885751 -0.5373129
3.558946 -0.2795396
0.9632739 1.016767
0.3917389 0.9882852
1.170889 1.613041
-0.4877589 0.9018007
1.484436 0.9660243
1.209853 1.200581
2.78991 0.8156621
2.051774 -0.4736941
1.647718 -0.8429645
2.281702 0.9128512
3.166733 0.2364841
2.829689 1.842279
-0.009562482 -0.7211076
0.8021095 1.948875
1.81749 2.182049
0.4215403 1.695011
1.88857 0.279517
1.000417 0.8528643
1.273948 1.102974
0.9694743 0.5189206
1.247219 0.67861
-0.008349186 0.1038146
0.6805774 -0.2860722
1.387446 0.9522495
0.9382539 1.429731
2.557602 0.9709979
-1.329852 1.312962
1.793221 -0.4338356
0.7136279 1.96349
0.9907605 1.431004
2.271142 0.2551706
0.2123114 1.6911
1.079658 2.711496
1.592975 1.038661
0.4676006 1.850924
2.743519 0.2413865
1.335731 2.081295
0.9981255 0.9742645
1.197016 1.888527
2.155814 1.455882
1.203409 1.252777
1.447117 2.122122
-0.8944693 -0.09000824
0.4137686 2.108826
0.006869084 2.510226
0.7879124 0.4427145
-0.6003214 0.8545002
1.356068 0.4637481
0.9192371 0.9462011
1.804899 1.332769
0.8375982 0.1286664
-0.5328176 1.482251
1.024933 1.322986
-0.1063856 -0.6018882
0.1950762 2.69284
1.142067 1.276205
0.2884236 -0.6259533
1.678699 -0.6931373
2.533061 0.4959169
1.893163 0.4077996
0.3319937 1.37091
1.040069 0.07741739
0.7549584 -0.02311481
0.7390673 0.954486
0.4620871 1.488383
1.265143 -0.2597455
2.330014 -0.2119108
1.973304 -0.09696016
1.291517 -0.1296385
0.5767644 -1.143392
-0.3661532 0.9507842
-0.6196674 0.8706116
1.47618 0.4038682
-0.3235472 2.230504
2.329429 0.2728999
1.070832 -0.02484726
2.413723 0.6545757
0.3690636 -0.6537907
1.633866 -0.09289773
2.210673 0.9266655
2.959537 -0.2033357
1.343601 0.3669157
2.218354 -0.1708541
1.667768 2.124554
0.7404237 -0.7629081
0.7556319 1.308745
2.112211 -0.1918661
2.762104 -0.2872455
1.044208 2.254691
0.5697894 1.841517
-0.07557804 2.40108
-0.3972323 -0.1385754
0.9374893 0.5618831
2.387946 -0.09028111
1.219996 1.388727
1.911507 -0.15345
1.894837 0.9000359
1.623663 1.683137
2.07148 0.5995536
1.084076 1.725666
2.1125 1.511426
0.1727825 0.1357409
1.002558 -0.7813621
2.282309 0.9721873
-0.2727789 0.6037344
1.650269 1.786487
0.566827 1.482749
1.509836 0.01356814
2.102304 0.02994448
0.3011655 0.9358026
