0.8540442 0.6708417
1.760391 1.09168
-0.5471404 1.460482
1.405879 -0.3173033
0.5823756 1.516341
1.183609 -0.06584769
1.753506 0.9079102
2.026434 1.309228
1.3228 2.222446
-0.5427302 0.2220038
2.216445 0.6525992
1.648074 1.090548
-0.5205949 1.277164
0.9806979 0.4676318
1.535418 0.8583835
0.122706 1.525378
0.5516736 -0.184916
-0.01741316 0.2313387
-0.6275601 -0.3718023
-0.2395878 1.923269
2.510745 -0.3478594
-1.547282 1.001193
0.3318306 0.7517111
1.644439 1.039272
1.549495 -0.5880243
3.687681 1.186377
1.588715 -1.634638
2.049148 2.332121
0.1232909 0.7643881
-0.6471017 0.6491042
0.1434108 1.35668
1.967587 1.681402
1.423726 -0.06998289
2.008101 -0.8235791
1.424616 1.949701
0.417773 0.3437787
-0.237388 0.9306079
2.270179 1.282515
1.053233 3.056666
1.728008 0.2399088
0.5466047 -0.3043403
-0.6518469 -0.4204362
0.7386831 0.317303
0.06507474 2.623154
0.5794972 1.874901
0.6707507 0.7642836
1.179499 1.258232
1.115611 1.957408
-0.317178 1.64269
1.222215 0.4365994
2.807392 1.317766
1.18226 0.1983409
1.367163 1.717072
1.919287 -1.131316
1.060421 0.7448194
1.183824 0.3709235
0.3130328 0.6524808
1.457308 -0.9095972
2.437137 1.824193
2.570682 1.485187
1.994861 3.815184
-1.063105 -0.929447
3.077764 2.301238
0.2209401 -0.1821303
1.628592 1.423175
0.2104512 1.419237
1.168147 -0.1561754
3.017411 0.7010566
1.437255 0.9756426
2.282178 1.976376
0.1351925 1.092521
1.461111 0.4260283
0.8810943 0.5768726
2.077842 -0.08252555
-0.279864 0.7873823
-0.7309042 -0.261216
3.704289 1.18957
1.39006 1.451557
1.098033 0.7679017
0.6742488 0.2856084
-1.122824 1.026419
1.30324 1.391026
-0.9502936 1.425453
1.366917 -0.6893142
1.580758 1.430967
3.598417 0.9464023
0.9499263 2.064924
0.3005921 1.351123
1.519088 0.5126663
1.588211 1.732578
1.112642 0.2077665
-0.2056885 0.8938293
0.3611372 -0.8898011
2.930432 3.022919
1.652735 2.606739
2.35359 1.990078
1.03042 0.7260695
2.339441 1.442767
0.5925054 1.685997
1.512876 -0.2940094
0.5731191 2.928267
-0.8757522 1.01024
-0.1586736 1.949345
0.6354541 0.09081727
0.3406484 0.7525708
3.038836 -1.231435
0.2632686 1.130137
1.042431 1.409459
1.07584 0.3544929
1.860203 2.452783
0.2001941 0.8537451
1.79387 0.9474834
1.374435 0.5246781
0.4999347 0.52026
0.9758777 -0.3514139
-0.4078095 1.041871
2.584528 2.866196
1.980369 1.456143
1.26235 1.37538
0.8209046 0.07918022
1.895667 1.721335
0.3318709 2.310002
1.487894 1.013475
1.090264 -0.008218619
1.348187 -1.118871
2.409338 0.008819554
-0.2514332 2.788272
0.6559886 -0.1410465
0.2684049 0.7035291
0.856349 -0.5240652
1.816601 1.667967
-0.1487411 0.6092184
0.9216218 2.355615
0.5071845 1.854303
0.9688128 2.249722
2.002215 2.344931
0.450593 0.6708137
2.107833 -0.1750048
-0.4376617 1.394001
1.604145 -1.620221
2.501416 2.215672
0.8068585 0.2827326
1.376523 1.462383
1.433583 1.361557
1.751075 1.424035
0.8876703 0.777152
-0.1673225 2.293793
2.499395 0.5013278
2.57773 2.248603
0.7780894 0.4383197
1.81392 1.174196
0.8345762 0.8537681
0.2221847 1.348718
0.4810876 2.003755
-1.028774 1.140855
1.961948 -0.3686629
0.6064384 2.134229
1.251108 0.6890705
1.197673 1.657152
-0.02852649 1.30331
0.698495 2.568452
1.782728 1.308615
1.412021 2.28386
0.7891141 2.039455
1.081364 0.2903685
0.09439015 -0.1125745
1.16234 1.261357
1.391367 -0.2981654
2.830343 -0.4485979
0.1540637 -0.6051467
1.410548 0.1605755
-0.8863616 1.150615
1.170698 1.62285
0.9323237 1.701373
0.5792512 2.23143
0.6148524 1.180894
0.4231397 1.765033
0.08333233 1.19709
1.142725 1.524026
2.499979 2.107656
1.023621 0.4003715
1.862943 0.2709015
1.585117 1.45397
0.6426757 1.361276
1.743882 2.300689
-1.728265 0.6300554
1.302519 1.093851
0.2482854 0.6864345
2.121732 1.309807
1.092611 0.444833
2.603602 1.973691
1.297655 2.363722
0.5911192 1.132692
-0.2364897 0.6050067
0.1932603 1.415977
0.7862098 0.8099302
3.469316 1.135722
1.778367 0.06791703
-0.8150216 1.44596
1.968254 0.3826803
