1.508665 0.125664
0.6537824 2.561638
0.5663244 1.819839
-0.1409361 1.920052
1.885191 0.4682188
1.726469 0.0285827
-0.2213299 0.7703527
2.249954 1.7968
0.1438052 0.4441808
-2.676626 0.4058599
0.2004312 1.342601
2.221135 1.753162
-0.6862945 -0.3977812
0.4402239 -0.1652547
-0.09325275 1.368247
1.848555 2.246846
0.6907093 -0.09171548
1.292239 2.525138
1.431771 1.656353
1.513627 1.314792
-0.1482428 -0.1395505
0.2134498 0.2163432
1.870384 1.326801
-2.020841 1.413223
0.7257908 -0.1759845
0.6314934 1.634063
0.8804786 0.5610653
2.461979 2.161054
2.065403 1.902011
1.89354 1.177226
1.509944 1.140369
0.005141086 1.040399
2.318643 3.442925
1.759324 1.124777
0.920813 1.76767
0.9877672 0.9509098
-0.1356711 1.469322
0.03751959 1.120064
2.802122 2.504153
1.144248 1.104458
2.207353 0.4893445
1.396354 0.9079649
-0.8379679 0.4978387
0.6415607 1.31765
0.6746198 2.232924
-0.6953098 1.486833
0.4995563 1.682511
1.684802 0.2621375
1.601486 0.1098127
3.069846 -0.1623658
2.23661 3.630137
0.1973237 1.726298
-0.443819 -0.3300821
0.1684959 1.791994
0.7503573 0.9000463
0.3502156 0.812282
2.201375 3.487284
2.392098 1.37736
-0.01613196 1.156945
-0.139811 -0.07370796
0.3404706 0.9690217
1.869908 1.808099
2.458298 1.121885
2.520122 0.7082249
0.7014282 1.296234
-0.8672472 1.807519
0.2793491 -0.875653
1.187706 -0.3585993
-0.3054628 0.4614635
0.1092653 1.153382
0.2434616 0.7245428
0.3640919 -0.3296999
1.875264 1.034478
1.167242 -0.5043465
0.3148772 0.4833388
1.045441 0.785224
0.2518746 1.805098
1.400307 0.4646887
1.797748 1.256381
1.480685 1.866026
1.331615 -0.3060644
0.01494792 -0.6535228
0.5648243 0.7374384
2.292437 1.11189
-1.349384 0.2426564
-0.9918609 2.48431
0.6867501 1.844554
0.5079472 1.193472
0.9576234 -0.0165397
1.01815 2.057798
-0.3316041 0.9087324
2.238062 -0.3435081
2.614655 0.6613584
3.036128 0.1132311
1.568883 1.167098
2.627726 2.075843
0.471599 -0.7802205
0.84284 2.114459
-0.2322834 1.178366
-1.007179 1.420196
1.10157 0.2945742
-0.2377261 1.404567
1.556817 -1.024295
-0.4826729 0.9691835
1.275489 0.2470058
1.838312 -0.167729
0.378141 0.7262699
3.111179 0.6645629
0.8835017 -0.1073464
2.477915 1.527501
1.542147 0.9177019
0.1224788 2.255055
0.05019429 0.3146607
1.154867 -0.4743766
1.095008 -0.6528455
1.086377 0.9410721
2.515784 0.9342742
1.590719 0.2993235
1.56909 0.4994901
1.320227 1.645824
1.707077 1.961274
0.6997172 0.9458821
1.356035 0.3152722
0.7173748 3.226447
-0.07629391 0.2951417
1.040102 0.05018586
0.2860635 1.768187
0.1495164 2.355984
2.175762 -0.2504722
0.9235144 1.652761
1.971306 1.619495
1.833424 -0.8377558
-1.073314 -0.9495643
0.7903845 1.133141
1.391711 0.6443884
0.5141053 2.115821
0.2507358 0.7078314
0.08348966 -0.6177198
0.4293751 0.0005183194
0.6760605 0.6780028
0.4221669 0.7790965
-1.363959 1.8769
1.212252 1.289808
1.911371 2.765345
1.562337 1.289773
0.9387292 0.9520009
0.6952815 2.167365
0.2086321 1.396131
0.9269066 1.512179
0.5474803 -2.031325
1.57104 1.249534
-0.5114154 0.904718
1.097704 1.761539
-0.2313937 1.856159
0.04093896 0.1791599
0.09689466 -0.9178767
-0.8547624 -0.5084921
2.157038 0.5614548
0.2258034 1.481583
1.698849 0.05150991
2.519809 0.9732408
1.835861 0.6134988
0.881354 1.614011
0.05857161 1.069363
-0.226919 0.8703687
1.652343 2.184588
-1.237041 0.6132122
0.5232685 0.1763051
0.8320768 1.364779
1.926414 1.658824
1.637817 0.6857996
0.454725 0.7987108
0.1273291 1.187098
1.855993 0.9326863
3.342196 1.603493
1.640873 2.162597
0.1480355 1.643141
-0.04529262 1.652568
0.3200326 0.2057699
0.4524269 2.027582
1.177232 0.5980344
-0.684687 1.847899
0.8200118 0.467883
-0.4846537 2.482681
1.957056 2.237984
0.7475298 -1.043456
2.242244 1.843493
1.197234 -0.07379317
1.572208 0.8647986
0.6064279 3.187045
0.6233119 1.931317
2.534128 3.582766
0.5011633 2.484248
0.5417068 1.086722
1.970124 3.146102
0.979414 0.7881726
1.352432 1.191833
-0.990318 0.296877
1.558953 1.441307
1.583751 1.230452
