1.186336 1.268377
0.3895977 0.4546248
0.5207403 1.711914
0.5224479 0.4962226
1.721096 0.5374839
2.072915 1.026032
1.114315 0.5629675
1.639878 -0.8298821
0.7338577 1.751071
1.195483 2.555845
1.743784 0.2333858
0.3884647 1.55903
0.9335596 1.241925
1.890833 1.117569
0.6963068 0.6888226
0.6576963 0.9239032
0.07532429 0.1232357
-1.077105 -0.4783565
2.142351 1.2576
1.43469 -0.1077261
0.2917198 1.19673
1.885211 1.295771
0.1772725 0.3942856
0.5149749 0.1229419
1.33075 0.6726845
1.750762 2.342617
-0.1324661 1.265169
1.455541 1.733003
-0.1118483 1.047499
0.07569825 1.914674
0.7419953 1.181722
0.1572478 1.519476
1.146091 0.6831427
2.091882 1.962082
-0.5401189 1.229346
2.492706 1.506313
1.81034 1.447456
1.220188 1.391743
0.4515243 0.5406512
2.699936 1.203312
0.7693866 -0.07103156
3.705068 0.976461
-0.0961124 0.09946335
2.231399 -0.1683339
0.4431529 1.00084
2.377193 1.21343
1.607298 0.9312249
1.884846 -0.7296074
0.9212148 -0.1695243
0.5388952 1.839321
0.1204473 2.423456
2.023887 1.767516
0.317985 0.4092336
1.926657 1.472176
0.2189029 0.08089477
1.214454 -0.9515836
1.407714 0.8741839
1.136047 0.6647425
0.4591482 1.324324
-0.5315433 0.8804491
1.24766 0.7752368
-0.2328607 0.8615443
-1.698318 0.4936725
2.410546 1.653739
1.942728 1.494041
1.135479 0.8217282
-0.9231521 -0.9466784
0.5415298 0.3339768
1.575916 1.149297
0.507357 2.115921
1.797429 3.09372
-0.1893933 2.039022
1.268153 1.292694
1.990248 1.316654
1.287308 0.8455622
1.613988 1.713117
1.268103 0.004385574
0.9022431 0.2960138
0.3162058 1.534776
0.09177689 1.093331
2.307459 0.4125385
2.792257 1.351385
0.115925 0.006199982
0.3368071 -0.3508239
-0.1054525 1.057738
0.8122464 1.626662
-0.3482664 2.783453
2.202018 1.385646
0.3402809 1.057269
0.9033596 0.5586627
1.163544 -0.4159547
2.152742 1.562873
0.01348557 1.616987
0.09112785 2.202595
1.658206 1.986455
1.261306 1.725648
1.786783 -0.3960187
0.8245726 0.3540072
-0.07797619 1.896999
1.761327 0.2210945
1.111974 2.097678
0.4701842 0.8205134
-1.28763 -0.7703576
0.8703707 2.173035
1.074457 1.237643
1.849676 -0.112592
3.439545 1.763454
1.280733 0.885321
-0.5432886 0.1022719
3.236641 1.961447
0.1784619 -0.3466709
-0.1781406 0.3477948
0.9576262 0.9280624
0.6319765 3.195943
-1.149887 1.308871
0.7841559 2.57057
1.717983 1.267499
0.0664623 -0.1079551
-1.396929 1.055344
-0.1370952 0.1553983
0.5186414 0.1243705
1.280321 0.5777176
0.530379 3.416467
0.8483809 0.07938797
2.634271 0.6961301
1.083001 1.501755
1.163178 1.169958
2.656401 0.2924554
2.067821 1.72464
0.8318298 0.6624564
0.499791 -0.3100505
1.229366 -0.5494676
1.17393 -0.1165471
0.09513855 -0.2101962
-1.495551 1.170573
1.822116 0.4224472
0.0784113 1.321447
-0.6870127 1.696891
0.8101959 2.965846
0.5729139 -0.2416969
0.8235205 2.720059
1.777034 4.179192
1.210469 1.177915
0.8838282 0.03112838
1.143925 0.4679291
-0.9236959 0.2057925
-0.7735825 1.90808
0.4359547 0.5263301
1.057173 1.049569
1.212759 2.95008
1.846548 -0.8630926
0.3144705 1.892907
1.585445 1.160373
1.25363 -0.98523
3.749045 0.3347916
1.915794 -0.3442047
1.874232 0.1008902
-1.018936 3.336659
1.12762 2.052306
1.177754 1.174303
-0.1456571 2.713644
0.96474 -0.1224564
1.39905 1.002477
1.245569 1.660917
1.81671 1.436895
2.432179 -0.4904126
1.186869 2.066526
1.263773 0.5476205
0.3082238 1.110344
1.03276 1.080474
1.591681 1.005685
0.6895273 1.071838
1.192909 0.4023338
1.56964 2.248586
2.650317 -0.3725605
1.205997 2.882481
1.517506 0.0009258276
1.838233 1.190674
-0.1369582 0.8866146
1.643833 1.744861
1.033739 0.7816509
2.659086 0.8180491
2.781769 0.6598207
0.5630644 -0.498321
1.05239 0.8868762
-1.632772 1.017488
2.030404 -0.1194046
0.1822181 0.1496604
-0.6473702 1.533298
2.776701 0.9343998
1.298049 0.6007134
1.797377 -2.119377
0.06937332 -0.1226534
1.327383 0.006014211
-0.5298088 1.178857
1.366054 -0.07393775
0.0499218 0.3943103
0.9284009 0.4227705
1.218553 1.436026
0.4961362 2.214664
