1.382495 -1.076068
0.9616794 2.186415
0.1056158 0.0009799901
0.3356248 0.08640317
2.241119 0.6357064
1.287661 2.800201
0.9167787 2.219343
1.582255 -0.4173757
-0.5552596 -0.1046087
-0.6037215 1.049678
0.4865209 0.1609644
0.008750433 1.404847
0.9873948 2.008513
0.8547233 1.081671
-1.479881 1.233868
1.13696 -0.02006826
0.4340756 1.49356
0.3976982 -0.6641093
1.35233 2.423316
-0.8551091 0.479931
0.7965633 -0.5653269
2.164259 -0.1123791
2.206504 0.5661995
1.890893 1.520146
0.609479 1.148145
1.469878 1.007837
1.085973 0.7377702
1.686917 -0.02286993
1.46599 1.345821
1.506214 1.403788
1.269577 0.4507148
2.316912 1.718479
0.2216207 0.565358
-0.8422979 1.956218
1.176939 -0.3290868
1.413212 1.844267
2.297006 0.2589414
2.025513 1.608426
1.944459 2.337441
1.354496 1.55897
-0.8287343 1.008292
-1.229534 0.4009248
2.104666 0.01120091
0.1788143 0.7106723
0.9386987 0.0802323
0.8128945 2.582586
0.9084616 0.8908515
0.5737135 0.7866515
0.1990611 -0.1757644
1.915498 1.910751
-0.3876899 0.2930139
0.8879796 0.7154819
0.8389827 2.064363
0.9713108 0.6088924
0.06841245 0.6878015
0.05871224 1.0792
0.8949632 0.3974758
0.5633456 2.662239
1.336722 1.009636
1.195264 0.993812
0.3048844 2.180639
-0.009546818 0.4243362
-0.1932829 1.996917
-0.5385059 0.22831
-0.4358238 2.27174
2.457378 0.6770721
3.150445 1.465256
1.259655 1.072235
1.62824 1.760078
-0.1516208 1.305086
2.435351 2.148163
0.9178408 1.934407
0.5083728 0.3176478
1.586066 -0.6168229
0.7827481 0.579378
2.482988 -0.3475601
0.7547211 0.4201022
2.28648 0.4484538
0.05983943 0.3568643
1.411868 1.318722
0.4650346 1.808401
0.5144469 2.834721
-1.47138 0.3662591
-0.5036553 0.9410035
0.3910208 1.550746
1.447451 1.458029
0.6421166 2.095229
0.3505304 0.3103519
1.757153 1.666739
2.033568 1.17258
-0.08588413 1.460007
2.763 0.4800139
2.122623 1.227068
1.848061 -1.860342
0.3941055 0.7224149
1.51855 -0.743443
0.6272008 0.1416771
1.679845 1.163318
1.293416 0.07937866
0.2890078 1.18651
2.433804 0.1160977
1.058515 1.749177
2.328361 -0.08443361
1.129701 1.825917
0.4701749 0.06048279
0.5120745 2.596535
1.908566 0.6568389
1.827766 1.464524
1.19826 0.3431182
-0.08517997 1.520668
2.678947 0.5656934
1.256233 1.202726
0.7516428 2.27646
0.848686 1.90857
2.253858 2.2074
0.6891025 -0.469317
-0.2794098 1.57584
0.594358 0.6071774
-1.601314 0.8710219
1.421725 0.6709197
1.017324 1.470617
1.001121 1.364345
1.225755 1.233547
0.7679261 2.035914
1.472615 0.4488128
-0.3876854 1.104294
-0.1783641 1.527841
-0.9666769 0.7507886
-1.006214 -1.435218
-0.176221 0.7791606
2.570166 2.293461
0.336157 1.889021
-0.9262366 -0.1016275
1.569878 1.088339
2.745752 0.1763369
-0.3192763 1.599193
0.5592139 0.7426046
2.83294 -0.8721548
1.200898 -0.09453568
2.191133 1.320704
2.744177 0.0452325
-0.2246063 0.9989125
0.06846163 -0.3736883
2.363269 1.244618
0.02829128 1.07162
-0.9280107 0.04132139
0.1231422 2.996661
-0.1944106 1.932846
2.157659 1.653989
2.037039 1.64504
2.652951 0.8552159
1.181504 3.115541
0.0424418 2.800619
-0.9551021 -1.04821
1.530321 0.4005627
1.888905 1.265402
-0.4029723 0.2931761
1.087359 2.318286
1.730779 -0.3325856
2.296598 1.500086
2.039183 -0.5057818
0.4825658 0.5084589
2.461263 1.42199
1.460201 0.4476288
-0.3943267 0.6035186
2.167077 0.1917813
-0.2361383 2.391008
1.573497 0.0002874198
-1.44674 0.4993907
0.8117407 2.390306
0.3128201 0.4163429
1.243847 1.871888
-0.3852784 0.7942123
0.4927543 2.624295
1.345168 1.999452
1.959718 0.02178618
0.1918045 -0.8405279
-0.06328058 1.18708
0.836376 1.403179
0.8183465 0.7532829
3.410309 1.80221
3.117248 0.4591188
1.926611 -0.2860665
1.151211 1.054527
0.8689398 1.917308
0.2570762 -0.01188441
0.5882415 1.657583
1.833774 -0.09958996
0.9372014 1.215807
1.611954 1.711978
1.421499 2.502167
0.8904826 1.810621
0.8255323 -0.9665706
1.634438 1.372315
1.090378 2.830948
2.416245 0.1005607
1.901925 2.672847
-0.6495817 1.58826
0.1172076 2.158538
1.052775 -0.6957711
