-0.9117252 0.7434289
1.146149 1.054977
-0.7147724 1.896937
-0.5562369 0.5722556
2.985012 -0.6568984
0.2557002 0.0004581155
0.5565685 0.09327894
2.514259 0.4930836
2.178701 -0.724204
0.9681386 -0.2062299
-0.4803248 0.2793143
0.9486981 0.09628009
0.3877054 2.754488
-0.04437622 -0.04706691
1.963351 1.050665
1.225568 1.509681
0.8200713 -1.150087
0.3085721 2.054166
2.382955 1.544612
1.611181 1.201954
-0.5664126 2.159869
1.382673 1.117232
1.013865 2.100819
1.274867 0.5691754
1.706756 0.2862488
0.3406486 -0.9611921
1.144725 0.06095448
0.7631733 0.7780053
1.301273 -0.9885411
0.4562911 1.027867
2.505203 0.6305458
1.033696 1.932146
0.7656001 1.880357
0.5791887 1.536554
2.677225 0.4722841
-0.06174389 2.544992
0.6484157 0.7717665
0.2822898 1.627118
2.016471 0.2672896
-0.1936361 3.138955
-0.2901242 1.336588
0.7483514 1.728378
-0.09170073 1.426959
1.459137 2.907669
1.293437 3.129238
1.327374 0.2690264
-1.725464 0.2835779
-0.8037653 2.544752
1.337667 0.6969497
3.243833 1.052061
2.323792 1.815287
1.297913 1.170636
-1.302078 1.067144
-0.5952029 0.7728905
-0.3697468 1.031707
0.01908694 -0.03517379
1.739721 1.153861
1.524888 1.223157
2.114247 -0.1033124
1.198404 1.595358
1.572087 0.3306472
0.9758623 2.01899
0.1666661 2.730177
-0.4349686 1.322892
1.799392 0.9849347
-0.04307132 1.526418
0.3285719 -0.2097257
0.7687179 -0.9753201
0.5671647 1.92811
-1.7263 0.2700676
0.5804726 1.380956
-0.01323403 1.659743
-0.3744308 0.4002333
-0.2165352 0.8203643
-0.3805322 2.776131
1.034618 1.468929
0.7414312 0.09335795
2.039503 1.609694
0.3718203 0.4890261
-0.5649254 0.4210818
1.907736 1.116743
-2.168893 1.142709
0.6359791 2.703581
0.05088208 0.6557363
1.342169 1.258115
-0.4718983 -0.4690763
0.1873391 1.381502
2.200612 0.5277081
1.35463 1.911068
1.222036 0.6970485
0.03953414 0.4923048
0.7878217 2.266612
1.779075 1.727792
0.8323012 2.063802
0.08279458 0.9331728
0.8490044 0.859728
1.386554 1.997993
0.1896965 0.6891529
3.264544 2.335809
-0.6060817 0.951447
1.976545 1.457079
0.3482508 1.979345
1.492324 1.58004
0.8919598 0.6641926
2.547743 0.7646476
2.065227 0.7013964
-0.1190646 2.79467
1.579311 1.860225
-0.2695481 2.291326
0.5854728 1.275577
1.441738 1.413039
0.05542173 0.582082
0.2514032 0.721273
3.757413 2.021413
1.379752 2.280722
0.5058465 0.469697
1.111416 -0.1009548
0.5197848 1.26959
-0.5837651 1.141013
-0.4922902 0.9782471
-1.1122 0.3727898
0.4470109 0.9316711
0.0962124 0.7723358
1.625112 1.782864
1.159708 1.389628
1.835171 -0.1939398
-0.2709552 0.3572197
0.3533151 2.110677
3.633781 0.7242351
0.6858624 0.6392362
1.935784 1.115052
0.8869167 1.053648
-0.3149394 3.634543
-2.038704 2.257462
2.73084 1.584249
1.431504 0.490337
0.9592475 1.826836
1.516608 1.462446
0.3828224 0.9275126
2.767716 1.674776
1.252118 1.77304
1.441669 -0.8461408
0.9145797 -0.02761836
2.404711 1.153032
1.798362 1.147331
-1.37005 3.274016
1.9788 2.602075
0.6479213 0.9061141
0.6881966 0.5207445
0.8699836 1.050236
1.561238 1.373987
2.711949 -0.8258118
-0.12218 0.98312
3.097248 0.8365889
0.5550454 0.4775799
1.358007 1.727762
0.6993865 2.649666
1.248689 0.6094399
-1.944508 0.7477103
1.628068 -0.2376962
-0.4904159 2.167295
-0.2574538 1.186839
0.2415149 1.34174
0.938803 0.1905922
-0.9507244 0.5051186
1.771899 0.9937012
0.7295001 1.535333
0.6543658 1.381283
-0.2364273 1.988471
0.7947125 2.739817
2.199332 2.001074
0.6668929 0.9243261
-0.458852 0.7442779
-0.1086309 0.9333138
0.6552245 0.7214093
0.3299592 0.6429843
0.8646855 1.390588
1.215693 0.8569582
3.272069 1.053063
1.336068 2.17424
2.992162 0.9535921
0.3134842 1.73432
1.123063 0.608737
1.214823 2.531342
1.459562 -0.06039181
0.9581741 1.130354
1.890385 0.4836399
-0.320855 0.2968013
1.165348 -0.3531017
-0.6535839 -0.8760739
0.01891661 -0.006851947
2.307693 0.3872691
0.0388083 0.7412674
1.471486 -0.3841595
0.9065319 1.304583
0.08247124 1.436429
0.3143924 2.02108
-0.1130565 2.616015
0.2848801 2.180119
1.674466 0.6356008
