2.629611 0.9024563
1.531059 1.361434
2.55723 1.370013
1.196693 1.524789
0.7165899 1.415556
0.3179164 1.504645
-0.6788635 -1.378419
0.6758891 0.1846444
0.5986189 1.272867
0.01986042 0.06118443
2.26039 2.359995
1.575525 0.8802553
2.070732 0.9757113
-0.05190793 2.38456
1.508555 1.820357
0.6600463 1.477346
0.5440504 1.456263
3.355112 0.1879091
1.973634 1.861913
-0.83504 -0.425885
1.087178 1.309292
2.009047 1.179915
2.274635 1.578836
0.1958454 1.269285
1.034732 1.357563
2.428109 1.691168
-0.2843863 1.974272
0.6992105 0.9652491
-1.043669 1.524805
0.8259801 2.832299
1.016621 1.827604
0.5237755 0.9307412
1.575872 0.6817408
1.243173 1.689562
1.14508 0.6045334
1.735384 1.62145
1.160464 1.415689
1.288839 2.621815
0.3840042 1.013827
1.816289 0.4058439
0.952231 -0.74824
1.802098 2.28369
0.3600532 0.9432045
0.667006 1.208883
-0.4797499 0.1569515
-0.3410765 0.4461232
2.065932 1.28585
0.5109984 0.3630755
0.7198367 1.434163
2.091437 2.045708
1.489646 1.210934
0.5017434 1.235174
-1.141966 0.4442986
1.769986 1.19198
-0.1671734 0.703516
1.505378 -0.122534
1.021763 1.971313
1.512215 1.353152
-0.3116171 -0.06054684
0.939005 1.578399
0.7725066 2.026181
-0.04986595 2.850745
1.301042 1.057613
0.7965855 0.9606858
-1.537563 0.8141065
1.288889 0.5725366
0.281146 0.09154229
-0.6319087 1.327573
2.615623 1.394011
1.885601 2.234845
1.233932 0.5449595
1.276119 2.3174
1.031952 1.131486
0.5784986 0.4270407
1.40398 1.309851
-0.3602252 0.4233844
1.298133 2.591584
0.9037375 1.283695
0.3994236 0.5245214
1.881685 1.857933
3.270441 3.463429
0.5086619 1.275468
0.9248932 1.077741
-0.1560529 -0.4827349
1.493567 0.7546028
1.846097 1.087796
-0.4202507 3.082497
1.92156 1.440921
0.09922566 0.2171733
1.600017 2.197793
0.7045526 0.4982524
1.234274 0.8092696
0.1658125 -0.2166882
1.277943 1.919534
1.041825 1.089368
1.901424 0.9480928
1.848013 -0.02552996
1.577852 0.5301943
1.138447 1.258592
1.773038 -0.9134912
-0.6111279 -0.09287856
2.141693 0.1988851
2.005732 0.5500241
0.4792436 2.458385
2.777879 0.2297488
0.5275481 2.0914
1.320167 -0.1010675
1.1829 0.9329661
-0.3469893 2.946522
1.826462 1.886663
-1.022573 2.514191
1.188263 2.540336
-0.3240555 2.181545
0.0133532 0.2778093
1.766631 0.6217441
1.567253 1.694787
2.656101 0.4704827
0.8619803 1.24749
0.2228635 -1.516284
-0.4632343 1.396802
1.98577 0.08745118
2.344318 0.2770252
1.147291 1.507738
3.633503 0.9505672
2.493381 2.001298
2.020492 0.5712482
0.1870861 0.06580055
1.781673 1.169834
1.908329 1.686821
0.03842212 0.08088944
2.665524 -0.1473701
1.618954 2.302985
1.557719 0.8064321
1.879557 -0.5329878
-0.1164246 1.213439
2.412066 0.641964
0.874025 -1.447686
0.3527174 1.030009
1.541042 0.735845
-0.2310311 0.3434825
0.09190354 1.19388
0.4301198 -0.1117225
1.615926 -0.3419242
1.692495 0.9684806
1.761776 2.051949
1.264378 1.707249
1.789423 2.239025
0.6107747 1.00193
1.667437 1.127052
1.684404 0.2443585
1.535892 1.381371
-1.198038 -0.05940953
1.861241 1.736784
1.083792 -0.6547838
-1.026413 0.8958567
-0.4864398 0.9034288
1.665276 0.2091588
1.132185 0.4005496
1.636968 1.189412
1.568912 0.4732394
1.391368 1.129486
1.177776 0.1042842
0.7526538 1.321493
-0.4690322 1.933648
1.080443 0.8276412
2.036551 2.985684
-1.240583 0.8775193
0.7594761 1.288731
1.303902 0.6926345
0.1565705 0.5865359
-0.05657247 0.6583
0.9898206 0.6381184
1.41522 0.8171062
0.9116818 -0.1962034
0.9012066 0.1592299
0.8965718 0.6869713
-0.1506491 2.047969
0.1539022 -0.5215236
1.181079 0.597749
1.015079 0.5047746
1.565088 0.6474883
2.741362 1.17844
0.970134 0.5997124
1.292238 3.038964
0.5682707 1.533919
0.7951092 0.04891767
0.1608371 1.533997
2.274715 2.28094
2.227771 -0.1041875
1.985897 0.6960788
0.3117364 -0.8562665
3.087181 1.381043
1.868722 1.229475
1.37403 -0.2505722
0.1414417 1.217631
1.114569 -0.454782
2.019964 1.960672
2.492206 0.1468237
2.467138 1.494525
1.023444 1.794038
