1.875644 -0.0965995
1.185126 1.091569
1.536447 1.244489
0.1626621 1.774441
0.4969342 0.8351897
2.39049 1.864067
3.106787 1.76959
0.1503094 2.492209
1.732108 0.5053987
1.129112 -0.4304014
0.8873182 0.2204905
0.08001354 0.3875029
0.1834798 1.63629
2.817889 1.094751
-0.007862601 2.381221
2.34219 0.8635677
1.137093 0.9300957
0.9691694 0.7901141
1.360694 2.848777
3.375328 1.948744
-0.4721532 -0.9968791
2.70818 1.218998
1.257373 2.821992
1.795123 -0.448667
0.7729287 2.186695
1.605128 0.5221416
0.5210399 3.099808
1.580924 -0.3697905
1.602317 -0.03883545
0.3071715 0.4441909
0.4364267 1.214159
0.8177676 2.257231
1.17302 1.526566
-0.3243016 1.380888
1.193433 1.25702
1.318604 1.996738
-0.3147148 2.47266
-0.4724266 2.374213
1.482988 0.7896546
2.828299 2.051032
2.084487 -0.07446574
1.610047 0.3993861
0.1624761 -0.27232
-0.3457177 1.762869
0.819004 0.8857293
0.01619476 0.2773483
0.7630645 1.620815
0.8637071 2.926388
-0.05663911 0.3477681
2.376163 0.6069723
1.163004 0.2195272
1.20272 0.4434886
0.7249575 0.1773746
-0.06176673 1.56626
1.119792 0.3077844
1.084763 2.074145
0.7474706 1.463131
0.7384629 0.3444532
1.322155 1.194273
3.291448 2.555325
0.2445366 0.07101402
0.1508033 1.182287
-0.5698225 1.751077
1.493674 1.459127
-0.232923 0.09071235
1.900074 2.002835
0.5665948 0.292288
-0.1614693 -0.2951658
1.36295 2.53507
2.311973 0.8398352
1.73597 1.1455
-0.4453344 1.599756
-0.7755889 0.8449412
2.025045 2.294238
-0.8319305 -1.029059
1.771997 2.889701
0.3379386 1.787324
1.34733 -0.779842
-0.6974657 1.099221
-0.7561692 -0.6004194
2.065982 1.213539
2.033959 0.4267205
2.072729 -0.3578421
-1.452572 0.7248744
-0.09661055 3.038846
0.2943507 -0.9732354
1.316361 2.440339
-0.2780168 2.65806
1.502274 -0.5192508
0.6030751 1.954578
2.376542 1.631232
1.514041 1.402705
-0.3863862 2.026277
1.373475 0.6421226
0.1092497 0.6135597
1.73994 1.349932
0.4513624 1.382463
1.111981 0.9818549
0.2817425 1.322726
2.089366 -0.3670581
1.113802 1.099165
-0.6099247 -0.1159649
0.5722266 0.7053031
1.287929 1.97615
0.6285369 0.8041068
1.567014 2.520703
1.061313 1.939573
1.286063 0.2137371
0.8924646 2.684464
0.7880187 1.061517
2.528907 0.5555933
1.415889 1.034339
-0.1072625 0.5537238
1.465754 0.2770131
2.391675 2.112922
2.112159 1.255302
1.974902 2.017108
-0.6997446 2.266168
1.920442 2.841937
0.8572639 1.423585
0.5537144 1.13453
-0.770079 0.2871447
1.135816 1.465224
0.7484339 1.371086
0.9656863 0.1842952
0.7756561 1.041533
0.4463259 1.979084
0.5701296 1.579969
1.847055 1.69373
1.524243 1.440002
0.3712174 0.6034257
1.398587 -0.02854296
0.6699705 2.551374
0.5090756 0.2787357
0.7539543 1.178772
1.698582 1.71115
0.3791137 0.01336588
1.515979 1.82706
1.191909 -0.7300858
1.3221 1.180477
1.581154 1.86637
1.310707 0.2708761
1.650537 2.360948
2.816368 1.970584
0.9082719 0.000195159
-0.8307142 0.6577728
0.751281 0.349991
0.7084691 2.626438
1.811683 0.2674342
0.2271053 0.257515
1.007173 -0.4381854
2.28931 0.2528863
0.8324591 0.5257631
1.404061 0.5735046
1.197826 0.0543529
2.6892 1.533427
1.377632 0.8170314
0.04154841 -0.9826571
2.974497 1.282684
0.5564696 0.8743277
1.174123 2.223179
2.532833 2.124713
0.4280347 0.2737326
0.4869605 1.249204
1.780142 -0.156975
0.381834 1.784089
2.333695 0.595559
-0.09785715 1.192178
0.3420215 0.8971802
1.325333 0.02603296
0.4489139 0.9558434
1.082813 0.3480062
-0.4756623 -0.6829328
1.52323 0.3185918
-0.001925399 0.6691197
1.58351 -1.022514
1.068063 0.8417315
0.4755305 1.898493
0.765362 1.035385
1.08571 0.9779037
-1.316174 1.903043
1.708807 -0.4328612
1.485096 1.71368
-0.4589136 1.401506
0.6384396 2.334761
1.280012 0.5436887
-0.704792 1.510921
0.5541542 1.735551
1.310964 1.878747
1.260893 0.7428372
1.158775 -0.1887823
0.6105905 1.197881
2.52231 -0.06041215
2.321991 1.431275
0.6376177 2.060847
0.2918751 1.279018
0.512646 1.428581
1.571146 2.005314
1.458012 0.8153647
1.43626 0.8436467
