0.5520634 0.6590367
-0.6535801 0.5861187
1.705297 0.5650042
1.121353 0.7997841
2.609072 -0.3959178
-0.208206 1.911448
0.27184 1.373447
0.4572805 0.8632738
0.5747567 3.380346
0.1080913 0.6622325
2.919566 1.53063
1.051847 1.796508
0.4966507 0.4158944
2.09193 1.069194
1.22443 1.194287
0.9947182 2.608638
2.0111 1.65257
-1.040901 1.997681
0.8421163 -0.7534918
0.9994886 2.145484
0.1966607 1.956599
1.321321 -0.2069885
2.109024 1.085367
2.382322 -0.2246318
-0.8440526 0.08127442
1.794505 2.307436
2.577017 0.008554275
-0.7320835 1.631413
0.6795728 2.357793
1.082349 -0.1530934
0.0573797 1.689469
1.586728 0.7437122
0.4511204 -0.7885246
1.295493 2.118077
0.9390159 2.163914
1.364378 0.5641223
-0.1551139 -0.09142573
-0.5019183 1.121335
1.736806 1.536639
0.4627899 0.6370835
1.268743 -0.3636238
0.2493452 0.5706734
1.356707 -0.6923551
-0.1676276 1.758468
1.589561 0.2744327
2.627962 0.5595163
-1.426567e-05 2.700186
0.5646708 -0.4541825
1.546143 1.514587
-0.8136478 1.242747
1.78776 1.119578
1.818254 0.0668778
0.7001815 0.8466797
-0.2733482 0.8327133
-1.118593 -0.1582704
1.982261 0.1516825
2.689556 0.3534671
1.642456 2.710821
0.4517478 2.321412
0.2512546 0.7359887
1.312872 1.650193
1.102628 0.4605424
0.005108807 2.539625
-0.1948592 1.832548
1.871509 0.8396049
1.953215 1.277818
2.489157 0.127224
-0.8132952 1.48783
1.068464 1.013538
1.782011 0.5605768
-0.2532928 0.209699
-1.112727 2.05546
2.230964 1.188693
2.854333 0.8287691
1.150166 1.599884
-0.5045412 0.8180829
0.01293749 0.09091141
1.637865 -0.1177887
1.310339 1.703012
1.404896 0.06561289
0.8894937 1.127448
-0.8412427 0.9498877
2.249138 -0.4099587
1.55405 -0.9646895
2.394242 2.835181
0.8019259 1.93182
1.525654 0.5054632
2.093815 -0.3147158
1.676849 2.335724
-0.7713449 0.360738
3.305315 0.9806475
0.9571752 -0.01020708
1.035375 0.769981
3.683365 0.4862238
2.807626 -0.02585619
-0.5093145 1.065876
0.4745084 -1.044023
-0.2172601 1.033142
1.100633 0.5111217
0.1856225 0.8536689
0.1852946 2.269923
0.4328197 1.466239
0.3881727 0.8500003
1.095765 2.566829
-0.3494083 -0.2434202
0.3030181 1.436873
1.145186 0.1977204
0.7736482 -0.8140473
-0.5420965 -0.8741319
1.890798 -0.4148813
-0.4046805 1.712548
0.8481555 0.7216018
0.4055976 1.471426
0.9639642 0.7076049
1.854043 1.53791
2.190715 2.491711
2.050878 2.092178
1.328124 1.035291
0.7540163 1.420799
1.124716 1.07725
1.186768 0.2044465
0.4029033 1.558814
1.212651 -0.7564181
0.9123774 0.7329354
2.011243 -1.066262
1.82971 1.795315
1.338378 0.8637649
1.798713 1.169817
2.049987 2.050287
1.357958 1.802798
1.277382 -0.1698173
2.417015 -0.2068393
0.6051638 0.02588185
0.9046376 1.89823
2.172782 0.5042063
-0.5614936 2.116245
1.175115 2.918057
1.586061 0.5936614
1.505059 0.2575385
0.2366884 -0.558649
1.290117 1.309415
2.007076 0.8987296
1.62153 0.891094
2.865118 1.273625
1.764527 -0.2666576
2.458145 0.9360352
-0.9417177 1.401437
-0.34484 2.521575
0.763889 1.595207
1.978531 1.060716
1.25604 0.2762399
0.6015076 -0.6426684
0.4916662 1.75354
-1.089506 0.6034059
3.00529 -0.8951457
-0.2428258 0.8499528
0.2535172 -0.4175638
2.028828 1.75058
2.686976 1.575315
1.568649 1.970792
0.9296624 1.296352
2.675845 1.242283
-0.1609963 -0.1524581
2.298376 0.7116917
1.190685 0.567892
2.226822 0.5149164
0.8111583 0.9954602
2.940612 0.985881
1.733724 0.9442241
-0.05891473 2.09759
2.486588 1.227636
0.01608001 1.828626
1.080141 2.028352
0.8597134 -0.0405894
-0.9919662 2.679432
1.75114 2.00245
2.096805 1.619669
1.300349 0.8274708
0.07482991 1.626999
-1.768563 0.1483991
1.452353 0.9254089
0.5376334 0.98157
1.856687 1.593154
1.562764 -1.264753
2.223532 2.038579
0.502385 0.6324825
0.07212671 0.3336993
1.357963 -0.3269563
0.9162805 1.622351
1.513147 0.9986555
0.8200599 1.197377
2.087176 0.4038837
1.619122 0.474355
0.9811867 1.616001
0.9262121 1.149656
0.2354563 0.7844938
2.145039 1.268722
1.295874 0.7935606
1.186459 -1.551348
0.6149411 -0.03341592
