2.34071 1.991049
-1.753297 0.6011291
1.341521 1.39084
0.6386545 2.053535
3.107016 1.89096
0.5388757 1.241196
0.1579003 -0.2470595
0.8453663 0.3159077
0.4916363 -0.6138981
0.4070168 1.606118
1.535717 0.5523893
0.892177 2.501512
-0.5767318 3.045264
1.597937 -0.2794774
1.748439 0.8848089
1.281019 1.207238
-0.1128215 2.743352
1.270916 1.003668
1.689226 1.798196
1.272073 0.3320232
-0.01009009 0.06086207
1.057562 0.9951459
-0.496109 1.319362
2.568496 1.345056
1.941207 2.445627
0.9732589 2.178291
0.6792523 0.8910803
1.945209 1.514787
-1.005478 1.536997
0.6030148 1.040909
1.002974 0.7043537
1.776698 0.5281978
3.128299 1.344979
1.116878 0.0484312
1.751081 0.183909
0.5450718 1.587645
3.007771 0.2059045
2.134549 0.7440843
0.06638722 2.246749
0.496454 0.36941
0.9396446 2.020065
0.7314971 2.108242
0.3766096 1.818651
1.567268 0.2496622
0.8116854 2.325339
1.551053 0.9624862
1.331625 -0.3480146
-0.9523378 1.750931
1.351313 2.333774
0.7510833 0.9432839
0.9704365 1.561779
2.144917 0.9408974
2.543733 2.444694
2.759738 1.730424
1.654883 0.7872409
2.524522 0.993333
0.9803403 1.07871
0.2730903 -0.1621887
1.179255 0.70359
1.294875 0.313314
1.108424 1.939855
1.781088 1.871598
2.096397 0.647662
2.158936 2.019903
0.6415337 1.090228
2.403207 1.231791
1.958654 0.341867
-0.6473111 1.704739
0.4460352 0.6305497
0.8054318 -0.186552
-0.6615205 0.8542489
0.1203733 1.097367
2.725642 0.8357962
2.573863 0.08525683
1.255773 1.873501
0.04220383 -0.699419
0.6532828 0.692731
0.9483601 2.017039
-0.6445933 -0.2075076
-0.2120897 3.0483
1.94982 -0.8243128
2.555123 0.5393582
1.841 3.222868
2.297334 1.253476
0.9621407 1.0332
0.3799729 -0.8304125
-0.09658725 2.097276
0.09064518 2.172667
1.328685 3.174684
0.01012328 0.7522118
2.531156 1.870732
1.696305 2.033392
1.085831 1.4645
3.736612 -0.007504159
-0.1991178 2.048712
1.063394 0.6799429
0.7189727 -0.5527399
0.2193661 1.703146
1.315277 1.258455
-0.681781 2.237815
1.676574 1.237347
1.058118 2.051112
0.4286839 0.6634855
1.986035 -0.1160109
0.02896985 1.467583
1.347829 -0.4168663
1.956271 1.844834
2.441915 2.17169
2.143076 0.6440704
1.05971 1.621912
0.4255589 0.5159219
0.9368708 -0.07940346
1.489543 -0.6195809
0.9264854 0.5730293
1.03867 -0.571897
1.45153 -0.1106926
0.5507891 1.403165
1.950841 0.693221
-0.3674567 2.137456
-0.7772904 2.596515
1.977749 2.117248
2.170969 0.8446227
1.625602 0.1752264
-1.090827 1.55619
1.699517 2.028109
0.5658091 2.993415
1.75294 0.0785067
1.225209 0.5700384
1.468283 0.6527856
-0.05453597 1.904539
-0.3976141 1.303976
0.01359055 2.272696
1.177126 0.7269219
-0.07889929 0.04864545
0.9036063 3.432374
-0.722877 1.279541
1.663142 0.9879305
3.372766 0.5976459
2.051343 -0.2379321
2.362223 1.886139
1.246339 0.1965251
0.224823 0.8330628
-0.897763 2.264598
0.531972 2.531858
0.2441677 0.08347433
0.3594678 2.554183
1.313417 0.9719496
0.2174944 1.02535
1.57542 0.7217584
1.850803 0.5183549
-0.3073935 1.517405
-0.414493 0.6660271
-0.1108977 1.125117
4.186607 -0.6694317
-0.1777288 -1.54092
-0.9170443 1.500364
0.7070317 0.3716105
1.837911 1.947895
1.129875 0.9457955
-0.9877963 2.007533
1.522534 2.553419
-0.5593169 0.7376183
0.4288464 0.6300588
0.8409094 0.5299434
-0.4169392 0.6791575
1.288942 1.680829
1.481406 -0.4955852
-0.1975146 0.9628405
0.7353787 1.097784
-1.974741 1.700767
-0.001333313 1.751263
1.158244 1.749101
-0.2575966 0.8562149
0.4686233 -0.8104616
1.531931 2.573799
1.932755 0.4716913
1.286308 0.7325884
0.5522735 -0.1707695
1.409909 0.8079779
0.3961771 1.689067
-0.126308 2.423004
1.238829 0.1726118
0.7539956 1.652332
0.1905855 1.595052
1.581894 0.8870319
-0.1043734 0.2534174
1.406967 3.321743
2.49658 1.582101
2.880917 1.568666
0.2170876 2.95128
0.5258497 0.07179913
0.986789 0.4954572
1.60314 0.1293152
0.290399 -0.3851681
1.092713 1.610295
-0.006829064 1.795933
1.373577 0.6681139
0.02120681 0.2732937
-1.389869 1.098008
1.171935 1.334151
