2.052736 1.512307
1.631817 0.855374
1.256495 0.8095746
0.6660643 2.648243
-0.7872975 1.338713
1.793042 -0.05906555
1.302383 2.394037
-0.7709419 2.007287
2.017394 1.8958
2.296551 1.634923
0.7478038 0.6038322
0.614068 -0.02195925
0.7075921 -1.643071
1.39152 1.229868
0.6810613 0.3248198
-0.01373268 1.342538
0.7432009 2.715802
2.839535 1.522736
0.3238122 1.069081
1.834576 1.644445
0.8009486 1.674432
1.160805 0.2697248
0.7566831 1.322991
2.620802 0.7698818
1.519758 0.95868
2.518272 1.331134
0.2498429 0.6776643
2.192151 -1.630876
-0.08898913 0.8276852
0.6062474 1.361903
1.914201 1.657773
-0.5348181 1.419034
0.6806676 0.9973852
0.9601085 0.02788976
3.7732 1.438804
1.342424 1.365983
1.169354 1.908311
1.59634 1.136984
-0.5837047 0.8016792
2.116066 0.8753388
1.786884 0.4342
0.7997881 -0.04451643
1.476845 0.142109
1.048089 1.208165
0.5905865 0.4298111
0.8777848 1.334278
0.2069755 0.9010448
1.485891 2.263196
1.805495 1.531598
1.647741 2.869575
1.354041 1.700038
0.2284038 2.45039
2.276096 0.1048991
0.4414055 1.006462
1.138593 0.9770343
1.149998 1.015768
0.7635886 1.513878
0.5675476 0.179477
2.297276 2.431566
0.7519162 0.5547721
0.4387212 1.840261
1.071201 0.9213593
0.3860143 1.658168
-0.07242637 1.088031
0.5944984 -0.0159944
-0.4988067 1.519349
1.982513 2.0292
1.427846 0.3346898
-0.07490344 1.048346
0.721733 3.923382
0.09216834 0.3012777
-0.5924103 0.1022192
0.6480755 0.9396391
2.019686 1.758588
0.6907319 0.4129971
0.296794 0.1584308
-0.3030929 0.7751103
1.763437 1.37515
0.2104358 0.9248473
1.543476 0.4855173
2.465137 0.3676314
0.8592583 2.097815
0.6701686 0.7399007
1.657216 1.42534
0.9212852 3.013616
0.5942582 1.157473
-0.3328226 1.643743
0.4621805 1.533496
2.144308 2.209794
2.431437 0.07595918
1.752244 1.937952
-0.09294359 -0.2380811
-0.5870042 0.9362303
2.280983 1.635251
1.247796 1.689256
3.23869 0.5928298
0.0179672 2.586644
-0.5465499 2.176989
2.105795 3.278131
1.580109 1.221456
0.2891957 1.661859
-0.09223397 0.4077599
2.034482 0.1526271
1.498618 1.345947
-0.7953314 0.182318
-0.1547688 1.941509
1.021021 0.3826521
1.084022 1.321417
1.075464 1.023315
1.47849 -0.4206572
0.2813424 1.707136
1.186033 0.1983062
1.337671 0.8977361
2.311287 0.4714621
2.172997 2.556493
0.8036363 0.7966074
2.014166 0.4823084
1.245885 1.201865
0.9422645 2.284109
1.53528 0.01949716
-0.4609221 0.6715961
0.6178489 -0.2627201
2.422346 1.846333
-0.5726127 -1.289018
-0.4537593 1.373081
1.117307 3.471453
0.5388597 0.9809874
0.2457121 0.2226826
0.5585865 -0.4376975
2.166599 1.906514
-2.076186 2.272697
0.7637809 0.2765418
0.3776895 -1.105487
-0.3490968 1.977439
-1.020702 0.4598209
0.2684844 -1.937111
1.684218 -0.1966568
3.650054 -0.6629834
0.6098497 -0.3244416
1.098143 1.052873
-0.1353119 1.414566
0.3243717 2.631934
0.972831 0.04987981
0.8211884 0.3142629
0.5928064 0.1731925
0.4369081 1.989961
0.2228834 1.512722
0.9207858 2.015721
-0.01049002 1.157583
2.076203 1.01302
3.884858 0.413016
0.6956223 0.8222645
0.5400697 -0.7222436
1.776485 1.163867
2.117684 1.393602
0.1577065 -0.2882553
1.252959 1.671103
2.199995 0.1059731
-0.4402624 0.1126096
-0.05115144 1.073056
1.542202 0.7626938
0.04811227 2.534458
2.624042 -0.5116163
-0.626709 0.3065353
2.072082 -1.407697
0.8898181 1.218953
0.2488347 1.402658
1.129366 1.449312
1.92932 0.6685177
1.89024 0.6994083
2.563726 0.08296518
0.8021813 2.628367
2.255244 1.179088
0.8473147 1.338758
2.117848 2.173085
0.4339278 -0.7510426
-0.3648599 -0.3463012
0.5511571 2.900748
2.603718 0.8926676
0.5208866 0.4750962
2.554723 0.5334919
-0.1968932 1.201476
1.025117 0.02242549
0.6765044 -1.924765
0.5863493 1.273494
0.9730085 2.295251
0.5450633 1.679795
-0.6132139 -0.9707853
1.220244 3.207947
0.2952797 1.796669
0.7039267 0.05498144
1.529471 0.4685191
0.529922 2.250402
1.142414 2.064647
0.8279285 1.695952
0.2578034 -1.23126
0.05155447 0.4995715
1.313891 1.483639
0.7465428 1.65838
0.8972353 -0.1300183
