-0.2365819 0.1269601
1.411702 0.4666939
1.359555 -0.4176645
1.730127 -0.01168327
2.325526 0.7370381
1.383146 1.12485
1.319058 0.1947702
1.409638 1.694728
0.6116533 0.8263305
3.279604 1.037368
0.6971802 0.8457314
0.8210041 2.104795
2.261296 0.5353492
1.807072 0.8299031
1.255737 2.153478
1.801711 1.534659
0.3870639 0.4615225
0.582632 -0.8679356
1.073029 0.4692649
0.360557 -0.8705769
0.872844 2.003735
0.7026402 -0.1488657
0.9201301 1.560269
-0.4144593 -0.2528203
0.4540371 2.053181
-0.4786209 -0.1329423
-0.1605957 1.010393
-0.02481289 1.006222
-0.258517 -0.2577856
0.4425537 1.015664
2.731191 0.5600506
0.2221209 -0.4596587
1.361759 -0.3250904
0.7437709 2.494255
0.5739047 1.651157
0.7202066 2.844125
1.635272 1.144251
1.348324 1.036956
3.314028 -0.7123613
0.5947778 1.484519
0.3114543 -0.1428939
0.3169746 0.408629
1.778488 2.353442
-0.1764487 3.613061
0.4550041 3.255832
2.219237 1.112471
1.796405 -0.3863385
1.865611 1.168204
1.157141 -1.526327
1.608105 0.150194
0.8285208 1.683363
1.376033 0.4631764
-0.3443078 1.761794
2.081058 0.9104032
1.562973 0.7210881
2.401586 0.9959996
1.122733 0.9988269
1.238233 2.054487
0.9603158 2.070229
2.301551 0.2920977
1.395259 1.127442
1.603095 1.001749
0.3551309 0.1645135
2.825498 0.3705493
1.638584 1.918815
-0.2125428 2.293079
0.4636353 1.457464
1.377866 1.666588
-2.037633 0.3274239
-0.601284 1.389019
2.496345 0.6240707
-0.04715409 1.182601
1.317752 2.231305
1.526721 2.139875
-0.254134 1.585581
0.1061823 1.774352
1.391306 1.758788
0.6043081 0.3039315
-0.2091435 -0.5280769
0.4567023 1.825424
1.390293 1.090385
-0.2084607 -0.5291576
0.4233173 0.305437
1.600548 1.212108
1.794092 0.2127279
1.257459 1.214594
1.131327 1.15394
0.4914146 3.249455
1.04101 0.2299043
0.5980271 -0.9640959
1.167626 1.267074
-1.896312 1.780239
1.808787 -0.2024411
2.543653 1.502218
1.854759 1.025714
-0.2920684 1.505418
2.35682 0.9439397
1.217468 2.319032
1.262158 0.545045
1.338766 -2.036993
0.5016017 1.507006
0.4431607 0.4008601
1.770274 2.593066
0.5019388 -0.1715737
0.3503585 0.8745285
0.6182935 1.671588
1.822429 1.052377
2.009365 2.586327
0.5399727 1.185853
1.750172 0.09745507
2.163639 2.298759
1.014782 -0.09686649
1.62186 0.5998812
2.02739 1.972382
2.210788 2.094744
-0.2116356 1.308321
-0.5349633 -0.3947804
0.6482029 1.541333
2.326519 2.92976
1.00186 2.730349
1.463777 1.711168
0.4399107 0.3303393
0.6898697 0.2455822
-0.4532402 1.636678
-0.7161422 0.3455392
0.4337368 3.319656
2.230748 1.143342
2.476505 0.1391987
0.1024075 0.06219052
1.361942 -0.6655843
0.5803236 -0.3352096
0.5326546 0.6307511
-0.09099507 1.14007
-0.06070377 1.86024
1.195964 -0.05722115
2.700062 1.815954
0.7000077 -0.1166413
0.1127044 2.096206
0.4878388 1.372097
0.1236946 0.7498808
0.4168535 1.305861
-0.3432206 1.201741
0.9912531 1.492212
1.834615 2.576255
2.195161 -0.8680289
0.8277315 1.288073
0.1833972 1.442543
-1.003186 0.953237
-0.04727355 1.468755
1.970823 0.7464026
1.609355 0.1325227
-0.4081325 0.867236
1.340791 1.351074
-0.7979545 1.592776
3.34119 0.3490735
1.99269 1.962755
1.988196 2.074839
0.7014569 0.6359729
2.112446 -0.04148678
-0.6752792 -0.2728899
2.77579 -0.1412308
0.4155686 1.920944
1.13799 0.1130306
-1.933806 0.5854213
0.7770801 1.282807
-0.7164072 -0.1662567
-0.007874812 2.022594
2.172393 -0.6397301
1.30566 1.433728
1.425376 1.732164
1.764806 -0.3028254
0.8630163 0.237072
-0.2796026 3.393393
0.0399698 -0.5671142
2.575604 0.5179944
1.461986 1.741203
2.527092 0.1736797
1.24749 0.7390457
2.463428 2.235029
1.620219 0.6956332
0.6596483 1.858751
2.279324 -0.7419098
0.5137358 1.572547
2.319828 0.7398619
-0.7143936 0.9520139
0.05042916 0.9528123
2.265321 -1.243399
1.599597 2.349632
0.1305723 2.606814
2.342428 2.025147
2.102518 1.037032
0.7720412 1.583487
-0.3574521 2.795585
0.167035 1.576183
3.383392 2.460748
0.6744509 1.267698
-0.3970201 1.652152
2.31803 0.9156829
1.378886 1.362417
0.720012 1.708982
