1.662747 0.5435153
0.04569527 0.4451425
2.75769 0.7484559
1.957758 -0.9520346
0.4506753 0.8712547
-0.9444407 0.9794011
0.391771 0.5942311
1.75792 1.38654
0.1562576 -0.6759091
0.8441019 2.255506
1.665826 2.392682
-1.277925 0.7962788
0.5814382 -0.7947489
0.6206351 1.272789
-0.1674251 0.1961477
0.5980941 1.282857
1.584242 1.164615
-0.6284707 1.05253
1.834594 0.2199551
1.236677 1.031495
0.9572966 -0.7621516
0.9771852 2.978237
0.08022697 3.241967
2.56307 -0.03945141
0.2445274 -0.2494988
1.766209 0.9392932
-2.804453 2.06062
2.075938 0.9877764
0.751018 -0.0008123192
3.205584 0.8149792
1.294178 0.01499144
2.059457 0.8272471
2.352686 1.964357
2.499327 0.623408
0.3489334 -0.2792708
2.543735 2.158834
1.701404 2.936723
2.498034 0.02965573
0.6319794 -0.3824984
-0.7393273 0.04902879
0.1997497 1.11881
1.286114 0.4832068
-0.1105354 0.6779717
0.05906707 -0.07555985
1.924391 0.7154181
1.865909 0.3569177
-0.2567716 0.7673373
0.6227259 -0.5990381
1.298685 2.58674
2.856362 -0.7445752
0.9176015 1.978283
0.2705991 1.299594
0.7236329 1.927248
1.628176 0.8057092
0.03875603 1.702667
0.02951412 0.9762826
0.8980106 0.9016724
0.3007709 2.252776
1.794097 1.974163
-0.06709846 1.981941
1.230028 1.525897
0.1114596 1.709418
1.479895 0.8420211
2.548627 2.444496
0.9963642 0.4708572
0.5652997 -0.0403193
0.6520759 2.118667
1.69621 0.6946179
0.1582329 0.181199
1.973185 -1.000489
0.8723144 1.2631
0.8155835 1.202367
2.044776 0.8348936
2.183485 0.656279
0.2101016 1.315206
0.1155035 0.8591757
-0.8415078 0.5654531
2.831281 1.053866
2.455913 1.171355
1.606283 1.927883
0.7219359 1.200214
2.089393 0.9551624
1.988166 -0.3501541
1.596479 0.9661953
2.082733 -0.02544089
1.803213 0.7311195
1.373887 1.267614
0.9671683 1.089841
1.335168 1.06141
1.03039 0.9397544
1.353476 0.7117315
1.184622 1.133436
-0.1130189 3.445352
1.778989 0.2960505
0.0289497 1.809469
-1.695902 1.084143
0.937538 1.22198
1.088113 0.8459449
0.7567845 2.129369
0.4463523 0.6496863
-0.1147513 2.110546
2.985433 2.239285
1.31284 2.627003
0.3189928 3.202982
-0.6954668 1.01267
1.540171 2.114979
1.774628 2.017838
2.047514 1.442513
1.49694 1.188593
0.8539051 0.9539815
-0.4852908 2.657653
2.084829 0.4765485
0.9331058 0.8101343
1.822877 -0.4790508
-0.03801821 0.9039867
2.962281 1.815161
1.704928 2.010403
0.9229051 1.215013
1.321439 1.308516
2.289393 -0.06931417
0.6575349 1.100324
2.750388 -0.08981351
1.981658 0.984454
0.6048694 0.7943363
-0.06491086 1.104696
1.481552 -0.8550507
2.519509 0.687237
-0.7116862 1.633025
2.194279 2.340789
1.987822 1.12558
0.6706011 1.58774
1.200959 0.377926
0.2907874 0.01781955
-0.0004110565 2.569571
1.801303 0.4531695
1.898617 0.8377536
2.293236 1.293207
0.01264732 0.3394293
-0.2262002 0.9834957
-0.8786128 0.5691964
0.9043409 -0.1215882
2.345007 -0.1067773
1.202081 -0.8951128
1.270316 0.723604
1.380361 2.334969
-0.3797101 2.14959
1.143448 1.257513
1.887867 1.396988
-0.9164352 0.6949706
2.223841 0.3236654
1.138247 3.163675
1.68497 2.1089
0.1814794 0.9355816
0.5621508 0.8680716
0.4410381 1.223646
0.258876 0.6955936
-0.2770637 1.266986
1.950068 1.22796
-0.6140717 -0.1157556
0.137795 -0.5837703
2.468498 -0.2999402
1.419486 0.7089687
0.6282895 0.4660193
1.751955 0.1213321
1.984793 0.7819574
1.798381 2.411792
-0.7418124 2.762374
1.515942 1.698433
0.06010941 1.377879
0.9817444 -0.07498508
0.8316202 1.441267
0.6284935 1.843005
-0.499431 0.2147378
0.09662534 -0.06648888
1.699454 1.954849
0.8847384 -0.2841855
0.07510017 -0.7121794
-0.5926624 0.1190445
-0.4223479 1.449601
2.068528 0.7024077
-0.3695377 1.58606
1.184801 0.9392359
1.13334 0.7874571
1.618906 1.614659
0.1389774 1.69398
2.092194 2.546986
2.901564 1.498224
1.95848 0.3939816
0.0205384 1.110221
-0.327487 0.9887625
0.8342721 0.1956905
0.3369265 0.3582892
0.04601932 0.7288246
-0.04076037 2.248897
0.7005246 0.4731936
1.162245 -0.001521122
-0.1205332 0.5362777
-1.145615 1.538056
1.541449 3.58029
0.8835916 2.073473
