0.3999777 0.5277439
-0.5627724 -0.8792977
3.150836 1.386172
0.5905261 1.217618
1.53572 1.165601
-0.00703328 1.200503
1.029886 0.6809635
1.146094 2.066534
-0.3462752 1.964482
2.253157 2.385912
0.8403298 1.278696
3.178329 1.146294
0.2950805 1.059952
0.5888176 1.575076
-0.8107283 1.129982
1.069282 1.238368
2.98316 0.3162598
0.9771427 0.1919962
2.54412 1.967778
2.572595 2.02506
0.414433 0.9856448
2.259774 0.4512396
-0.5038865 0.9756886
1.91079 0.9743838
1.634079 1.810116
-0.2389861 2.160889
-0.3204261 1.619983
1.220424 1.462845
0.4535227 0.1974138
0.4558448 -0.3430138
1.583261 1.66675
-0.3891178 0.63066
2.601468 2.117816
2.349182 -0.256067
0.3975721 2.974044
0.403791 -0.3936704
1.727813 0.5340321
-0.6598502 1.617535
1.063926 1.704836
1.356711 1.348734
0.5206379 1.122565
0.05265745 -0.1348725
0.5789878 0.6448066
2.845122 3.71254
1.380152 1.142766
-0.04784759 0.6581939
0.5661888 1.222237
2.275405 0.7629113
0.5221334 0.7262692
1.548291 2.274764
-0.9000203 0.6980926
2.171653 1.517661
1.440841 1.590285
0.7684748 0.06581405
1.311353 2.42446
1.392271 0.06221591
1.866698 1.774498
1.768427 0.3352659
0.2413264 2.779823
0.8345737 1.036055
0.2291037 2.662623
0.6323508 1.369534
0.1299713 1.411297
0.4822412 0.6533795
0.8303491 1.232553
0.2510182 2.042937
0.2543553 1.229433
0.2526814 0.8619452
0.238027 0.4767325
2.31167 -0.4320338
3.10681 1.027223
3.349137 0.3838701
1.631041 0.2598481
1.881863 1.033028
0.2137365 0.7783174
-0.6336066 0.4549546
0.3741971 -0.09955317
1.344354 0.2565893
0.04341315 0.416104
2.558179 -1.023505
0.6400792 1.244217
1.058044 0.4867958
0.6460213 1.098553
-0.006924046 -0.9277154
0.2571033 0.8026204
2.543345 -0.08660685
2.085704 1.557428
2.186764 -0.3254678
0.9807701 1.080481
2.502775 0.5247447
1.915613 0.928408
3.519397 -0.02652661
-0.3323286 0.9064517
0.2263972 1.01904
2.591138 0.4802444
-0.5438054 0.958346
0.2968985 2.157629
1.490009 -0.5757375
2.587981 0.1147508
2.495952 1.035295
0.2141912 0.8201944
1.933188 0.03553947
2.544498 1.520631
1.269434 -0.4080404
1.230982 1.593717
2.090065 1.96883
3.046382 0.279605
-1.500116 0.5734082
0.07907281 0.2258918
1.725038 1.588929
1.08741 1.488408
2.06673 1.395436
1.576977 1.358504
2.416913 1.503541
0.6129661 1.460167
0.09868662 2.024398
1.263566 -0.5252571
-0.2841886 1.692476
-0.1712434 0.1550116
0.7396747 1.16681
0.3722286 2.227834
0.8102316 -0.04185609
2.591673 2.376837
1.341024 0.8132311
-0.0458939 -1.256608
2.616556 3.295783
1.054645 0.250812
2.277402 1.250825
1.895726 -0.1301626
3.065494 1.868403
1.489599 -0.1092982
-1.44511 -0.06143022
2.201612 -0.2886168
0.1432372 2.204525
1.65848 1.859909
0.1456218 3.529055
2.555575 1.678264
0.8191115 -0.07996785
1.132423 2.207027
0.5799142 0.9947976
1.483782 -0.4387821
0.3077743 2.323541
1.434954 1.108676
1.446246 -0.04398292
1.973715 -0.01769434
1.49661 -0.6581179
1.108917 1.372515
0.2083139 2.022798
1.721661 0.4360752
1.271282 0.1572632
1.136886 1.591521
0.9151032 -1.202916
1.141328 0.323504
1.934321 1.907447
1.233119 0.3037217
2.419943 1.516376
0.1299817 -1.240845
1.138852 0.04860939
0.2077118 2.118659
2.488771 1.723966
2.202252 1.120221
1.511646 2.195275
-1.111138 -0.3196491
0.5793596 -0.5334194
-0.2025368 1.004723
0.567135 2.281507
0.02798836 0.02248439
0.5161973 1.433154
2.529561 0.5937009
2.116615 4.366761
0.4676526 2.055812
-0.8988471 0.3960238
1.449975 -0.0201219
2.066166 -0.5569955
1.534894 -0.9596132
0.009219626 0.9964581
2.664668 1.309248
0.6362203 2.015137
3.671085 1.111929
1.621242 0.7275165
-0.1367207 0.6536668
0.573216 -0.1063988
2.255343 1.904712
2.128517 1.651364
-0.561821 1.045492
2.31601 0.8576076
1.259465 0.7752267
0.2628237 1.470261
2.008582 1.170268
1.758354 1.712027
1.425025 1.034277
0.4883817 0.5152061
1.830322 1.942262
2.785122 3.150869
0.6282757 1.667347
2.60314 0.374087
1.412009 2.0194
1.372413 2.318122
0.771245 0.1118449
2.041274 -0.9522751
