0.7689072 1.220554
2.60384 -0.3470411
1.834773 0.5144839
0.5676746 2.159586
2.180385 1.45082
2.914998 2.216514
1.012486 0.5136004
0.8777007 2.205743
0.04354509 -0.4958482
0.8857444 0.2234769
1.22511 1.245413
0.3639629 0.9304435
0.05606654 3.239437
3.374701 0.9597625
0.1258852 0.9814368
3.117006 0.5967036
-0.2816523 -0.2482071
1.05787 -1.657194
0.7211112 2.136006
0.1932354 0.7208041
0.3381969 1.933516
1.938662 1.800935
1.419661 0.9633907
1.23439 1.686901
0.660108 -0.06771502
0.4822755 0.8679091
1.016444 0.3990014
1.499054 -0.5739554
2.130903 0.5258077
2.296813 0.610711
-0.9328234 1.108547
-1.233747 2.52109
-0.7706071 1.902755
1.501295 1.795109
-0.4955712 -0.418681
1.218541 1.859643
0.981959 0.1505112
0.7286545 1.564891
1.36329 0.3175868
1.211284 -0.2880116
1.659313 0.7886539
1.985793 0.1877238
2.164934 1.642567
1.451492 1.185682
0.3879173 -0.03062388
2.362142 1.393942
1.860798 1.892348
2.004636 3.022967
1.192655 1.34169
-0.2989133 -0.2732291
-1.256358 0.8074533
1.090229 0.254236
-1.711119 0.244437
1.557663 1.432124
1.777889 0.01351657
1.092669 1.124878
1.132655 0.9937269
-0.449458 -0.2264107
1.475021 1.010276
1.561829 -0.2048758
1.314987 0.6022043
0.8755183 0.7223569
1.943975 0.4602235
0.9938321 -0.4305724
-1.154788 -0.01141835
0.8961549 0.7031241
1.325799 2.696643
1.809617 1.84485
1.341126 -0.2342598
0.297587 -0.1639182
0.2122508 3.084176
0.1549731 1.743737
3.467935 -0.5769621
1.612697 1.448217
1.47815 0.4217826
2.219405 0.2599375
0.5973874 0.16428
2.021787 0.7989826
0.08003379 0.558404
2.467747 0.423663
1.678893 0.80793
2.49997 1.050543
0.1804491 0.1634458
1.133402 1.277667
0.8899169 2.344555
1.145853 1.641014
0.3624324 0.3882889
0.6258577 0.3250386
0.6841147 -1.031197
-0.2967205 -0.7534294
0.8969068 -0.2826163
0.8778732 1.765689
0.1568654 1.122625
0.7685738 2.295862
1.820617 0.9196361
1.564178 1.449389
1.428474 1.544935
1.687575 -0.06710246
0.4895056 1.512802
2.721259 0.4308821
0.5606517 0.6925088
1.465034 0.7635628
2.013819 2.214923
0.9647151 0.2771096
1.514235 1.653965
0.6791832 0.1313477
-0.1903881 0.3369221
0.6332904 0.3057621
1.453116 -0.1013413
-1.74977 1.074152
0.781254 1.522621
1.430833 0.4807131
2.357813 1.733223
1.982446 0.6707829
2.25823 0.3217357
0.6169425 2.008539
0.9696818 0.7338558
0.641224 -0.5942565
1.110931 0.2547408
2.171914 0.8308998
0.8596095 2.434295
0.07734281 1.562276
0.2201252 1.290596
0.913141 0.804411
4.721905 -0.802478
1.333917 0.02735702
3.230746 2.611059
1.566758 1.312029
0.7629134 0.6903348
0.4535377 1.327033
1.855975 0.5533275
-0.4269781 1.631314
2.104522 1.075219
2.536783 0.8945518
0.9295044 2.923169
1.108485 0.421458
0.7191795 -0.06987786
2.057159 1.553656
-0.4469566 0.1250566
-1.049007 3.276827
0.5236865 1.762252
1.49029 3.941971
0.3016638 0.2427501
2.528155 2.687985
0.1158037 0.8819703
1.957236 2.03583
2.245884 1.163273
-0.9512238 0.7366017
0.2656942 0.8547374
-0.3946262 1.134928
1.105485 1.753038
0.03342429 0.6982819
3.406771 0.4319812
-1.092027 0.8259594
-0.2417384 0.3699781
1.789864 0.6413089
-0.1619728 1.620735
1.177842 1.036817
1.322479 0.461087
0.3544139 1.448155
0.8532318 2.543808
2.273833 0.3234217
2.92092 1.339483
1.153228 1.331614
0.8033635 -0.6873685
2.705287 2.823716
0.4201066 0.1503053
1.13198 0.655209
0.7968196 0.7433306
1.963305 1.761982
2.233644 1.364445
1.709845 0.5541774
-0.3151209 0.5631909
1.374485 1.061564
-0.1045497 0.4640565
0.3915795 1.734008
2.122328 1.356488
0.00149744 1.725717
-0.1991989 0.7165805
-0.3360489 0.8931511
0.9736695 1.13362
0.46323 1.220611
2.098894 1.037107
0.8760329 0.4725688
1.576486 1.957322
1.268001 -0.1159335
-0.2509897 -0.04971551
0.7104958 -0.5116652
0.8654703 0.8728783
1.476013 0.3065273
1.74251 1.104298
0.5203857 1.507597
1.448877 0.2835056
0.3588499 -0.350087
1.548309 0.3089452
2.709049 -0.1595481
0.9276922 0.4391328
1.266913 -0.4158087
1.036042 -0.5224151
0.7691748 1.84825
