0.4285031 0.2487551
2.04392 2.401754
1.041095 1.500208
0.892076 -0.470763
0.8537762 0.7976176
1.380902 2.548185
0.3361731 0.8216476
0.946952 1.782914
1.580738 1.60745
1.465342 1.572379
0.8166313 0.04013569
1.419881 1.52828
0.3189214 -0.7397257
-1.121138 0.7917222
-0.5219452 0.09361683
1.33653 1.831144
1.312772 1.540467
0.3205948 0.194395
1.525155 2.324799
2.01343 1.393629
0.8085452 -0.6232129
-0.8141734 0.9383721
0.06193828 -0.3836057
2.977483 1.758982
1.66172 0.5436659
1.035593 0.765844
1.104779 2.546534
-0.6865375 1.318234
-1.64278 1.876233
0.1969563 1.338602
1.502948 2.90285
0.144445 1.613062
1.767214 -0.006233224
1.007025 2.043807
0.5737096 1.675298
-0.402765 -0.02201013
1.335016 1.891156
1.292414 2.105687
0.4294301 0.9233164
1.189802 2.442271
0.4799966 0.9423522
1.754431 0.2730382
0.5943302 -0.1423432
0.7302919 2.220581
1.219776 0.950486
1.373573 0.6310926
-0.2682152 0.7742518
0.8105152 1.362394
0.4985004 -0.3817782
2.570578 2.842189
-0.4921237 -0.7221572
1.279352 0.9251819
1.638801 2.324703
1.992477 1.827776
-0.3427887 0.07932252
2.960882 1.807042
0.4883397 1.991893
3.058008 0.7067883
1.498032 2.349783
-0.6755367 0.8921367
0.08614869 0.5149941
-0.2723892 0.9330089
0.5866512 1.118788
1.799295 1.319727
3.30902 1.03537
0.2894247 -0.2477143
1.505447 1.294061
1.436702 1.131874
0.5847854 -0.4611797
1.593461 1.872301
0.5327169 2.484454
-0.7823996 -0.3043474
2.301746 0.4407992
1.966782 0.4892784
1.581186 0.9651414
1.066143 0.4330538
2.443684 0.7030068
1.958303 0.5622656
3.109168 0.3592508
0.4035282 2.207148
1.406703 0.5938417
0.8128642 0.5091428
2.137015 0.1389898
2.946544 -0.07421571
0.2037702 -0.3163864
0.84748 1.237869
-0.3498028 0.2907977
0.6648044 1.32752
0.896159 1.48921
1.963646 0.7550587
2.9761 0.4675087
-0.5765085 1.823904
1.69377 2.519339
1.3952 -0.2310617
0.7208306 1.53775
0.4663236 0.1072144
-1.034599 0.1328354
1.676255 2.05755
0.439259 0.9750477
1.132419 1.674843
1.010604 0.9206359
0.8793564 2.384493
-0.4155711 1.186716
0.6972752 0.5487831
0.8683627 1.725271
0.7176511 -0.6423674
-0.09320765 3.308551
-0.8848492 1.097498
1.561088 0.6811584
1.657456 1.515132
1.614348 2.216626
1.576539 0.4503842
1.180191 -0.1259332
1.306852 0.5214548
0.04792368 1.563641
0.3842501 1.111005
2.114121 -0.05556761
0.894272 1.1716
0.3749083 0.9454331
1.573135 2.018735
1.485941 -0.5750624
0.4367013 1.203626
1.654288 1.737089
-1.109836 1.115307
0.484923 1.963642
2.965272 -0.1479912
1.34554 0.4699593
0.4716828 0.4040645
1.976108 2.470584
1.388802 2.506354
0.4494514 0.2385803
0.8056401 0.8608553
1.340475 0.7600304
2.239847 1.011622
0.1697339 1.944588
1.421209 -0.01066042
0.7490339 0.5063404
1.889703 0.9972052
0.1709733 2.113282
1.320682 -0.02970811
1.354163 0.6694685
2.145055 0.164224
0.5131132 2.661756
0.2312948 2.305952
2.674097 0.2537118
1.142353 0.1282698
2.206846 -1.383222
1.300939 0.2234106
0.2356802 2.891759
2.552657 -0.3288134
0.9404557 2.270346
1.130206 -0.04152132
0.4745934 2.019178
1.491775 0.3274678
1.73987 1.022185
0.6735006 1.594222
1.005814 0.6200853
-0.2575528 0.2006867
1.071998 0.3088274
1.598177 0.4004204
1.256632 -0.1208307
1.925246 1.768739
0.2519646 1.258285
0.7374232 -0.1318282
1.876919 0.6185886
2.736728 1.236818
1.01481 1.058442
0.6042741 0.7106825
0.6384203 1.674827
0.7539872 1.210636
1.483001 1.603927
1.369417 2.230663
1.209333 1.237643
1.680273 1.136007
-0.9849899 1.878286
2.368296 -0.2607812
1.29909 0.1355352
1.994203 1.969377
0.070108 2.498318
-1.414413 0.2630131
-0.03905167 -0.5300826
-0.3938261 0.7713005
1.359151 1.104001
1.887944 0.4578944
0.9100988 2.82795
-0.60999 0.8699863
0.09211154 -0.1112474
1.331819 0.3426594
0.8096376 0.6416907
-0.5508355 -0.6599727
3.036754 0.8420137
-0.3594722 1.125236
2.169327 0.8090629
1.560166 1.514084
0.2371916 0.641443
0.6694611 1.749789
1.704735 0.5612282
1.496207 1.231061
0.5456102 0.838057
0.3876147 0.5459983
