0.6503765 0.8311962
-0.1368319 1.21203
0.1534869 1.560167
0.9954667 1.305076
0.06352077 0.7139951
1.04391 1.785491
2.412541 1.270882
1.774871 1.97979
-0.141722 -0.04171432
0.7497213 2.062418
0.01068715 2.495293
0.4091514 1.217059
0.6550203 2.264281
0.2593999 -1.06627
1.472392 0.6476295
0.7754283 0.03120718
0.5522022 0.6541134
2.568594 0.95738
0.298196 1.603083
0.496161 0.443284
0.9478097 2.344878
1.74435 2.917441
0.3073434 0.273134
0.9164695 -0.4308026
0.8830454 0.1854348
2.010624 0.7835326
0.7545103 1.607356
-0.2709049 1.242278
1.130168 0.2996154
-0.340706 0.009430595
3.427134 1.653121
0.07182638 -1.012248
1.18257 1.0493
0.5424241 1.235549
0.2265696 1.801624
0.5543925 1.807955
2.948911 -0.3027848
2.514361 1.700543
0.5200183 2.329075
1.24563 0.09815342
1.193524 2.231634
0.6501068 -0.891223
-1.482628 -0.6507282
3.435682 0.1357957
0.4353133 4.193097
1.392025 2.16117
0.3698462 1.069484
1.510766 0.7633932
2.371852 0.3299281
2.265793 -1.188002
2.94669 2.03257
2.551338 0.6911787
2.390038 -1.29407
2.57055 -0.3881685
0.1301671 0.4631851
-0.1537447 2.210086
3.229996 -0.343494
0.8155872 -0.3161793
0.07288412 0.3129958
2.406251 1.038818
1.452382 -0.6550783
1.407499 1.291413
2.147001 3.062
2.784475 1.467326
1.568483 0.4065175
-0.2337455 0.8717008
1.317601 0.7151013
1.595867 2.718188
2.250268 0.8079641
0.1015926 -0.1054158
1.430454 0.7598411
0.7702995 2.159122
0.4791153 0.9560884
3.724864 1.321998
-1.053868 0.7908682
2.767804 1.151912
-0.6412606 1.831624
1.102726 1.671251
0.02201174 1.447621
1.184492 2.481709
1.357649 0.8710205
-1.189854 0.813415
0.8482479 0.1438407
1.245674 1.483922
0.8694165 0.5206988
0.8465256 -0.35319
0.4269332 1.683386
-0.2742815 2.616791
0.8126616 2.401564
1.039393 1.438613
3.22921 1.418542
0.8722921 0.3025977
1.58319 1.191568
0.1085193 1.187287
1.223928 2.094676
2.026127 1.680297
2.09051 0.7085228
1.211975 -0.4905679
1.388358 1.283366
0.7647013 1.700029
2.300976 1.008027
0.1449771 0.9261246
0.5630582 1.602153
1.00289 1.878678
0.4172616 1.133095
-0.4759699 0.006930173
-0.1465047 2.026822
0.6049753 1.862894
0.02758858 0.5744186
3.276038 0.366987
-0.4776368 0.6223689
0.7238726 0.5356897
0.9481687 1.751684
-0.5521163 0.258713
2.383931 1.955135
0.7465427 2.500674
0.1485695 0.9278597
0.4674034 0.4711363
-0.2028197 0.4070419
0.8946221 1.143223
0.3261936 1.96925
1.437331 0.7635601
0.5433548 1.301688
0.7811293 -0.04980294
2.416316 -0.004037161
1.333495 -0.4075596
0.818569 1.804851
0.1125901 0.8334266
0.1121152 2.513057
1.45423 0.6334714
1.125958 -0.5329976
0.4546956 1.532941
1.23623 1.895494
1.428365 1.929497
1.889438 0.3337827
0.4503007 0.8362716
1.595177 1.467557
2.507869 1.449982
1.252054 1.203479
2.264336 0.7287767
0.4633445 1.426816
0.8326658 2.037664
0.3406001 2.473453
-0.1022644 1.187627
2.09409 0.02156969
3.640804 1.279452
-0.1704916 1.765069
1.077448 -0.236591
-0.4564046 0.2976238
0.798486 0.9075204
2.648939 2.291236
1.003928 2.234692
0.8951517 2.256455
0.5648904 0.4412196
2.063975 0.09980941
1.3864 0.8660683
-0.02024983 0.146607
1.892281 2.238021
0.0947747 0.4475328
1.469844 -0.5070728
-0.1040601 0.9641616
0.06416859 1.607879
1.879027 1.605185
0.6491606 1.239961
-0.5885999 1.310067
1.883274 1.172414
-0.336881 1.431781
0.8923318 1.0636
1.920798 -0.7252383
1.761404 -1.407191
1.503512 -0.2365407
0.3612345 2.356525
0.3594689 -0.1710688
-0.3340685 -0.3065569
2.617545 1.1694
-0.00467985 0.3960581
0.7313577 2.015759
0.2379863 1.352501
1.491243 2.822042
1.0565 0.763852
-1.316165 0.9235574
-0.6230524 0.1265009
-0.5180583 1.157431
0.9732727 -1.107988
1.647833 1.599667
1.391204 0.5919934
2.379164 1.128733
0.9874323 1.642776
1.628225 0.4209482
1.360979 2.099917
1.702112 -0.4289959
2.238326 -0.6896916
1.586922 1.444904
0.7708326 -1.232639
1.216013 0.2831352
0.7600214 2.606997
1.777967 2.506778
1.994787 1.099544
0.6974131 1.076899
0.2901287 0.782919
