2.125159 0.3811956
1.781495 0.9668293
0.8475941 0.3439953
-1.226375 0.3621332
2.211193 1.485334
1.018494 0.1830001
2.026371 -0.4541894
1.068314 2.618001
1.607832 0.4161579
0.8998811 1.20877
3.347694 -0.07255796
1.092265 1.264596
2.130526 1.221898
2.053476 0.1732189
0.9483874 1.058858
1.52914 1.317568
1.125345 0.4101872
2.215999 0.5118031
0.8365079 1.38659
1.261023 -0.8654341
3.639824 1.287904
2.37496 2.338601
-0.5517063 0.2595257
0.6372397 -0.3423692
2.079064 1.705819
0.8418334 2.073906
0.9980206 3.11353
2.136404 2.058692
1.023958 2.269872
0.9129259 2.276031
-0.2250281 1.429522
1.284186 1.820152
1.122921 1.30435
0.6488539 1.911593
0.3991856 0.2695736
1.499171 -1.163102
0.4528013 -0.7254491
3.048618 0.9288769
1.392085 1.551454
-0.686921 -0.3859453
2.202686 2.504217
1.864991 1.354362
1.190151 0.5253598
1.754337 1.187233
0.7429901 1.767285
1.16965 -0.08066212
0.4022404 3.070049
0.488008 0.9131801
0.2744775 1.986899
0.1829964 -0.512221
-0.2237925 0.8484369
2.051267 0.4028786
-1.015581 0.7071958
2.534211 0.2949567
-0.4794311 0.6440091
0.6598325 1.868362
1.749987 0.5574872
-0.6400427 1.885736
1.972109 1.28407
1.247376 1.665664
2.519386 1.011438
1.970245 0.3510228
-0.4272444 0.1943116
0.3633815 0.6735111
0.9590941 1.846179
0.09666526 1.212361
0.8939582 0.02406675
-0.1995569 1.930426
1.045939 -1.061924
1.759685 1.223018
-0.2869253 0.573779
0.8338468 0.8427969
0.9330367 1.195791
2.783691 2.842074
0.3478461 1.725929
-0.4324817 0.1731856
-0.353419 1.150411
1.819258 1.006974
1.013405 0.7181405
1.228005 3.261957
0.4525278 0.7299057
1.442596 2.877964
0.3968655 1.287812
1.369225 1.842378
1.576501 0.7644232
2.747237 0.4684328
1.420747 0.3898505
1.147971 0.9143516
1.298166 0.7688637
0.6852281 2.394612
0.7600264 -0.07185975
3.49806 0.2370472
-0.3099528 1.628609
0.9454224 0.05375021
1.66488 1.611813
0.9673809 1.889497
1.215869 0.03528556
1.231873 0.8807191
-0.7440382 1.360848
-0.4682547 2.313962
2.554536 0.892269
0.168641 2.429022
1.571609 -0.03005032
0.227842 1.541617
-0.4157947 1.151191
1.813654 0.07491284
0.8597334 1.218271
-0.426378 0.009192534
-1.782643 2.247952
1.013778 1.536722
1.687618 1.194313
2.419158 1.178573
1.479289 -0.76505
0.9969316 1.280853
0.8649256 0.3453391
3.071859 0.0786748
2.038377 0.6846187
2.817936 2.26186
1.039803 1.825815
0.3733212 1.702479
1.610641 -0.1439244
0.6325912 0.9865547
1.186674 0.06718928
0.7892169 1.226135
1.828107 1.266131
-0.1411784 1.199156
1.885423 -0.6588379
0.4968063 -0.2494923
1.847097 -0.7100221
0.9041074 1.361359
0.3726879 2.390314
0.5022205 0.7809587
2.176038 1.197172
1.36286 0.6501507
0.9535379 0.9239949
0.0682702 0.5998475
0.3179345 0.9664353
2.179274 0.796484
1.262547 2.388245
1.512578 2.464067
1.051446 1.234778
0.331742 2.142771
1.601014 2.113785
0.8073387 1.409365
2.254205 0.6560966
1.353892 3.590046
1.389086 3.171762
0.7610611 0.58901
2.00222 0.2033687
-0.6679825 0.7859602
0.1927185 3.287045
-0.9601221 -0.3374411
3.742889 0.3474324
1.493082 1.734044
2.243373 1.068973
0.5597895 0.8063031
1.529741 -1.800477
1.287321 1.555821
0.2272027 1.464089
0.6142207 1.616046
-0.8453421 1.437552
-0.3737396 -0.3531955
0.4169147 -0.2357174
2.541216 1.361608
0.5729976 2.953043
0.680636 1.226706
0.611286 2.61139
1.544599 1.573726
0.1864333 1.392554
2.739271 -0.3706432
0.8051288 1.130921
1.332595 -0.8101423
-0.07573518 0.2748735
2.699127 0.8084911
1.386018 0.3589211
1.022238 2.916546
-0.3645667 1.140272
0.0113438 1.894899
2.275623 -0.121065
0.7253396 0.9045922
-0.7489412 1.103282
1.336817 1.903928
1.476325 1.741414
0.4794857 -0.05858307
-1.487162 1.056229
0.6738207 2.18162
0.7329301 0.6117264
2.737819 2.773254
1.625652 1.67604
2.735932 -0.1138221
1.105514 -0.5703045
2.433286 3.001026
2.550934 1.130761
-1.560346 1.260822
1.446594 1.941502
1.626298 0.9208749
0.289919 1.059282
0.2111383 0.1400601
-0.4661318 1.427067
1.977832 1.213887
