1.481171 0.4603079
0.4070027 0.2031886
1.749039 0.7213873
2.021031 1.657781
-0.6953483 0.652287
0.2307618 1.545767
1.480786 1.130818
-0.4634547 1.050162
1.431835 -0.9487518
0.4766747 1.530261
0.962363 0.9182874
0.2410299 0.2922322
2.506078 0.06212517
1.306512 0.5447285
2.683624 0.372717
0.5259187 0.969221
0.6764516 0.2320646
2.073194 1.082489
0.641592 0.5640516
1.507364 0.2449463
-1.006294 1.565184
1.388268 0.512932
1.059282 1.85734
1.123978 2.439201
2.98501 1.926328
2.188562 2.749028
2.11494 1.285274
2.281118 0.05471768
0.2169795 -0.6378933
2.424187 0.6965538
2.75804 3.039862
0.7096542 1.349363
1.805205 0.08983497
0.158336 0.8814065
0.6286667 0.09585995
2.380252 0.473733
0.1766146 0.4276552
3.69893 2.164507
2.965259 0.7211238
3.08251 3.196665
-1.401615 0.1051689
0.8870382 3.900098
2.092439 1.783584
0.606185 1.823064
0.107545 2.191473
-0.4511648 0.8221281
-0.6333496 2.161837
0.4192519 -0.2553955
1.656392 0.324173
-0.2186938 0.4184578
3.188103 1.040038
1.389962 1.334597
2.970508 1.382267
1.162237 2.620138
1.68087 1.403193
0.8061183 1.102217
1.286885 1.763735
0.8268305 -1.079823
0.2024337 2.804835
2.087513 0.2343669
1.557267 0.21631
0.4448674 -0.09206595
1.791604 2.269841
-0.4218267 0.9767782
1.110593 2.689031
0.4945439 1.086313
0.6147238 -0.2085757
1.794548 1.79077
1.679416 1.473324
0.1065047 0.7891737
0.8533315 1.739888
1.293955 0.8128127
1.542843 0.9027094
1.53615 -0.1137032
0.949327 0.4285331
-0.05927903 1.41953
2.323728 -0.9699007
0.1425777 1.738747
-0.5088062 2.83627
0.09999082 0.2328458
3.131984 -0.4173887
0.408031 1.401399
1.48546 0.5373206
0.7453712 0.5992991
0.2244165 1.078816
-1.17177 -1.029328
1.181487 -0.3365573
1.291121 -0.3305566
1.672226 2.914354
1.465749 1.453278
-0.2414957 0.9772714
1.04683 2.375782
-0.1810709 1.727104
-0.2242948 0.9393799
0.9396334 -0.2748115
0.6222854 1.587091
1.850138 1.783657
-0.3859227 1.257796
3.103498 0.4736472
-0.09204253 0.5190351
0.7395635 0.8411471
3.785814 0.8613991
-0.291569 0.9382081
0.5329765 0.115104
2.023843 0.7439218
2.290788 -0.8470267
0.8630722 2.438828
1.240539 2.076541
2.152113 0.3292501
1.874986 -0.04816974
-0.3525248 1.452153
0.4140901 1.071695
-0.0885247 1.069079
2.694789 0.7514313
2.718309 1.371951
0.7208254 -0.09635053
-0.5031725 0.2173215
1.303846 0.7591633
0.1459008 0.3017432
2.583757 1.458416
2.041416 1.406987
-0.5697038 3.175907
0.8368426 1.287698
1.957625 1.004685
0.7080803 0.1212756
1.711825 2.319702
1.42581 2.309532
-0.6116454 0.9154722
-0.09816888 0.7929871
0.2712713 -0.8697702
0.4990038 2.350597
1.541701 1.019819
1.910271 2.019233
-0.4723096 2.029885
1.106643 2.31432
1.891173 2.99287
-0.2052453 -0.1219933
1.143817 2.658269
0.6845058 1.455235
1.328171 4.020127
0.8505334 1.454965
-0.4637009 1.532239
1.49614 0.3987015
0.1376649 2.635521
1.010386 0.97775
0.9339066 0.536741
0.3876356 1.985985
0.1370803 -0.907115
2.027981 0.9952424
1.611458 1.796897
0.04927054 -0.2448714
-0.1688705 0.9982241
0.3441538 2.836753
0.1848596 0.2939688
0.6091126 0.5629349
0.3035885 0.6820585
0.2713381 0.6535744
-0.3620575 2.529956
1.708879 0.04431814
1.207915 0.6226849
0.8720108 -0.04342787
-0.4955531 1.21128
-0.2671387 2.627042
1.195221 -0.3496745
1.513825 -1.390695
1.392746 1.342399
-0.7673527 2.222171
-0.4196195 2.342925
0.6616524 -0.5420084
-0.115433 2.172443
1.564742 1.592979
-0.1468219 1.091002
3.681793 2.188133
1.48751 0.4637202
-0.06650189 2.108124
1.291444 1.869799
0.04258012 0.8135151
0.8560639 0.4051089
-0.3261677 1.899334
0.3019713 0.8394134
0.2052038 2.03314
1.642756 0.7037695
1.058564 2.210102
0.3267377 2.158646
1.374765 1.957045
0.8673228 2.157749
0.9858272 0.3711983
1.457654 0.8129461
0.9229367 -0.642379
1.084497 1.389351
0.6566379 2.165075
1.306492 0.3659353
1.3146 1.493887
0.1532663 1.252273
0.9873584 0.3575715
1.132946 -0.6473269
0.4832949 -0.8505988
3.487899 2.232378
0.9507783 0.1801605
1.515341 1.993844
