0.07327011 0.1419822
3.142356 -0.1418187
0.5998411 0.1467452
0.9497458 0.07808537
0.07383626 1.061786
0.8684423 0.3599378
0.056528 2.172882
0.5734357 4.01492
1.36006 0.722901
0.8008896 1.350727
0.236644 0.5531867
2.827348 2.845093
1.201979 1.714519
2.78064 1.379994
0.2061589 1.503772
1.943072 1.748131
2.685089 1.51602
1.309628 -0.04269463
1.247868 1.297645
3.349845 1.343516
2.28832 1.946706
2.490211 2.149765
-0.1134012 1.751426
0.2429358 0.5809614
2.372568 2.614211
2.564686 -1.63265
1.856287 0.5253785
0.9566867 1.326742
0.5399817 2.332692
1.490861 1.790118
1.053818 1.806568
0.8171038 2.027704
0.01050017 0.3074427
1.44234 0.1909148
0.7355007 0.7439646
-0.3939139 0.8425264
0.8766002 0.04461427
0.2458164 0.1761908
0.9016576 1.818462
2.328118 2.235029
-0.02464936 -0.853407
2.080699 -0.643586
1.38082 0.8512159
-0.0278355 0.565249
1.846297 -0.3149978
1.406655 2.08888
0.2948101 1.434998
1.1426 2.831014
0.9197766 1.946054
1.05541 2.684209
1.001319 4.477467
-0.0937588 1.438208
0.9483854 1.454212
2.208849 2.262794
0.7601473 0.813364
0.5377543 1.023233
2.2187 1.615748
-0.1914302 2.232068
0.9310777 2.340052
0.07990869 1.234327
-0.1400661 1.150747
1.515028 0.6820186
0.2047762 0.5691387
0.5265974 -1.655877
0.5039148 0.2095976
0.9948593 -0.3622421
2.835117 0.2470957
-0.3615479 0.5724876
0.4555051 0.1924999
3.537067 -0.08618452
-0.08186228 0.4214852
2.552457 0.2658382
1.163096 1.184807
2.061935 3.284997
0.7095293 2.366537
-0.2034485 0.8186305
1.273307 -0.3303389
1.898527 -0.2126226
1.640392 0.39393
0.3599062 1.313756
0.05548424 1.382968
1.24058 1.139805
1.63333 0.2144847
0.763585 0.5750991
0.1668377 1.488264
1.011716 1.146906
1.382322 -0.4768818
0.6096492 -0.0794295
1.195876 0.1519479
2.334694 0.5134201
0.4624465 0.4182718
1.510988 1.697637
-0.3386476 1.656415
1.499888 1.275638
1.010159 1.268899
-0.2714184 1.807049
-0.01159988 0.5251074
1.231996 0.001194205
0.6365345 0.9829143
-0.9006977 -0.06298502
1.225636 0.7560933
0.09786936 0.6281465
0.7574026 1.908566
1.357583 0.9619248
0.1657282 0.4954064
1.471882 1.151783
1.296421 -0.09776646
2.300311 1.200857
0.2767962 0.6952954
1.424034 0.9411001
1.601042 1.266119
1.737284 0.5302595
2.670856 -1.166962
1.048632 0.8040248
0.1226271 2.295005
2.366937 2.334479
1.32767 -0.4082716
1.85062 1.244199
1.567414 0.7363941
1.51323 -0.7177324
1.524002 0.4346548
2.201636 1.081179
-0.4129496 0.5259734
0.128872 2.101534
-0.04792782 2.31394
0.9526407 -0.9090842
-0.3305331 1.385905
0.1621595 1.743492
1.288589 0.9513367
0.884395 1.715977
-1.146414 1.941292
2.200291 0.9422361
0.1893205 0.6139507
-0.5811372 1.140275
2.33142 2.121278
-0.6565444 0.4904907
0.3218916 0.8526115
1.468172 -0.2246838
0.07886178 -0.05603286
-1.119078 1.800546
0.5201585 1.225473
1.310119 -1.603517
2.269903 0.7516219
2.797611 -0.8448738
1.225961 0.03124448
1.60728 -1.501136
3.170637 0.6840717
0.9387033 -0.141561
0.3896379 1.560957
0.5907502 1.150677
-0.6467081 1.722296
-0.0783197 2.834932
2.868762 1.816197
0.8729074 0.885715
1.239529 2.752343
1.382049 0.2890081
0.9267922 1.487701
0.09260723 0.9196808
0.7012217 0.03968833
-0.337124 0.2195178
0.4106168 0.5421423
0.3025527 1.341141
0.2187924 2.327948
-0.4594235 0.9450716
1.882673 2.270568
-0.7191685 1.390286
1.50343 1.489015
1.219481 1.128878
0.6960518 0.8020569
1.428876 -0.5686168
0.8803078 -0.05877924
3.029382 -0.3259247
0.5423146 0.3744948
0.9636164 0.5288425
0.4112621 3.499549
-0.4385994 1.777256
0.03112862 0.6828839
-0.9075769 2.808772
1.980859 0.7149342
2.450324 1.375587
0.8862463 0.7728682
0.2511294 0.9242359
1.332406 1.996997
-0.4324635 1.944788
1.499261 0.8358489
1.987649 0.3606743
2.749537 1.332527
0.5873644 1.961726
0.8327005 2.166197
2.203506 1.052163
2.090918 2.079263
0.9429576 1.023529
1.29092 2.009434
2.108468 0.2342825
-1.68643 -0.1232279
2.0143 0.3580647
0.9890402 0.6517971
2.132967 2.069545
1.028539 1.52329
-0.3913636 2.188686
