0.7743359 1.013367
0.8424528 1.999602
0.6457221 0.7447079
2.459978 0.2228162
1.395766 0.8571688
1.165961 -0.4425582
0.7161942 1.335667
-0.5969843 1.319054
0.5039791 0.9628216
-0.7123446 3.010017
0.7451041 1.928128
0.402935 1.371769
0.6237159 1.379215
0.6552013 0.8052072
2.488195 1.252522
1.857129 1.333039
1.210501 0.2515513
2.011515 0.72019
1.297408 -0.8669026
0.5167047 0.2061757
1.780931 1.50066
2.022165 1.491106
0.1031793 0.8369423
1.107218 0.7144071
1.065432 1.997935
2.536631 2.701687
1.151993 0.5927244
1.706967 0.7183775
2.082876 0.6575919
1.050561 0.5448509
2.602971 1.498081
1.761216 -0.195859
-0.4472911 1.200841
1.360164 1.971084
2.975619 1.194174
1.305429 2.758182
0.3701807 0.593507
2.111267 1.808023
0.1145587 2.003965
2.455529 0.1871218
0.7197708 4.169484
1.269153 0.4991763
0.4861007 0.8450325
-0.8859746 1.969001
-0.3930526 1.760152
-0.02837042 1.123986
1.09698 -0.07264374
1.639253 -0.466823
0.8265211 0.7324657
0.528599 1.906805
0.3345289 2.161219
1.266517 0.6639222
0.6850031 -0.2032532
0.4572262 0.9684879
0.003688978 0.1162662
1.267407 -0.2673268
1.587445 1.507202
0.2686955 0.5841171
1.716832 1.775752
0.2478654 0.7937005
0.4533413 -0.2369939
0.5388893 1.034601
-0.4622466 0.6743792
2.255185 0.3796158
0.8720157 0.8965373
1.849989 1.082731
-0.5547427 1.914015
1.80557 2.866682
1.792122 3.465814
-0.9575823 0.3206807
2.367634 0.4907941
1.809556 1.528834
1.216306 1.61122
1.977954 1.348881
0.4866412 0.2008758
1.452429 1.39022
1.584702 0.3137581
0.7070726 1.517589
4.238521 0.2388449
-0.6628282 0.06807113
1.300361 3.04
0.2771976 2.459553
1.915292 0.8656406
2.914638 -0.7335596
0.436889 0.6562299
1.662853 -0.6642887
1.07469 1.327174
0.03172779 1.703714
1.769712 0.1827485
-0.7736441 0.8716653
-0.2556557 0.8198616
-0.3922919 1.002734
0.6299342 1.258249
2.467242 2.607991
0.852039 1.164944
2.830416 0.6590192
2.184813 0.9909979
0.5390289 0.3013804
-0.5672798 1.800671
0.3315936 0.1943034
0.1819368 -0.1142385
0.7753576 -0.3669968
0.1787295 1.71579
1.586107 0.04327237
0.3209074 0.4788804
-0.7961467 1.966323
1.345668 1.360975
-0.01394588 0.1951347
0.9500434 1.862945
1.925334 0.3588323
-1.188445 0.0118033
0.9202244 1.693815
0.9452218 1.030878
-1.214749 0.6942106
-0.6369391 2.77001
1.782308 1.706975
1.133908 0.09659785
-0.1303918 1.378957
-0.1647853 1.11234
1.875318 0.7486803
0.6266562 0.6133364
1.076524 2.282787
0.9325436 1.452123
0.8190453 0.4321276
1.720901 0.522702
0.7012538 0.5295018
1.493642 -0.6511044
1.304424 -0.414044
1.141695 1.460269
2.315169 2.198341
0.653774 1.212183
3.472443 1.57718
1.351241 2.790534
2.619975 -0.4796711
0.5352715 -0.2546718
1.503174 1.621065
0.3166485 0.5761903
0.8519072 2.236413
1.156987 1.263756
0.2240567 3.262673
1.998964 0.08673795
0.2914163 1.628138
0.813869 1.136772
2.949269 0.9671886
1.588028 2.861274
-0.837508 -1.358978
1.626534 0.8927384
1.228598 2.239239
-0.5245337 2.386692
-0.5249603 0.9192314
1.038907 1.122399
1.949343 0.3977213
-0.4698809 -0.7168257
0.2771115 3.180189
1.284171 0.531604
0.4616162 0.265856
1.212651 1.458166
-0.5216593 2.659728
-0.4566485 1.982884
0.5051183 0.1886586
0.2388941 2.423843
1.301549 2.248232
0.2569241 1.604625
0.07353784 0.6276763
1.551272 0.2035343
0.3613322 1.199241
1.962975 0.738923
2.071504 2.045437
-0.06881591 -0.07883663
0.9343537 1.441843
1.176049 1.199207
2.375427 2.278808
1.286354 1.328409
0.354574 0.7881911
1.181381 -0.05652542
1.245962 2.118465
-1.481467 -0.1630604
1.702944 1.495109
1.435519 0.605587
0.1611333 1.332546
1.245475 0.0768937
1.075012 2.937431
3.087548 1.269969
1.33147 1.328355
1.128811 0.4067771
1.567584 2.024214
1.387171 -0.963281
0.6370781 -0.4557183
1.363468 0.02850951
1.180239 1.311197
0.4333936 2.439573
0.46519 0.7113829
-0.7440602 0.3744557
2.262192 1.808557
0.1821494 1.411953
-0.9714783 1.623322
0.3070275 0.1331954
2.100644 0.3308042
1.713972 -0.223347
-0.1250224 -0.2466055
