-1.013477 1.988457
1.117127 3.174867
1.357842 0.3724167
0.3526351 1.809425
0.01993034 0.9613499
-0.1845802 0.5502142
2.627738 2.375529
0.124054 -0.2091125
0.627236 1.301072
3.098196 0.08671645
-0.3862692 -0.8394015
0.9153085 1.864413
-2.226512 0.4242172
1.187419 0.08055197
0.6556901 0.2194056
2.086896 1.724542
1.109407 0.6193803
1.464526 2.253304
2.049113 -0.7177544
2.174887 0.7831885
0.3999138 0.7860582
0.08822137 0.02324456
-0.2341169 -0.5351052
2.652792 2.117028
1.076651 1.307401
-0.06621122 0.7610942
1.115507 1.260758
0.2892899 0.4571921
-0.02424033 1.770409
1.243133 -0.3038891
2.677797 0.801459
0.6927723 1.272479
1.03122 2.768129
0.5886857 -0.3823617
1.182045 1.893135
0.8562372 1.501121
0.715319 -0.1840257
-0.2192889 0.5204111
-0.02482056 0.4043959
1.300822 1.072314
1.341515 2.02558
1.30917 0.6273388
0.3306733 1.512179
2.831171 0.5000215
0.6605751 0.6559039
0.2414181 0.9524082
2.183768 3.087077
-0.6458008 2.868667
0.7322719 2.241818
0.5936013 0.15556
1.036633 1.443958
1.710779 0.505996
0.3090693 1.646272
0.8641063 -0.02638972
-1.10258 -0.5910835
1.290119 0.266174
3.261676 1.238558
0.9653134 1.555706
1.051009 0.9607851
1.897007 -0.8954971
-0.2314739 1.171104
-0.005822341 1.390902
3.382727 0.8951192
2.674139 -0.8545066
-0.5123139 1.537426
1.149973 3.08884
1.493411 0.5570761
-0.1280515 -0.9009929
0.587523 1.543399
-0.03235713 1.57311
-0.5000731 -0.2118194
2.59345 -0.6848373
2.135197 2.599911
2.298968 -0.8525548
2.698819 1.415454
-0.4706145 0.2490232
2.288048 0.2141523
2.083009 1.909889
0.6905566 -0.4404911
1.969866 0.5071069
0.0424492 1.918968
1.640676 1.263084
1.133651 1.918854
1.040252 1.611821
2.361297 2.667166
0.6340414 0.9671386
0.7940843 0.1740745
-0.3360231 2.108083
1.67532 1.002505
0.3483749 1.195459
0.9589968 1.109552
2.442469 1.43638
0.2199717 1.605126
0.992824 0.2423499
2.068417 -0.5221759
2.277913 2.381734
1.772031 0.1232408
2.162111 1.47524
1.472454 -0.3211781
1.405205 0.979708
1.965346 0.8384189
1.440954 1.941509
1.253222 2.015238
0.5506201 1.512518
2.754643 2.187176
2.132181 0.7664893
1.338764 2.020655
2.458595 1.394678
3.723725 0.9015537
1.230857 1.494876
1.106142 -0.08526535
0.03966699 1.665597
1.882575 -0.6226522
0.09450428 0.0306012
1.812941 0.6848831
-0.9815704 -0.6253536
1.224277 0.5709835
1.883445 1.670815
1.467552 1.452088
1.074969 1.564349
-1.442572 2.7077
0.2159029 -1.269511
-0.03639221 0.8407071
1.040093 0.7611661
1.628044 0.9822456
-0.5522553 0.5601905
1.079051 2.683318
0.2794699 -1.488211
0.886034 -0.3822328
1.922156 1.470312
0.136655 0.507449
0.6884961 0.7052499
0.9716251 0.6449657
0.2896787 1.508979
-0.4921019 2.575886
-0.09538474 0.3929629
1.617746 0.1776222
2.67511 0.683578
1.731046 1.468057
1.164042 -0.1763482
0.6687964 2.130595
0.9904745 1.105647
1.060809 0.36521
-0.6516932 0.4207684
1.320252 0.4748643
1.145275 -0.6436387
-1.551608 0.8114455
1.968183 1.785264
-0.08228878 -0.06492621
2.869351 -0.6512691
1.317645 0.8562742
0.4453679 2.510514
0.3198955 1.23856
2.862989 1.495612
0.8705187 0.9197851
1.040449 1.219
-0.01721368 3.713402
1.767311 1.424007
0.8290248 2.26085
1.667396 0.5413918
0.7833387 1.238627
0.824726 2.732177
0.2954395 1.305066
2.038885 1.376378
1.552987 1.269556
1.298086 -0.150536
-0.8211826 1.651705
2.226203 1.255249
1.310364 1.755947
-0.1474695 0.5532005
0.5553468 1.24181
0.9856223 2.37535
1.601306 -0.0522176
2.28597 -0.5014589
0.186045 1.954024
-0.4021383 2.458036
-0.4312366 1.194466
0.4232357 1.050878
1.676374 1.76253
-0.294825 3.139624
1.701306 2.012338
-0.2403755 0.3996679
1.585278 1.893556
0.172169 1.434523
-0.05275187 1.264902
0.6998154 0.3513417
0.001813189 2.120844
-0.3146102 1.880858
0.67129 2.141658
0.6267405 1.759081
1.649796 -0.8774739
1.433077 1.379353
1.944999 0.1009547
0.2678609 3.350213
3.426667 -1.015069
1.709889 0.2740418
-0.2857942 0.7036406
0.4085838 1.935558
1.344834 3.963787
0.04486891 3.211569
