-0.3211785 1.01738
0.5099943 1.338602
0.674706 0.7729648
0.8234068 0.04417622
1.771966 1.107951
1.766846 3.175385
0.429906 2.827463
0.8164645 -0.6408179
-0.4529841 0.09201178
-0.8205019 1.878905
0.09102495 0.1291104
1.834257 -0.5282694
0.3266752 1.435087
0.1722921 -1.60677
0.1565765 -0.4330033
0.1892428 0.1872141
0.4656947 1.104653
2.423868 1.833786
1.003259 0.4760686
2.107142 0.3068895
-0.6176696 1.202999
0.9456613 0.4926082
0.4033851 0.1483507
1.278207 0.5667802
1.457418 -0.05123723
1.334254 0.6252882
-0.7225431 0.6947347
-0.3915501 0.4113184
1.01527 2.088945
0.1513337 1.615764
0.9889444 -0.09032977
0.4803624 1.01038
1.952429 0.7435165
1.708196 1.688609
1.405285 0.3582038
1.964574 0.5418526
0.3858159 0.4223555
2.06046 1.004261
2.256945 0.6766603
0.833195 1.99325
0.9245489 0.9537041
1.658664 0.4953537
0.6079173 0.2848499
1.515091 2.444065
0.8705067 -0.3653983
1.407533 3.295882
0.9412394 -0.07341149
1.127239 0.1906172
1.198056 0.1131797
2.141406 1.438383
1.404833 0.5387529
0.9383374 1.434981
2.021699 0.4019521
-0.8729783 2.100912
1.859458 1.017686
1.409562 1.838758
1.480141 4.003929
0.5320501 0.7013202
-0.2218046 1.367671
0.4847919 1.451483
1.069346 -0.04285712
1.271042 3.122604
1.841337 -0.0619901
1.139692 -0.3317498
2.242265 2.132683
1.080543 1.069195
0.8420236 0.3715446
0.1366193 -0.9182031
0.9573339 1.093075
0.4213127 0.0899606
-0.3347506 -0.419672
-0.5107772 0.8901295
-0.8927454 0.8514096
-0.3238234 1.451592
1.706067 0.9010177
1.962986 1.14229
2.283409 1.353531
-1.124233 1.967781
1.145714 -1.05358
3.153039 2.6101
-0.3886639 3.4608
0.6218531 1.338805
1.056904 1.543762
1.651387 1.989637
-0.8597052 0.3404498
1.563813 2.587626
0.3662047 2.108537
1.573279 1.164067
1.305838 0.5486699
0.5146963 1.419625
1.333032 1.271698
0.5195415 2.099937
0.321917 0.9331012
0.5226385 0.9903525
0.6100317 1.60939
1.180385 0.7400415
1.773865 1.575723
3.341753 0.9199308
-0.1664778 2.902325
1.031434 -0.05637639
2.320153 0.7921633
1.685671 1.393378
2.212648 -0.4641885
-0.08756083 0.8199291
1.037024 2.122556
1.409676 -1.543518
1.862701 1.907372
0.6634099 0.3444225
2.079088 -1.211956
0.7121179 1.214525
0.8661312 1.891461
1.407801 -0.7091512
2.613417 0.3618791
0.6994797 0.5840181
1.405912 0.492559
1.621274 1.080933
1.707384 -0.08683709
-0.5651737 1.240669
0.9450323 0.7181402
1.740802 0.5116631
1.114724 1.368606
0.7163728 1.348368
1.150219 1.998106
1.482323 0.1777106
2.040756 0.5100953
0.7382481 0.6680199
0.9751886 0.330306
1.39801 0.3959907
2.888825 5.805279
0.8955969 0.3236651
-0.2502397 0.6157297
0.6337467 -0.04041138
0.9520891 2.36991
1.733588 0.5552111
2.011135 -1.268434
0.2856596 3.951095
1.210011 0.09116925
2.785918 1.387781
0.4977076 0.7909126
0.4931711 -1.657386
1.869173 2.00594
1.068246 1.311131
1.07426 1.781167
-0.4578846 0.9307812
1.848527 1.353714
2.343181 2.378171
1.113927 1.121925
1.453446 0.6945233
0.2971746 0.1596443
0.1802969 2.237496
1.185488 3.123405
2.098211 0.6762003
-0.3460618 0.5056191
2.413331 1.572623
0.4815434 1.019116
1.948477 1.261176
0.38976 1.948372
1.815986 2.713315
2.388945 0.3403
0.9510125 0.5316215
0.6562971 0.9603268
-0.2198354 1.773781
0.7024636 1.535512
1.911157 0.1180021
-0.309967 2.82158
1.270576 0.8999416
1.387434 0.9984115
1.051136 2.67654
0.5655827 0.1826296
-0.8043153 0.005362579
-0.01493418 0.1367967
0.2915784 0.4664558
0.6861365 0.1681689
1.273179 2.207147
0.7113578 1.181449
1.109879 2.69127
1.368522 0.7369756
0.7856691 0.0202534
0.1901435 1.172515
1.654441 0.5524213
0.6599996 1.851082
0.1800923 1.628567
0.3858416 0.154337
-0.1934278 1.220579
2.087387 0.5684826
1.659342 1.990198
0.03926962 -0.4280368
1.010192 1.270782
1.896767 1.159024
1.308366 1.549445
1.913656 1.188034
-1.808825 2.542625
1.334923 0.2184325
2.045534 2.600871
1.096053 -0.1204083
0.6692822 2.090026
1.47314 0.1853843
1.361427 0.1729536
1.784313 0.7497929
1.74161 0.5299081
