1.009748 0.64651
0.1706411 2.77116
2.042817 2.366091
1.497474 1.683302
0.5635295 1.255411
0.6441823 0.9678752
-0.2982196 1.446676
-0.7492475 -0.08882949
0.5645975 1.160549
2.295269 1.042662
0.4242325 3.206853
2.806719 -0.6106697
1.306305 -0.7970781
-0.00422963 1.200139
0.9135883 0.4843897
0.1088226 -1.206187
0.6967838 0.3898098
1.473245 0.5805036
1.148909 2.01465
2.178286 2.720646
1.800686 1.684099
1.402327 2.180658
-0.01078734 -0.5709601
1.054831 1.440435
1.407658 1.45188
-0.6918814 2.642795
-0.4957271 1.725405
0.3333289 2.6745
1.233446 0.3332125
1.315632 1.357004
0.7739347 1.40236
0.9185335 2.145164
0.4619414 0.9393992
0.694814 -1.379146
0.8682071 1.453859
1.378875 -0.1914959
0.2400896 -0.5200487
-1.080303 2.31489
0.2048132 0.9852622
0.812667 2.007665
1.976731 2.217192
1.498002 0.7572089
-0.8093773 1.267445
1.488768 1.525571
0.9136265 1.240294
3.133586 1.091773
-0.1102261 3.013743
0.6455423 0.07525771
0.3940452 -0.335945
3.044439 1.684313
-0.6650805 -0.006066944
1.9162 -0.3298833
0.5709572 0.3969724
-0.920633 1.591013
-1.699047 2.256947
1.335751 0.8470611
0.9839591 1.164513
2.096338 1.535436
0.7378544 1.933555
-1.411338 1.330405
1.596462 0.0896182
1.568236 0.9776832
1.501159 -0.03161639
0.5633171 1.143961
0.3038695 0.5410716
0.803887 1.352679
-1.284492 2.750999
-0.3720548 -0.4821053
0.2629808 0.4491669
0.8161632 1.015254
1.629119 0.09315202
4.606939 1.35345
0.662045 0.2900569
0.7937444 -0.3543124
-0.7081741 1.185592
2.127138 -0.1978252
1.572107 2.202379
0.3428167 2.203827
1.134821 1.448233
0.3742751 0.08139721
-0.5039567 1.944161
0.152342 -0.2736379
1.113248 0.6580022
1.158282 2.4692
1.929421 -0.04766798
-0.1197098 2.127703
1.398504 2.352689
0.9565187 1.475118
0.3473723 1.114952
0.7714482 1.948986
-0.4361182 0.6709423
1.630763 -0.4129587
1.117329 1.002838
1.426081 1.114382
1.248085 0.5953917
2.031648 1.739348
1.153588 0.2902676
1.087343 2.30495
2.160786 2.08778
-0.5250712 0.1943833
0.3735209 0.6405016
0.2934231 0.9843008
-0.5822326 1.806056
0.8231166 0.9710057
2.830942 0.8560692
0.4366671 0.5081727
1.102137 1.88869
1.742561 1.444099
2.262657 1.097826
1.565045 -1.3693
0.5256515 2.340655
0.5405065 0.6871424
0.4796775 0.7935284
1.620366 2.625561
0.137428 1.565801
-0.7905349 1.213822
1.122812 1.529821
1.358872 1.108965
-0.6935487 1.313078
2.302088 -0.2457783
2.08749 0.5901407
2.251755 2.52159
0.8633127 1.988102
2.10489 1.197793
1.130017 0.6399015
1.700839 1.476056
1.970364 0.6333648
0.9043968 1.527801
-0.2671117 1.240074
0.2630392 1.096583
2.008156 0.3937143
1.122976 0.6734121
0.8960588 0.5498169
1.298144 0.5952346
-0.9019445 1.209629
0.2830831 2.186541
1.476986 0.7185868
-1.61021 0.6286689
1.745365 0.3713228
1.836443 1.257362
0.9638115 1.665926
0.7712303 1.829656
-0.635367 1.544887
1.331271 1.326233
-0.1241183 1.128763
0.4419472 -0.1205358
2.009915 0.01759321
2.475831 1.769231
0.1765312 1.337292
-1.230539 1.399737
1.587267 1.873827
1.460529 0.5452243
1.576723 0.3364552
1.159943 -0.3293356
1.300742 1.090898
1.123928 2.117834
1.036439 -0.2586519
0.9224024 0.6836572
0.7479395 1.193421
-0.4808613 0.8900454
0.6404987 3.222507
1.330495 0.3085594
1.082725 1.203695
-0.1011519 0.9853726
-2.058648 0.6371535
-0.9001849 1.896856
1.801777 1.026616
1.423468 1.292052
0.7098105 1.345131
1.397098 1.494205
1.287572 1.144173
1.429752 0.6576416
0.2398802 0.07550821
0.6280008 -1.096162
1.132749 0.2540165
1.096713 2.815603
0.5709077 -0.4204804
0.00596443 0.9481177
1.485419 -0.2785351
2.751658 1.204271
1.224696 1.712733
1.659752 1.343132
1.885539 1.3596
1.310327 -0.4177923
0.44785 -0.2104983
1.178526 1.039893
0.3257305 1.816035
0.5139003 1.931349
0.4152691 0.02550336
0.6268826 1.501699
-0.8508382 0.1069912
-0.2734943 2.399756
-0.1151027 1.728828
-0.09337545 -0.623081
0.9686748 -0.4826021
-0.06917479 1.943105
2.766373 -0.2158058
1.049083 1.525769
1.591094 0.5407047
0.07548492 0.8766057
