0.9856792 0.8764276
0.5188658 2.738393
2.138109 1.679731
-0.2833306 -0.3668031
-0.3826707 1.899768
1.273581 0.6624696
2.423039 -0.6466191
0.6578275 1.665659
-0.01616234 1.196413
1.309867 -1.385423
-0.528675 2.138178
-0.1521104 2.996009
-2.341418 1.494646
1.57413 1.673398
-0.3504453 1.371625
0.4730979 0.2783292
1.552975 1.344636
0.1790667 0.4825807
2.945755 1.429388
2.902502 -0.7909565
1.44245 1.712393
0.1431898 3.035142
0.612865 0.9993256
1.251384 0.3365017
1.274057 2.345958
2.493308 1.054375
1.344674 2.213388
2.785945 1.557042
2.49246 3.022005
1.482616 -0.8566104
1.977819 -0.579256
-0.3108983 -0.282852
1.486145 -0.2047179
1.250941 1.606187
1.501062 2.653967
0.6013747 1.799654
-0.6428715 1.682933
2.084409 1.796983
1.514409 0.8097527
0.328495 -0.2453998
0.3038977 -0.05081585
0.3119523 1.591494
1.75383 1.140963
1.117339 1.20067
1.740981 1.168502
1.873753 -0.5850434
2.429166 0.2423509
1.578464 1.649941
1.775525 1.457276
0.4278074 0.8952426
1.386469 0.6551095
1.834434 0.2743465
2.47196 1.311385
0.4299854 0.02018463
1.855741 2.349525
0.8734917 0.6980918
0.1190015 1.037529
1.345732 0.8542775
2.398 1.34762
0.7810666 1.323661
0.7911411 -1.040828
-0.2355926 -0.5047127
3.509087 -0.6800222
1.151087 2.586206
1.510567 3.217532
2.025991 1.180739
1.883574 0.9723219
0.3616498 1.382116
2.21423 -0.4815402
0.9158586 -0.6811638
1.044661 0.5222158
0.7880479 0.7534593
2.338829 2.320747
0.8801685 -0.02906253
3.339518 0.743916
2.613772 -0.002540849
1.275911 3.73208
2.186641 1.471768
1.276419 2.706032
0.8726714 0.6550319
2.746609 1.239802
1.05405 -0.1688143
1.225002 1.191816
2.022107 2.473136
-0.1059505 0.3509434
2.056851 -0.202964
1.657191 0.05702013
1.233454 1.055651
1.769116 1.012987
2.636406 0.8526708
1.592227 1.363799
0.3524722 0.5032247
1.130483 1.312655
0.1361177 1.613825
0.8159831 0.7605244
1.799208 0.9932991
0.3707262 2.580365
1.155672 1.685057
2.415465 2.425218
1.088472 1.956336
1.225479 -0.1365636
0.3086856 1.439348
0.4091031 -0.4574613
0.8235925 0.8100612
1.026378 3.272639
0.5670713 0.9125132
0.3385279 2.048817
1.057863 0.9567772
1.81669 2.08846
0.8218343 0.1221312
2.328911 3.050792
-0.4103301 2.113943
0.8193634 2.673724
0.4462018 1.379209
1.376469 1.305356
0.9446526 1.683666
0.3989012 0.7133714
0.7548293 1.042704
0.8931803 1.182843
0.7138247 0.0151848
0.1452291 -0.6570117
0.2733348 1.577632
2.052166 0.9493686
1.207284 1.105975
1.950519 -1.259653
2.043508 0.494854
-0.2032887 2.337902
-0.7746643 2.324027
0.5781918 1.265328
0.7530707 1.164663
1.064975 1.056705
1.055047 -0.5440879
0.4473035 1.091262
3.041244 0.799528
0.9213412 0.6411784
0.7475805 0.2813298
1.183918 -0.06892496
3.219073 0.8492019
1.55896 1.479646
1.738799 -0.158628
1.567362 -0.137322
1.430254 1.482603
2.090476 0.5141961
-1.830957 1.344156
1.874628 -0.05647463
1.392567 1.903561
1.739349 2.549737
-2.003412 1.728581
1.053618 0.1720695
1.030442 0.8611845
2.936952 1.851186
-0.3688236 -0.04231895
2.976829 0.6677796
1.434761 2.174497
1.638462 1.358527
0.266284 2.46677
1.313427 1.778399
1.319012 0.6947438
-0.6020426 -0.2411696
1.709229 0.6260496
0.8500049 2.014881
1.371372 1.972624
1.309333 2.358018
0.8823497 0.7560617
2.51236 1.709895
2.18008 1.91553
1.406786 1.292425
1.016082 1.516713
1.14071 1.138432
0.9702496 1.130723
0.8428576 -0.5571292
1.373905 1.805099
1.635491 1.661167
1.042566 0.119541
1.122481 1.563295
2.873198 0.9764847
2.404219 0.2587213
0.5995292 0.2661474
0.9475087 -0.008294251
1.768151 1.619558
0.9438624 1.494556
0.8076328 2.512149
1.637135 -1.450947
0.8016529 0.7457298
2.999189 0.5214731
1.037552 0.4251132
0.8949772 0.7263409
1.761371 1.343151
2.512238 0.7586776
1.133238 -0.1712268
0.6955745 2.271269
0.6796902 0.4299883
0.549848 0.812738
1.451195 2.840869
2.663852 2.990599
1.510664 1.314235
-0.3069597 0.05051652
2.308482 0.5440671
-0.6884748 0.3614185
0.4988636 0.6129888
