2.892788 1.238265
-1.078449 2.323049
-0.669326 0.6679513
0.3556854 0.5947774
-0.4794154 1.17231
1.41677 -1.849456
-0.1461111 0.237049
0.1133937 -0.4653197
1.16499 1.988893
3.074753 1.208226
0.05846746 1.3187
-0.3764188 2.039287
0.8460108 3.058783
0.8050609 1.877198
1.829533 2.641528
0.3960438 1.765037
1.229867 0.8444755
-0.9914985 1.690447
0.8477339 1.259149
1.772775 3.544905
0.634081 2.710133
0.9595258 0.7804292
2.974817 0.4379752
-0.08035896 0.6603238
-0.1698984 2.987193
1.201585 1.591194
2.183819 0.4891356
-0.07721087 0.241187
-0.363782 0.114496
2.406187 2.241894
-1.046712 -0.01931844
0.4233106 1.71788
-0.02935625 0.6335556
2.258909 -0.1763385
1.956154 0.5163275
1.660912 1.941734
-0.3540492 -0.1275917
0.8563569 1.833966
3.269617 1.694827
0.2639963 1.440791
0.419962 1.872259
1.557483 1.01681
2.47672 -0.1780459
2.066115 0.7635715
1.520717 2.722782
0.7064585 0.2230644
0.8770498 2.758667
0.7954001 -0.7653763
1.276896 2.110195
1.719178 -0.2480391
2.634165 0.7764885
-0.4497285 2.113783
0.07046104 0.7906605
0.8498725 2.714164
-0.7833191 1.256148
0.6269593 1.761959
0.0997388 0.2088904
0.04964964 2.065178
1.945789 1.770825
1.170236 1.246034
0.4179104 1.89821
0.2036246 0.5595152
0.8408516 1.372359
1.293526 -0.01838665
0.8669461 2.064178
1.918256 0.440117
1.551977 1.166492
1.176369 0.3602374
0.7231429 2.345224
0.5625038 0.3099531
-0.2928222 2.490749
2.103288 0.8608206
2.295692 1.514403
0.8552337 0.01191918
2.926304 1.532092
0.6281472 1.424256
-0.5390231 0.7284398
1.619787 -0.3125161
2.484576 1.303643
0.8971818 1.15446
0.8234626 0.6349572
0.2511608 0.1343245
1.785322 2.179333
0.05820303 1.271126
1.239683 2.488741
0.3728978 0.08819639
2.327123 0.4463417
0.7576699 1.216998
0.8038535 -1.405889
0.1738068 -0.6490901
0.6320986 1.911343
0.4779902 -0.3764881
1.728115 2.607668
1.89195 0.001358672
0.8238108 0.4199116
0.9457736 -0.4380608
0.4091115 0.2329605
2.024621 0.1336279
0.4125792 1.844626
1.149649 0.27013
0.7718507 0.08820127
-1.325872 3.48413
1.30896 3.216098
2.345395 2.469246
2.704803 1.037316
1.286663 1.668103
0.8039548 1.49257
-0.1463122 1.154043
0.582852 0.1729607
1.262304 2.235038
0.07945705 2.028698
-1.103066 1.873408
0.8632354 2.069609
-0.4465608 1.798009
0.9056433 0.1429849
1.794867 1.895821
3.110884 0.9433654
-0.193319 0.640749
0.9458481 2.282753
0.7684244 2.667928
1.138045 0.7035536
-0.3947432 -1.079915
1.41289 -0.4353093
1.756151 2.66101
2.33877 1.272467
-0.2046888 0.5364325
2.985387 1.997642
0.136396 0.3568803
2.869172 1.605527
1.616242 0.7631657
1.764633 0.5950197
0.2224558 1.698757
2.097563 0.7727424
1.986402 2.312814
1.333565 1.805527
0.9375545 0.4547534
-0.593426 -0.3673025
1.681292 1.860989
1.092125 -0.1689599
1.985968 0.8598638
1.034278 0.473656
1.774445 0.3116485
1.232458 1.764585
0.3590565 1.767294
-1.397008 2.073677
1.207064 1.029298
2.013248 0.0829139
0.4047185 -0.6248005
1.831947 0.5994475
1.839385 0.5407982
1.960496 0.6021419
1.2998 -0.554724
-0.05918844 -0.3993171
1.810348 1.901335
1.312871 -0.02810784
1.375981 1.399289
0.2298069 1.20614
0.9324629 1.471853
1.167815 1.373546
0.6972256 2.059671
1.559237 1.522945
1.68656 1.926861
2.388807 1.034867
-0.1249478 1.553655
-0.2983333 1.409252
2.101711 1.192257
1.267639 -0.6377468
1.088744 1.258626
1.676268 0.6113159
1.24671 0.5800273
1.984077 2.754873
1.833732 1.19254
-1.55197 0.4421473
0.8046781 0.6241572
-0.01522583 2.39218
3.808837 1.43828
-0.9900829 -0.1543774
-1.231727 1.237505
0.4335799 0.7141485
1.651306 1.176478
1.177499 -0.1172764
0.1776348 1.255936
0.9341578 -0.2752873
0.9553322 0.254525
0.6735367 0.6529169
-1.0442 0.1415972
0.15557 2.821144
-0.8846187 1.496164
0.4615639 0.8334196
2.752235 1.842115
1.173559 2.374289
0.2262924 2.151177
0.3550151 -0.5984499
0.9227681 2.51503
1.569895 2.180272
2.250972 -0.9568716
0.3403162 0.1762261
3.133349 1.256181
0.425109 0.9248694
2.771257 -0.428989
