1.7973 -0.2608645
1.489808 2.426887
1.802793 0.2615834
-1.060189 0.3830251
1.504676 -0.222647
0.8385123 0.2459596
1.310578 0.1246123
-0.06196339 0.3871991
0.8139092 2.696418
0.3042364 0.1994936
0.8896441 0.8470579
2.723613 1.497158
1.709351 0.5259513
1.508777 2.413882
2.301331 2.930541
1.625227 1.193245
0.557181 1.36571
0.85915 0.8897236
1.214948 3.43242
-1.196237 -1.254428
0.2515273 -1.152014
0.3211268 0.190919
0.2320712 0.8997645
0.2009322 0.237495
0.9370265 -0.1926566
0.815987 0.5138635
0.05138442 1.754794
-0.02176141 1.906784
1.205034 0.35207
-0.431146 -0.2120681
-1.33854 1.488353
1.830008 0.9529042
0.6196977 2.115647
1.715453 1.688066
1.342637 0.7797822
1.630837 0.05032108
1.248965 1.465821
1.637279 1.754795
0.5568383 0.2039165
2.599177 1.434185
1.996633 0.9063126
2.481778 0.6736934
1.196985 1.289721
-1.098826 1.467201
1.146544 -0.1436187
1.964118 -0.3264321
1.029491 1.10002
1.139655 0.5256701
1.751161 2.729966
0.4738438 1.801269
0.199814 -0.3953139
2.007092 1.291617
1.108337 2.2036
0.8359608 0.7195765
1.365325 1.284819
0.8366307 0.2086426
0.001889851 2.220267
0.9992286 1.019736
-0.7013556 1.103768
0.4271546 1.584687
0.08051877 3.55438
1.640055 0.4312615
1.281378 0.5904002
0.5304919 1.080728
2.318449 1.557389
1.122811 1.177436
0.1031903 -0.134012
1.490343 0.8231082
-0.3354231 1.000401
1.129187 0.461663
2.043009 0.6289927
2.085686 -0.1372299
0.02372165 0.2287667
1.070307 1.002946
2.601364 1.160691
1.582471 1.10648
0.5887639 2.044865
-0.2819876 1.892761
0.8100402 1.756726
1.771144 0.6671576
-0.4249464 2.281976
0.05734229 0.09643664
0.7437123 -0.3589114
0.3509416 1.573218
1.007157 0.6242762
4.737341 1.582337
1.477413 2.156681
0.4586989 2.368504
1.454257 1.858931
0.2723937 0.7396695
0.9081795 0.7339838
1.318214 0.9805809
2.162042 0.8820874
1.794642 0.6565177
2.054089 1.085068
1.433615 -0.03764078
0.6083742 0.8337245
2.849034 3.246257
3.057958 0.3472079
1.91395 -0.8449066
-0.6094164 2.975239
0.5022358 0.4218298
0.2750168 -0.1263211
0.9727218 1.871352
1.35058 -0.342777
1.450779 -0.7360307
0.1379315 0.1969973
1.753284 2.176274
2.572199 -0.3077455
0.3156814 0.4396756
-0.6144443 2.125071
1.426641 1.44099
-0.3684284 1.137825
0.1836993 1.533562
1.608775 1.015939
1.89172 0.69599
0.8430001 -0.1854656
-0.05948581 1.894275
-1.076681 2.510666
0.5798369 2.090119
2.493113 -0.41518
2.205428 1.013984
1.961667 0.2863565
1.644296 1.908058
-0.4922108 -1.246362
1.648907 4.054204
-0.2780875 -0.154227
0.08083124 0.3931601
1.160747 0.6275458
1.086322 1.412529
2.1529 -0.6541778
-1.372416 1.093747
-0.5033449 1.220841
2.275617 0.3124645
0.9231231 1.251341
2.41846 1.195624
0.07371921 1.424871
1.265457 2.345232
1.25364 1.166702
1.391402 1.958262
0.5042138 2.598319
1.893178 1.291581
1.16583 -0.441354
-1.131459 0.3293206
1.906771 -0.4518342
-0.03149498 1.465234
-0.3933697 2.520436
1.757731 0.4897312
0.01727121 1.693169
4.092683 0.03249078
2.581931 -1.145425
1.693535 0.9341283
-0.7853026 0.09701633
1.054411 0.4368989
-0.0826739 1.621547
1.744406 0.9885441
0.6763793 1.196715
0.6594267 0.877187
0.411248 2.407407
1.074615 1.089449
1.860983 0.3661389
1.009816 0.5869185
1.116208 0.8203891
0.946766 1.848489
3.219482 1.462036
0.1420637 2.519997
1.391859 1.203012
0.710711 -1.305823
0.4349778 0.8386247
0.2364569 0.7424556
2.21498 2.952217
2.419034 0.7900158
1.572167 1.687009
1.610857 0.417356
0.743954 0.4412803
-0.5743262 1.248927
0.7597686 0.2732428
2.706247 1.221093
0.3244214 2.00315
1.741397 0.5104639
2.616591 0.169971
-1.233214 1.885179
-0.8592816 2.183528
1.469491 0.8540744
0.3599732 -0.2730399
1.515805 1.215324
0.7946035 0.6425454
0.1873059 1.062804
0.7154508 1.030055
0.06124134 0.9187328
1.15582 1.078605
1.855328 0.05929169
1.557243 2.416983
1.93673 0.6697146
1.165362 1.114345
1.410777 1.114257
1.525243 3.198316
1.578073 0.7381284
1.51904 0.2510716
-0.8567309 0.928733
