0.8557088 0.1437316
0.4163406 1.266755
1.360487 2.115138
0.08744341 0.7861247
0.4720451 1.891448
-0.2566033 0.2994555
1.404804 -0.08149087
-0.7962217 1.877677
1.957825 0.3989185
0.7675883 2.109642
2.728638 0.1244759
1.615278 1.828904
2.308718 1.759712
1.58635 0.1069811
1.175017 1.316411
1.814655 2.495216
-0.06707287 1.520485
-0.8528765 0.5549955
-0.550048 -0.5179986
1.319173 1.715038
0.4051594 -1.455661
-0.0160261 1.504071
0.393511 2.209311
0.1765788 2.179868
1.317087 1.501728
0.5587871 1.812398
0.5183542 -1.493223
-1.702915 1.604755
1.837574 0.3303631
0.02767674 1.593634
1.748107 -0.2984805
0.5756372 2.167202
1.785988 0.1803798
-1.168864 0.7545184
1.172299 1.271348
-0.0676086 0.6686395
1.095688 0.3440101
-0.2998502 -0.3061191
0.9106683 -0.4271558
1.905436 0.4851485
0.243621 1.07453
0.7195407 1.426258
1.156272 1.167111
2.995992 0.1519342
1.924385 0.7430208
1.691689 1.561659
2.037049 1.520073
-0.6348924 0.5400269
0.7450937 2.479287
0.1048218 0.1705283
1.136222 1.123527
0.9871343 1.9947
0.7627217 0.7085162
-1.008703 1.333264
0.2053389 0.1230481
0.4134943 3.318124
-0.8010703 -0.06207235
1.630986 0.01634482
1.043714 0.6893415
1.116079 -0.5506
1.024006 -1.75894
0.1511658 0.812583
1.82668 1.171563
1.065715 0.2553423
-0.2656479 0.6259093
2.119585 2.578341
1.90527 0.6338253
0.2574133 2.223427
0.6818092 1.761816
-0.3269191 1.627792
2.024653 0.4937302
-0.2537408 1.608175
2.008365 1.125318
0.8652625 1.775104
0.5489048 0.4569818
1.801838 1.753257
0.8398299 -0.05840291
0.5770797 1.40465
1.121871 0.5939921
1.31951 0.8358335
2.740713 0.9964082
1.494999 -0.5615272
0.1591476 0.7706594
0.6074747 -0.09451194
1.103093 1.374135
0.6639718 1.04525
0.9543932 2.323472
1.420835 0.5017321
2.571001 1.842182
1.420023 0.7822127
0.9333571 0.1613074
1.524746 1.108995
2.215449 0.4415941
-0.3264761 1.846449
1.113149 1.543293
3.274729 1.526778
0.956 0.800866
2.085541 0.3187938
1.127054 0.6339092
-0.7697042 2.028266
2.004952 0.720688
2.098523 0.3951543
1.29485 0.7878704
1.222689 2.161856
3.529598 1.205978
1.717361 0.2946152
1.331719 0.4570892
2.457941 1.203084
2.295593 0.279608
1.074473 -0.3461896
2.376781 1.545794
0.5012882 1.447182
1.653144 0.1325241
1.011162 3.858122
2.6226 1.588247
-0.3517749 0.2626971
1.036889 0.4529664
-0.4729637 -0.5437639
-0.3633577 0.6889024
-0.1543969 2.344036
1.248848 1.504771
0.6423106 -0.554425
2.283574 0.9688838
1.192027 0.675811
1.072461 1.3861
0.7213193 -0.490415
0.3089704 -0.0556782
1.413457 0.806998
0.4438503 0.03450548
1.804166 -0.7824865
1.821921 -0.7898241
1.087749 1.644727
-0.4128284 0.9710752
0.9899272 1.957645
-0.5423462 0.06997178
1.332081 1.685971
1.346086 0.4250115
0.6348883 0.2714074
-0.247786 0.3396756
1.755381 0.2709561
0.9804117 0.8543212
1.554654 1.827677
1.419215 1.036784
2.346413 2.315771
-1.556138 0.7633499
0.5374762 0.8107326
1.712447 0.06121754
-0.1624818 1.997049
0.6913839 0.8994332
0.8978443 1.116651
1.117728 0.7082596
1.283107 1.752987
1.392689 0.02280816
0.07028419 3.282535
1.18467 1.086653
2.335752 1.54157
1.691922 1.915532
0.8928062 0.8059938
1.309767 0.8766353
0.6852042 2.763297
-0.1310835 2.243743
-0.1582804 0.01795815
2.370499 1.550309
2.301338 -0.2704891
2.886024 2.358922
1.443846 0.8803575
0.3583409 1.22274
1.395377 0.4136259
0.8705923 0.8864049
1.687034 1.924923
1.605646 2.443611
1.118045 -1.137361
3.263198 -0.8451949
0.5777834 2.180111
1.540775 0.6319463
4.082587 0.8978917
1.636022 1.210457
0.2693907 2.638027
0.6970806 2.535886
0.9212139 3.305961
1.774869 1.879875
-0.3278438 1.196053
0.7841901 0.7700434
2.614535 0.9658377
1.086676 2.304064
0.9483813 1.659354
1.749857 -0.6963012
3.234214 1.69492
1.567518 0.979535
2.181529 -0.3444084
0.8713583 0.98767
0.3967155 1.255718
1.351731 0.8195944
0.9642916 0.468443
0.5559908 0.8961634
2.1157 2.258228
1.934688 0.6170469
2.085495 -2.707755
0.7654652 1.049502
1.465327 2.037664
