1.646634 1.678691
0.4046961 -0.1503524
2.001167 1.973618
2.02313 3.69483
1.017611 1.298092
1.294968 2.143533
1.1325 -1.412867
0.6935798 0.6520727
1.364582 1.910643
-1.140905 1.494701
1.072339 1.575915
0.4066555 1.579239
1.340142 0.2932913
0.1172209 0.8295268
1.95914 0.7013465
1.598583 2.611089
0.1658025 -0.08188413
3.884741 1.603837
1.633167 1.162915
0.6318278 1.717304
0.2737811 0.4087895
2.047061 1.011259
1.920778 0.5309971
0.09386129 -0.1325047
-0.02545244 1.331989
2.255459 0.6975454
0.4523676 1.556177
2.162304 1.229538
1.371526 2.050643
0.3172884 1.424856
1.548957 1.271129
1.272 0.09815625
2.445388 1.267352
1.169097 -0.1011
1.889847 0.8195373
0.3013868 1.247937
0.1270336 1.37458
1.264006 1.619627
1.366411 0.314373
-2.095232 2.687497
1.040451 3.491799
1.489786 1.804865
0.580696 -0.08385598
1.807394 0.08109427
1.97104 0.1023285
0.2012075 0.1216071
2.132322 1.600765
0.2790571 2.809398
-0.5831332 1.323238
-0.5751834 1.746092
1.071926 0.9734055
1.166814 -0.5476113
-0.5889237 0.9546745
0.292881 0.9959363
1.866449 2.677163
1.463507 0.8296692
1.267892 -0.2691179
1.749813 2.352925
-0.7274031 2.911101
-0.4261666 1.624754
1.756097 -0.09284494
-1.403064 2.514238
2.294541 0.3408625
-0.2810897 0.6239507
0.2031167 2.706319
0.8359007 1.968695
0.9956916 2.679809
0.8637277 0.1467692
-0.3482632 0.5327641
2.299014 1.231492
2.968098 1.803053
0.6786868 1.112791
1.265396 2.753766
1.96272 0.8775455
1.610201 1.375598
0.4860494 1.389384
2.073472 0.7037853
1.337408 1.279352
0.3007827 0.0347716
1.123769 0.7626145
1.432432 1.558225
1.423518 2.231048
1.842985 1.781674
1.458692 0.2983058
0.7222443 0.5629376
0.1605383 -0.6531728
0.3730204 0.9240763
1.31127 0.861297
0.1968099 0.5988557
1.108532 0.6222705
-0.7551626 2.106077
1.671414 0.9246554
1.309354 0.5478618
-0.5902545 0.8390909
-1.071395 0.1508537
1.216811 0.9567413
3.168003 -0.6140982
3.506112 1.469257
-0.1631837 2.069432
1.333941 1.462032
0.9575509 1.301378
0.9126673 2.31857
2.412409 0.5907636
2.751204 -0.07101049
0.0407663 0.2304395
-0.5737798 0.9813948
0.6127985 0.5326965
1.116706 1.915461
1.058557 0.02570082
-0.44909 1.068515
-0.8996683 0.2993561
1.244936 2.505731
0.9229673 2.42141
1.34079 1.584254
2.143047 2.060505
-0.2345757 -0.4834354
1.275614 1.547467
0.9092394 -2.483126
1.384561 0.9240332
-0.9091227 0.5208884
0.1781058 1.308196
-1.335038 3.122613
1.423032 -0.00198635
0.2554679 0.5386162
1.366855 0.2315033
0.017611 0.3985442
0.2490832 -0.2054262
1.764236 0.4460812
1.811875 2.851557
0.4211076 0.8260649
1.601514 0.6890748
-0.8426322 2.359009
0.5203079 1.384294
1.231587 0.6516432
-0.1165712 1.254538
-0.2290926 1.410233
1.650333 0.6082824
1.486362 2.412411
-0.5156411 -0.2442441
3.054885 1.543
-0.9054854 0.9635724
0.3372315 0.7910732
-0.7975736 -0.1213418
0.3798473 -0.1387352
0.9416444 0.9852724
0.8899408 2.056773
0.751631 1.183405
0.3090783 1.21531
1.086035 2.161069
0.81597 1.669692
-0.3304472 1.439394
1.191304 0.8243023
0.8917571 1.71823
1.1948 2.71627
0.6666599 3.386881
2.453134 0.5622024
1.205198 0.8185718
2.119085 1.704539
0.8558241 1.32686
0.5377497 0.6130585
1.930933 2.54445
1.849948 1.886925
0.4542455 -0.9345973
1.120213 1.89627
0.5364985 1.884807
0.5772667 0.02210466
1.847733 1.729227
1.369043 -0.06217466
0.28238 0.0370061
2.019234 2.238016
2.701093 1.45235
0.7796578 1.000531
0.7694705 1.883999
1.285268 1.719578
1.561947 0.05189555
2.461568 0.7319532
-0.1456678 0.8627075
1.69351 -0.2814792
1.691057 2.385786
-1.05619 -0.2469428
2.425591 1.519834
1.681743 -0.7094486
3.240618 0.6263928
0.5001947 0.2061508
1.25564 1.634237
0.01823614 0.6108126
0.8542419 1.813065
-0.577441 1.48637
1.750493 1.677411
1.99952 0.8567435
1.123794 0.5536536
1.070769 0.5638336
1.152985 0.4475788
1.385872 0.2999246
1.64657 1.665619
3.110942 0.1675371
-0.3823082 0.3363144
0.7962369 1.664348
1.891284 0.7005917
1.348939 -0.2800436
