-0.283147 -0.3745916
2.23723 0.6041902
0.2979842 0.6135156
0.2084676 -0.6688052
0.2297814 0.1714025
2.248677 -0.4851959
1.45484 -0.0608363
0.3714797 1.164883
0.9859472 0.6856189
1.128329 0.9272098
-0.1572241 2.315982
1.251315 -0.4463715
0.2232129 2.191803
-0.04416769 1.963392
0.2236966 -0.1465109
1.918883 -0.2691936
0.7616321 1.850559
1.047461 1.262371
1.340641 0.7171802
0.5285539 0.9799783
2.407119 0.6623714
1.351644 1.70501
-0.4535675 0.4865396
1.890566 -0.6255378
0.7659644 0.8780097
0.270115 0.6564268
1.512962 2.149669
3.248891 1.043574
1.467092 1.494301
0.2360945 -0.084772
-0.5579348 1.832967
2.394213 0.1058535
1.81083 0.5328513
0.6134554 1.910982
2.119501 1.280239
1.763305 -0.8166624
1.821727 -0.9443427
0.2484142 1.700335
1.334134 0.5420035
1.547618 -0.8498928
1.291091 0.131541
0.9792666 0.3736716
1.068852 -0.248082
0.4004386 0.270319
0.3940765 1.825292
1.156917 0.06488247
0.6877072 1.790893
1.475233 0.02504233
-0.0724787 0.7330449
0.8150478 2.126642
