0.05209956 0.7525764
2.762213 0.8005299
0.2583812 0.8622795
1.601351 0.8251455
1.041132 0.4321855
1.663842 1.774321
1.691093 0.7619331
1.326645 0.9917993
0.3835675 1.439473
0.3179422 0.380367
2.053059 2.171209
0.3865227 1.433598
1.812723 1.227871
0.3609539 1.087194
0.2372943 1.348302
1.223463 0.7084576
1.872619 0.6742985
0.7415907 2.13039
-0.3856595 0.7396546
0.8477245 -0.5064078
1.860554 0.8409426
0.7155067 1.216555
1.319831 1.238255
1.963702 0.6121979
1.830816 -0.002006171
1.822557 0.4238677
2.285947 -0.4617196
-1.517347 -1.135918
0.6982407 1.99094
1.114785 2.284115
3.105023 -1.411379
0.6255132 1.327066
2.005717 -1.077762
0.4864061 2.51134
0.8053142 0.2411227
1.52717 1.26914
1.604439 1.583707
0.4549948 -1.329009
2.893864 1.691858
0.2733306 -0.957299
1.235585 0.2114705
0.2181922 0.6721906
-0.009460295 -0.01064205
3.426165 1.30915
0.2111083 0.6079382
2.763325 0.1640088
0.7507846 0.8665173
2.035518 -0.3631381
-1.2318 -0.00493063
0.09006904 0.9756352
