-0.8290892 1.280315
-0.4492666 0.929878
1.149442 2.265442
1.626019 1.525413
0.806134 2.094022
1.265766 0.4156778
1.175633 -0.7071003
1.812595 1.921949
1.45752 0.1056282
0.8222582 0.1352339
0.6280407 1.226652
2.087842 1.620074
-0.4277717 1.108311
2.355677 0.1898441
2.903276 2.121065
3.085394 1.441493
1.869785 0.528204
1.18894 0.0459059
0.3305384 1.68734
0.4566058 -0.2900084
0.904211 -0.6936184
1.48129 0.6283929
2.097544 -0.2952837
-0.08126187 -0.3610269
0.2267796 0.07639801
1.183324 2.035333
1.590192 1.265806
1.286053 1.32159
-1.333526 1.041607
1.087878 1.441681
0.8477654 1.182618
2.20623 2.156218
-0.09112286 -1.521107
-0.5325566 1.727597
-0.7023914 2.288022
1.582363 2.178171
2.036362 -0.5775466
2.012645 0.6664136
-1.656855 0.740863
0.6478526 0.657606
1.199414 -0.5304845
0.6008099 -0.450388
0.7986683 1.097945
1.10145 1.216175
0.5927948 2.047304
1.981632 -0.8437671
0.3804627 0.213189
0.9064463 1.075487
2.805571 0.7619273
1.075906 2.171784
