0.2900036 0.1197799
1.297588 0.4732264
2.418006 -0.911953
0.2298241 1.189136
1.0576 1.432394
2.952092 0.6983098
-0.4537163 -0.2464325
0.4434044 0.9193838
-0.2391797 0.1025167
0.2263234 -0.04305105
1.145834 2.493795
0.8015435 -0.6837054
0.493478 1.17172
-0.02738527 1.897697
1.756657 2.806452
-0.815872 -0.07620881
1.152263 -1.071669
1.773959 1.887043
1.448164 1.281795
1.980334 -0.2670005
-0.175263 1.849787
1.378245 0.8708355
-0.2569305 -0.4148955
1.929174 1.653586
1.075865 0.9721653
0.5917324 1.731249
2.112647 1.772561
0.5676756 -0.6430058
1.366388 0.3414885
1.697187 0.2114972
1.587662 1.574649
1.479378 1.686153
1.423135 1.812553
0.4851695 0.342947
0.4452454 1.743468
3.571032 1.07085
1.794547 1.54971
1.85004 1.256611
2.183384 1.154647
-0.02035793 -0.350096
0.6518981 0.1381792
0.5035566 1.244326
2.225025 0.9051107
1.320742 0.5005937
-0.233722 1.050037
0.05293153 0.53985
-0.6065728 -0.3410506
1.319037 -0.7479488
1.358207 0.6182035
0.919037 0.2098287
