0.6696192 -0.3737183
3.172924 -0.002327972
1.46217 0.2042881
0.6808487 1.575723
2.200116 1.343528
2.261817 -0.8184192
0.7990836 1.162916
2.467515 -0.4735184
-0.9466849 1.124288
0.7335489 0.05906123
2.0244 1.652019
1.786518 1.552294
0.9095239 1.375453
-0.7106985 3.16667
0.5164043 0.7691887
2.006181 0.8689791
1.500791 -0.1446383
-0.07011028 2.282613
-0.05423989 1.344717
-0.6332764 0.08244541
0.8704336 -0.7458209
2.814671 -0.8275507
0.8589321 1.265066
0.1737457 -0.8323962
1.878132 2.289058
1.407321 0.9166898
1.434575 1.867536
1.127465 2.361527
1.29412 1.749887
1.802044 -0.3325732
0.4099311 2.035279
2.043882 0.9996951
-0.4095198 1.326086
-0.6378327 1.466613
1.744346 -0.1273552
0.5493672 0.5798861
3.786496 0.6513892
0.7900354 0.2773901
0.9224184 0.4356938
1.116872 0.1723073
0.9246744 0.5150919
1.256106 0.401429
1.652966 -0.301034
2.043824 0.5194344
-1.096693 0.6068889
-0.5875255 -0.8687671
-0.1629703 1.488594
1.767514 2.230479
0.135529 1.014536
-0.2411599 2.476026
