1.850328 1.81388
1.812979 -0.7886256
1.066013 1.420786
-0.2717852 0.08501912
2.820359 -0.7272692
-0.09641788 -1.316382
1.051117 1.92674
0.1282669 1.582206
-0.3225287 0.1653553
1.215514 1.192966
1.657055 1.080204
0.6433389 0.7060528
-0.1735551 -0.1925411
-1.139887 3.025007
-0.8437549 1.887322
1.957779 -1.545859
-0.1412369 2.422409
0.9908129 1.082439
1.059424 1.560395
1.961731 0.606101
-0.7267687 0.9911268
1.959604 -0.2711442
0.9740005 2.091348
0.9763408 0.6484937
1.126112 1.807453
1.70557 -0.2496562
1.930437 0.7064655
-0.3649053 -0.2176447
0.7150213 -0.1005829
2.412609 0.3274467
1.833117 0.1388506
4.411173 3.465195
-0.2369731 0.2011213
0.8520445 1.076309
-0.0593223 1.287492
-0.2690288 -0.02361599
0.7244273 -0.5107699
0.2328881 0.3535055
-0.007692954 2.377485
1.436768 1.712098
3.062116 -0.03704388
0.3251081 1.468673
2.268018 0.5157148
0.5411329 1.308869
-0.8909122 0.6686781
1.935614 0.09093328
0.8553041 2.37923
0.4047645 0.9720572
1.000344 0.1674359
2.800246 -0.3788181
