1.489282 1.20285
0.4071766 -0.2235578
2.137634 1.767349
0.4753364 -0.4316323
1.872685 1.565064
1.579444 0.09081782
1.873115 1.140009
3.453749 1.875474
2.159137 -0.4241103
0.4639215 1.1533
2.572967 2.027307
1.047482 -0.08851
1.429588 3.012078
-0.284054 1.654998
-0.5820712 0.5455807
-0.8432757 -0.6687071
1.836591 2.89586
1.907748 1.390788
1.150122 0.1562738
1.470377 1.664169
0.4575395 1.991579
0.6047354 -0.8851802
1.69385 -0.4546736
2.103007 0.9103156
1.233195 -0.4562629
0.330836 0.1847053
0.2897229 1.086785
0.56155 -0.1057658
2.18055 0.8840001
0.7561567 0.06090386
2.267695 -0.3448472
1.466818 2.466484
0.5290732 0.7494624
-0.8687976 2.301357
0.4552617 -1.118977
-0.646166 0.5721042
2.04653 1.237629
1.479082 1.492846
1.849482 0.9874504
-0.3976882 1.610424
-0.09996862 -0.4866042
0.2629313 0.8689048
-0.06917218 0.9019174
-0.04421311 0.5877953
0.7663773 -0.4528264
2.141323 0.8515184
2.742864 1.895817
-0.04906164 1.283443
3.503977 0.6548865
1.31329 1.572952
