-0.09174948 -0.3050311
0.4198304 -0.4607686
1.695942 1.703655
0.3460218 0.6594275
0.6306669 1.047333
2.008997 1.56933
0.04917917 0.3779166
1.421837 0.4701699
1.480801 0.6736104
1.49622 1.065572
3.083199 0.2330146
0.6808586 1.135183
1.602607 2.060104
0.1773379 -0.4580545
1.557526 0.04434025
0.8877464 0.2707245
0.1229352 0.1406665
2.997082 -1.222055
0.518333 2.395406
1.514378 1.952178
0.2286085 0.3247687
1.488271 0.8796538
0.5563126 1.759588
2.648352 1.748971
0.8709897 1.180632
1.327747 0.05399871
0.3598623 1.5887
0.6913821 2.243488
1.547531 1.545057
0.8398965 0.02864385
0.1732936 0.3092619
1.211561 0.7476869
0.2194473 1.414529
2.353644 1.240526
1.263508 -0.1304708
0.7537083 -0.08327941
0.04370706 0.3937211
1.046547 2.470402
0.9860856 -0.209396
2.570616 -0.3919124
3.445274 0.07748005
-1.054682 -0.37032
1.030732 0.7178971
3.35711 0.1900155
0.7193128 1.724671
-0.6633655 1.429438
0.9371625 1.462989
0.8826103 1.341481
0.6799503 1.809112
0.07521577 0.5577471
