2.491441 1.565942
1.240258 -0.2401057
1.271542 0.7713031
0.1322017 -1.018829
0.6388317 0.8835452
0.1378048 0.7597938
-0.1793849 -1.057818
1.042976 2.156561
1.01562 -2.131669
1.494534 0.6665825
1.209527 -0.381607
3.352501 0.8662899
2.388629 2.522536
0.9404733 0.9809843
-0.3345545 1.78657
-0.3582518 -1.419865
0.3227504 0.6699345
1.017625 1.806841
3.230044 0.6514747
1.720773 0.3355978
2.573326 -0.3291358
2.182344 2.437616
2.045955 -0.8782892
0.1932557 0.7682575
1.258607 -0.907951
-0.6940048 0.4882196
2.505405 0.5316463
2.344361 0.3191561
1.685525 1.265035
0.5561437 2.721306
0.6094952 1.681402
1.360731 0.2640361
1.370369 -0.2117118
-0.02653147 0.8331959
0.1282499 0.3680271
2.407831 -0.2321824
0.3110686 0.2850728
1.562999 1.336453
0.6280622 1.085895
0.6251664 1.691531
2.681352 -0.3199895
0.6393767 -0.5604782
1.316201 0.2926387
-0.2274123 0.4099323
0.570473 2.995575
0.6720554 0.6402454
2.578923 -0.256012
1.461761 2.108656
0.3053201 3.152533
0.5046238 -0.3934179
