0.3884787 -0.784543
0.3210349 0.7028651
1.560934 2.5963
2.456671 0.7854491
0.9246328 1.102366
0.8866385 0.1429693
-0.1768387 2.767518
2.075802 1.736035
0.8840881 3.271972
-0.796422 1.424508
2.906227 2.051639
0.245989 0.6623211
1.435157 1.208583
0.4261966 0.7839513
-1.03767 0.0725527
-1.439429 2.431165
1.477778 2.741939
1.749618 2.643053
1.402616 0.9830963
0.1612079 3.68482
-0.189417 2.215491
1.55191 0.9173325
-0.2819288 0.6160138
1.795275 1.007943
1.08637 2.437586
2.35554 1.130399
0.5856832 -0.4811089
1.357533 1.324765
1.658985 2.448108
0.9180348 0.6744943
2.458151 -0.872085
1.770143 0.6248351
1.506329 -1.002499
0.6714073 -0.476557
0.3326592 0.8093817
-1.473473 -0.5345063
0.09425925 0.07313384
1.219082 2.326021
0.5635038 -0.3378999
0.928075 -0.3119805
1.072202 1.964313
1.654439 0.4856957
0.8586566 -0.5589226
1.420309 1.489325
0.423529 1.387553
-0.7934315 0.8210211
0.09427157 1.251751
1.292769 -2.00669
1.605858 -0.6488209
1.654002 1.03813
