0.6603068 1.836509
3.018065 0.5672426
0.847639 1.468489
0.7840615 1.119935
1.64301 -0.6424038
1.907765 1.14121
0.9257333 0.9452013
3.915179 1.495714
0.7205508 1.516143
1.016113 -0.1414563
1.373311 1.741841
-0.3702573 2.089543
0.4116382 0.5134991
0.08652498 0.182898
1.272667 0.9746902
0.3506067 1.287261
1.75172 0.6964176
2.615086 1.953811
1.899045 -0.439355
1.437862 1.251871
-0.2731345 -0.342659
1.610161 1.274731
0.264882 -1.256606
0.4267415 1.29058
0.005704099 0.3068971
0.4536049 0.450944
-1.488082 0.8027804
0.1520612 -0.004476811
0.8957616 -0.07427074
1.048602 0.4370782
-0.5942089 -0.03488148
1.636049 0.8436651
-0.3537046 1.6806
-0.1292482 1.862378
0.03940703 0.7367078
1.307561 -0.1142944
1.796677 2.986536
1.009024 -0.1553331
2.799847 0.943826
0.6980964 2.722577
0.2172899 1.036125
0.3358788 1.797737
-0.0749455 1.439178
1.036978 1.737417
0.4304123 2.009804
2.59526 0.4928596
0.6216288 -0.2749057
0.8023409 1.268797
3.232787 0.4557242
0.7664637 -0.1973016
