1.429266 -0.3662894
1.353067 -0.9345162
-0.8815489 1.26288
-1.348087 -0.2288783
0.4920216 0.6427521
-0.4659167 0.9101143
2.536034 2.998152
-0.3644006 1.147342
1.361287 -0.02678394
2.617124 -0.1034451
0.8627973 0.8806064
1.316586 0.115892
0.5527299 0.6250888
-0.02692033 -0.2150241
0.7745249 0.6443996
2.659242 -0.6927349
1.079323 0.4899908
0.4757579 0.03302468
3.096969 1.642769
1.106595 -0.2928914
1.537459 0.2435028
-1.015682 0.2819616
0.007094176 0.3961077
3.219741 0.7444189
1.449568 -1.448638
-1.083109 2.192167
0.9149441 2.025259
0.8037048 -0.4621837
1.128569 0.2051095
1.181294 0.1802986
0.6111322 1.042174
0.2240072 1.398172
-0.8304864 2.77134
-0.3523742 0.4571115
1.366016 -0.8608693
2.462473 -0.5831286
0.2072323 1.623526
1.119133 0.3446586
-0.1954624 0.5400476
0.7828339 1.451305
2.048155 2.324132
2.107694 -1.07004
0.9917205 3.856043
-0.0724866 -0.4182907
0.3508019 0.6496887
0.5781123 -0.09017754
2.151096 1.877093
-0.1217609 0.7930283
-0.3122697 0.3158643
2.874973 -0.1180113
