0.3518621 2.716056
1.410519 2.422138
0.7362471 1.099969
0.5537098 1.452288
1.827461 1.161855
-0.3335602 3.966539
0.5912482 -0.6068383
0.8947516 1.190171
-0.4350219 1.297645
2.145074 0.2324575
2.358542 1.329754
1.774189 0.09195306
-0.7379496 -1.363976
1.65 1.636466
-0.516525 0.01531861
0.2882653 0.1753646
1.495056 2.1584
0.05955241 -0.01984654
-0.3126943 -0.03410891
1.180174 -1.172246
1.78441 0.8949085
1.818591 -0.8642665
0.1018076 -0.6397188
1.400276 1.020336
0.2178003 -0.6097298
2.899949 1.30518
-0.3782138 1.42547
1.722364 0.17285
0.05299283 -0.3543908
2.238749 -0.293137
0.4018763 1.490714
1.177313 -1.051545
-0.2027282 2.00895
0.2446358 0.3913046
0.5976247 -2.627004
2.066753 -0.1994664
-0.1309548 2.061498
0.3127187 0.1748254
1.96112 1.588794
-0.5257519 0.8930538
1.890177 1.155786
2.148239 0.7784617
0.6043695 0.262241
-0.7392772 1.766844
1.035754 -0.6793708
0.8354625 0.05555342
0.3941231 0.320957
0.6382766 0.1120479
0.3581633 0.7526046
-0.3290346 0.560357
