-0.674937 0.3315126
0.8483019 1.612415
1.156198 0.8038307
1.94133 2.198975
1.001676 1.30561
0.9354534 1.015052
1.086618 2.870133
1.333468 0.8292434
3.320798 1.60256
1.647378 0.246393
1.137279 1.385909
0.5768359 2.501253
1.354832 0.4199362
-0.308309 0.5638931
2.073085 -0.292445
0.2814443 -0.01807771
1.690308 0.3318545
0.4777674 0.6226697
1.391169 2.25629
1.64264 1.054087
1.417959 1.659845
0.06811111 1.314675
-0.03703389 0.7822447
0.3712692 2.416899
-0.977586 0.3076654
2.893984 -0.1625792
-0.1219515 2.70768
1.300051 1.52267
2.42048 0.1066293
0.4145449 -1.153238
0.8874848 1.720364
1.39859 2.626935
0.8689235 1.313925
2.106175 0.5558747
0.4745197 0.000931097
0.8246889 1.081443
0.7133088 -0.8912334
1.594197 -0.01854104
1.449207 0.08677692
4.028726 1.348767
2.424318 0.2001085
0.8445362 0.6091351
0.7941072 0.7346717
0.3667765 1.985582
0.9251858 -0.3423595
1.306218 0.2836558
0.5445236 -0.6874295
1.32082 1.100502
0.6483208 -0.6552989
-0.8245574 0.3208746
