2.465826 1.885234
0.1666702 1.018577
1.678305 1.319593
0.3299646 1.638642
3.332293 0.4982407
2.151058 0.8351948
0.06934107 1.781621
-0.3889279 -0.4150617
0.07428877 0.858377
0.6860894 1.361849
1.012938 1.645009
1.379394 0.331553
-0.003121058 -0.0840193
-1.040924 0.2219597
-0.7668655 -0.63
0.1395409 3.425771
0.3068419 0.9340534
0.4580781 1.706115
1.403604 -0.909675
1.424835 -1.503536
-0.1515429 0.8808788
2.68837 -1.049401
-0.02040544 1.082258
1.54217 0.9838713
0.3763873 -0.3352435
2.21844 1.94159
1.690928 1.192262
2.555599 0.5521714
0.0920976 -0.447125
-1.198878 0.2301211
-0.1528097 0.5299141
-0.4177806 -0.07531062
-0.2283321 0.1345685
0.3497961 0.7032701
1.754995 1.659044
0.8903378 -0.5054167
1.972122 0.6652741
0.7197485 0.0970402
1.051722 1.480957
0.4094066 1.662543
1.823195 -0.1604967
0.6398955 0.346034
1.619496 -0.5306552
0.8062812 0.09344472
1.913173 0.7187508
1.494891 0.509729
0.5992869 0.1159138
1.523283 1.186289
0.586377 1.146079
1.808294 0.3678421
