0.3147103 0.1424216
0.9926409 -0.1908398
0.3603677 0.1088012
1.35953 -0.5633716
1.895236 1.241222
1.276134 1.755506
1.987039 1.621589
0.5417856 0.1189752
1.896018 -0.5824063
1.954836 0.7708491
2.103435 2.959084
0.2037435 -0.1870695
1.340381 0.5461615
-0.862238 0.7045518
2.941189 0.568765
1.713716 2.334532
1.012528 1.111054
0.9531749 -0.7111433
-0.8120293 1.956297
1.177777 0.9651009
1.10004 -0.5351468
0.6772603 -0.2977372
1.515685 1.698062
0.3403366 1.664592
1.197918 -1.118655
-0.5227708 2.320152
1.249157 1.229497
0.6729295 1.265595
0.3347235 1.35969
-0.5431531 2.305307
1.213316 -1.107347
0.6461411 0.4027079
0.04874795 0.2187172
1.438753 0.7507614
2.223048 2.183374
0.7450463 1.670192
0.2644467 0.8038365
0.9201563 0.2695782
0.4162205 2.704854
-0.2832158 0.9757072
-0.5859344 0.3434849
2.344276 -1.888469
1.273895 -0.176386
0.01534533 0.7763174
-0.1441515 0.6747442
1.627845 1.749135
2.300018 0.3138544
0.9858789 0.4496022
0.7620231 3.235855
0.8304649 -0.3913507
