1.977337 0.2764003
-0.9028917 2.417223
0.6707462 0.8393381
-0.1681771 1.64937
2.096892 0.997307
2.050924 0.6912687
2.118547 0.1020517
0.9800279 -1.063159
2.484464 1.898639
1.781525 1.164054
2.593868 -0.4052656
0.8231915 1.972988
1.445327 1.734369
0.9609406 2.562844
-0.7060246 0.7912955
0.7986138 0.2278186
1.654718 2.04551
0.1494404 1.362435
1.502545 -0.3191573
1.045217 1.618013
1.357115 2.431005
1.45436 1.6573
-0.4961698 2.765445
-0.9000202 1.170929
-0.1899702 -0.7208319
1.156069 0.5314215
-0.4251147 0.8642547
2.728834 2.13581
1.556638 1.751393
3.391553 -0.4384821
1.626964 1.031557
2.607603 0.5522112
1.971386 2.010855
0.7012503 0.4987857
0.4717211 0.7652976
1.146493 0.1810325
-1.035207 1.330861
0.6871653 2.82582
1.618207 0.4150704
2.496218 1.284351
0.1120707 0.3801726
-0.1876627 -0.05557686
1.098082 1.200167
1.680612 -0.01711806
2.421981 0.1644884
1.464339 1.5727
0.2150435 -0.08445103
2.355904 1.401455
1.486661 1.607982
0.293037 1.931553
