-0.2803444 0.9542433
1.186691 -0.1891624
0.4604014 1.582939
1.072781 1.068225
1.57277 -1.977254
0.652899 -0.908025
-0.1870492 -0.700483
1.183161 3.021591
0.9705855 -0.1792625
0.8042796 -0.3255243
-0.2506226 0.713576
2.495213 1.0555
0.5714646 1.255653
0.8560411 0.3854925
0.6842422 0.1172675
0.7651232 0.8730442
2.167561 0.08639848
2.022345 1.049238
0.7524527 1.347577
1.341269 0.912853
1.430969 2.159599
1.546929 -0.8808554
0.533249 -0.6663825
-0.1046357 0.3223493
0.4684291 0.9129122
1.996042 2.142938
1.570728 -1.297798
0.9456327 -0.1508142
0.8162653 0.3959928
0.9396508 2.234453
1.444906 1.151559
1.821866 2.58698
2.175291 -0.2749817
-0.5661247 0.5638601
-1.15397 0.7346085
0.7986391 1.599007
1.635907 1.0059
1.626524 1.444672
2.110339 1.626388
2.160925 2.282358
0.5935133 1.555377
3.38574 1.208854
1.773136 -1.155588
1.062968 -0.1239654
0.8013039 0.3428434
0.1985644 2.711907
2.678763 -0.6910266
-0.4921586 1.155631
0.5133368 1.386572
2.131011 0.8490682
