0.9152472 1.374028
1.860954 -0.04398606
-0.0354637 2.078925
-0.5099447 0.5367144
0.8593986 2.361899
-2.256101 -1.602245
0.417844 0.7335713
1.112399 -0.2642415
0.03098081 0.7340656
0.05168748 1.877754
0.9621021 -1.031341
0.3357765 -0.1506433
1.071855 1.086034
1.237628 1.356074
1.346439 0.49648
1.700066 0.4050703
2.462085 0.9392479
0.3200745 1.917516
3.363261 1.27796
-0.4590945 0.3500065
0.8574611 0.597107
0.2734202 1.301319
0.8751865 -0.2388426
0.2970843 0.2593038
0.3064069 0.002353229
0.3461576 0.4394305
1.014905 0.9516753
1.561548 2.343242
2.714187 1.86718
2.833487 1.872604
-0.7131779 -1.168546
1.367335 0.8962577
-0.439998 1.310425
1.192023 -0.3260485
0.8762199 0.1349807
-2.099553 1.097077
3.090757 0.213494
-1.030658 1.87938
-0.4486151 1.318946
1.047575 -1.011013
1.754578 -1.036656
-0.5108447 0.02510504
-0.05685553 0.526998
0.1129641 1.014079
2.623517 1.352051
1.423432 2.433577
-0.05359442 1.265721
2.03398 1.172385
1.954706 0.3794447
-1.006192 -0.4729197
