3.645044 0.8074495
1.502558 0.588258
1.820723 1.700312
1.366631 -0.2042239
0.8802924 1.255583
0.6937745 -0.5168695
0.8066031 -0.8146594
1.361888 1.458145
-1.348972 0.83572
0.07909018 0.440062
1.219401 2.761884
2.11627 1.276191
0.2034126 1.905587
1.024329 -0.2563597
0.2630463 0.9702427
1.051544 1.208126
0.6522977 -0.6013043
0.694206 0.3798449
1.796982 2.242894
2.650335 0.7975371
2.639703 0.6190486
0.5783068 2.747867
-0.5716675 2.478419
-0.1673483 0.7583312
2.041232 -0.2467259
-0.4702903 1.4113
1.611319 2.253927
1.354822 2.671642
1.381299 1.156703
0.9297741 1.368236
-1.260305 -0.3320646
0.8831633 0.1013691
0.5557685 1.947702
1.055565 -0.5491324
3.155789 0.8630651
2.835004 0.1153849
1.155237 1.267449
1.591466 1.318936
1.010227 0.7668928
1.64614 0.7311021
-0.1594453 0.08569504
-0.2295245 -0.6782979
0.8748641 -0.1090022
0.5816217 0.9917304
0.1520573 2.033741
1.526373 0.6410456
-0.4531904 1.773208
1.072098 1.13289
0.1829583 1.905991
1.460903 0.7569094
