0.1860291 1.770272
-0.3741271 0.2962866
0.1466003 0.4080754
1.279214 0.08427258
0.8434411 0.5551116
0.9981205 1.733462
2.084195 0.7807293
2.360928 1.487807
0.3103682 0.7546623
1.851638 -0.7160029
2.443052 0.1851328
0.5407736 1.520785
0.7185005 -0.4955265
1.835531 0.8240359
1.649535 0.9980472
1.296522 2.34377
0.6210015 1.955175
1.29835 0.7083518
-0.1624625 -0.7013179
0.6805188 0.6895697
1.625015 0.6853923
0.3521036 -0.437973
0.7750472 1.251974
0.4377387 0.3783604
1.368969 1.934318
1.726097 0.07555648
-0.5074107 0.4362751
0.2862956 2.110955
-0.2142842 1.029304
0.4542593 -0.4959575
3.060089 -0.1126769
0.1383202 1.450004
1.764119 0.4484402
1.021192 1.480912
1.190494 0.3059552
0.4634241 0.1063793
2.616241 1.043771
2.302673 1.393264
1.03726 0.252146
0.1413686 0.6278109
1.253799 -0.4089997
-0.07396668 -0.4854599
0.08106964 -0.141361
0.3430921 0.2204653
0.9969786 1.693226
0.1387282 0.2821693
2.168778 0.5439349
0.4121356 0.9081952
0.1319912 -2.128648
0.535659 0.3885756
