1.829435 2.543174
1.177495 -0.8728432
1.599132 1.536077
2.333799 1.373343
1.308172 1.298651
0.4589887 2.087594
-0.1332259 0.02026426
1.558398 0.5816514
1.145296 0.7825673
0.1975911 2.546888
1.174065 0.9451289
2.43705 2.400707
2.17002 0.1717821
0.02908409 -0.3956385
1.550876 0.210866
1.002678 1.653161
-0.03053298 2.107525
0.09581557 -0.1929029
1.002531 1.39473
1.68814 0.2968965
1.537414 0.4097343
0.7707686 -0.01499376
2.138074 -0.3109187
-0.7705557 -1.199609
1.01227 0.5562658
-0.07342271 1.278681
2.450087 -1.299399
0.9004395 0.4172446
-0.05310147 0.451438
1.062713 1.935617
2.053607 1.561791
-0.5411449 -1.211498
0.8392758 0.326261
2.813485 0.2511588
0.3876137 0.1670869
0.8238196 0.4363938
0.1684327 1.469122
-1.570459 1.637098
2.050856 -0.836263
2.129215 -0.0221125
1.237516 1.668586
1.380614 0.584906
1.328522 2.038041
-1.075506 1.578007
2.077283 2.143507
0.8985472 0.4617219
1.46568 0.1273171
0.5968958 1.540212
0.839694 3.010437
0.8158647 1.478092
