1.388409 1.368871
2.401988 0.5558142
1.426352 1.493571
1.890205 -0.3294685
0.07343032 0.7128679
2.487203 0.3301301
-0.5633317 2.016237
2.845744 0.9435408
0.9851563 1.062747
-0.9643203 0.6246615
1.344688 0.5832748
1.056539 1.183421
1.384852 0.933681
1.335241 2.252156
1.118029 0.3771863
0.3098225 -0.2031868
0.5455726 -0.4491274
-0.4353394 1.354669
2.068639 1.408361
1.717636 2.250029
1.245722 -0.5501203
1.254531 -0.3009059
0.7368232 1.067252
1.592508 -0.1933274
0.6091864 0.7291283
0.2730806 2.618311
1.919002 -0.5575796
1.46121 0.7508442
0.9948826 2.431609
-0.02899244 1.793678
2.006564 0.04757184
0.09825796 0.4671026
0.5622509 3.033137
2.674301 0.6145824
-0.6299458 1.56499
-0.3018052 -0.3675056
1.965541 0.3064502
2.11008 1.552405
-1.352932 0.8501316
0.6377491 0.5960151
1.0283 1.727194
2.842224 0.502604
0.02257675 3.206903
0.869859 0.07881293
-0.5414207 -0.9277753
1.182244 -0.1203483
1.943173 0.0962558
0.9282288 1.979625
3.475024 0.9092374
0.8960883 0.6851578
