-0.085785 0.8925608
1.383443 -0.1842897
1.573252 1.511211
0.004838931 2.307393
1.76805 1.94872
0.1413902 1.957929
2.076747 0.7713885
-0.1830409 1.202313
0.8846984 0.6927027
1.548975 0.5949259
0.4390052 1.234227
0.3299566 1.433916
0.3631915 1.835612
0.7759393 0.05000126
0.2409394 2.583911
2.011451 0.9136024
1.680177 0.07705698
1.301637 -0.4436671
0.4721002 -1.423052
2.848911 0.5718097
2.614491 0.3362773
0.03420478 0.4308524
0.2510098 -0.9001569
0.4835778 0.663466
0.9151391 0.04090937
1.772427 0.5596874
1.199429 1.154875
1.311836 -0.2756721
1.870052 1.451045
3.677224 -0.09344688
0.004702487 -0.8365134
0.04445429 0.05385424
1.7013 1.686754
1.040388 0.8567938
1.051152 0.8012019
1.01714 1.132226
1.149328 1.911759
-0.5673969 0.9948251
2.089361 0.6344707
0.8236742 1.676963
-0.7392918 0.6731754
2.013628 1.967983
2.054322 0.4354996
1.044824 0.06191109
0.1946126 1.709492
1.036928 1.916382
1.508858 1.699488
1.249518 0.4258256
1.631991 -0.1175596
0.5552766 0.4507925
