1.303491 1.425854
0.3329541 1.169531
0.910856 0.6089091
0.1706361 -1.632076
0.9591335 -1.151648
-0.2490394 0.7848748
1.198062 1.158024
0.259569 0.1846722
0.7751139 2.851796
0.5359471 1.794091
0.8164765 -0.1079487
0.650123 -1.557578
0.7005944 2.501817
0.6275729 -0.5094851
-0.07907278 0.6664063
1.712748 1.641316
-0.1288533 1.127908
0.4699715 -0.9379816
0.7039444 0.8832449
1.16437 0.5266584
1.3684 1.103265
0.9513824 0.4775282
0.1329646 0.9451806
1.373451 0.5170336
-0.1195238 0.1618125
0.3657287 1.902644
1.037287 -0.6505827
1.620086 0.04181457
2.140839 1.319254
-0.586315 2.243156
0.5950706 2.146857
-0.0349093 1.425784
0.8808047 1.542692
0.4647485 0.1808942
1.514859 1.799684
0.9972189 1.181851
0.306057 0.6220813
0.5885874 1.702848
0.7492534 -0.4481303
0.4821442 2.483885
0.0890775 0.06586033
2.009866 0.6202398
1.330356 0.503627
-0.7714008 -0.5386041
1.403276 0.3996427
1.182248 -0.438206
2.033574 0.5911318
1.8262 1.773105
0.6466391 -0.03184558
-0.1413932 -0.06173903
