0.4923724 0.7489854
-1.218985 0.963445
-0.05608168 0.906202
0.6790827 1.525989
-0.2210404 -0.1878721
1.085019 -0.2368095
1.788992 1.317348
1.024157 0.9210421
-0.8937092 0.3293136
1.818398 1.242516
0.8194404 0.6287453
3.565353 1.910765
1.875106 0.1557135
0.7565416 1.071072
1.776218 1.122241
0.8359741 1.317272
2.326125 1.547739
1.313514 2.269602
2.926125 0.6850608
-0.4795919 -0.333694
-0.0874895 -0.3925447
1.19076 0.6633628
0.1548303 0.3955341
0.9976343 1.869583
-0.2160699 1.071111
0.0988741 1.137225
1.345995 0.2490194
1.813521 0.8302222
0.4580844 1.553082
0.6539967 1.592226
3.83139 -0.05704974
1.873131 -1.513497
1.78242 -0.7916498
2.201483 1.296216
0.3057933 1.72272
2.096968 -0.985872
2.011832 -0.4569158
1.690709 0.9958804
1.99452 0.2108587
1.967641 1.125084
-0.270662 0.7688726
0.9088988 2.132514
1.251383 1.274077
0.5566622 0.2793963
1.491876 -1.165987
2.084987 2.535749
0.2428379 1.333232
0.7660871 1.704105
0.5276148 1.135925
0.2878276 0.04492769
