-0.138508 0.9303317
0.09387557 0.5276786
0.9398003 0.324971
1.491263 -0.07697389
2.098891 0.662559
0.407332 2.017293
1.211871 1.92525
0.8391551 -1.229637
1.891039 2.914923
2.650852 1.025768
-0.5261984 1.269263
2.565263 0.8741843
0.9779682 2.100956
1.039149 -1.137001
2.090729 0.6877488
1.923864 0.2235411
1.293014 1.163774
2.283789 -0.01027547
3.608157 0.9222793
0.3451888 1.552022
0.5860663 0.8322601
1.219326 0.3380066
3.267468 0.7937094
1.811421 -0.7819976
-0.5885652 0.1614385
1.420994 0.9514015
0.7427091 -0.9682267
1.209456 0.4484617
1.529165 -0.177324
0.5020459 -0.2822678
0.4968556 0.9528157
2.692528 -0.2740744
0.7046153 0.7945807
0.6225527 1.717411
1.462156 -0.6120328
1.73823 1.894868
1.949291 0.6360343
1.189742 1.160075
-0.3014054 3.105438
0.5154314 2.291573
1.311659 1.534394
0.4491479 -0.3506063
-0.707545 0.1403293
0.1679719 1.810753
1.153322 1.730245
3.180235 1.341492
2.035275 1.980762
-0.3818994 0.7274634
0.6472347 3.116702
0.1736881 0.06574163
