0.731443 2.204407
1.482483 0.0002753549
0.7668009 2.15953
0.7688476 1.065481
1.190878 1.612636
0.5686121 1.751784
0.1987107 0.1879834
0.9123749 0.5205352
-0.372545 0.4244496
1.151996 0.3537286
-0.8484211 0.03248701
0.08952695 0.3921824
2.481091 0.7335538
0.7909672 0.8352137
0.4088155 2.619637
0.8784276 1.579903
1.292575 0.02371337
1.708234 0.6640487
0.02163387 -1.123497
2.694891 1.635618
1.296535 1.532931
1.124178 1.000661
2.023715 -1.036061
1.351378 2.402423
-0.02847253 0.8412598
-0.2995721 -1.546818
1.79914 1.708882
-0.06729643 2.12492
1.252994 0.7734177
2.632664 -0.8966554
0.7721698 0.2523805
-1.302582 0.3508461
1.926366 2.974545
2.163551 0.7820213
-0.9198782 1.531018
0.6705513 1.091767
0.7772864 0.4617476
1.817016 1.251331
0.7151829 0.06877011
0.5449406 0.8696455
0.5522096 0.8107285
-0.1046765 -0.7272483
0.08162501 1.59635
0.1921575 0.3453198
0.05802474 -0.4834852
2.538177 1.973136
-0.2834114 1.549316
1.938569 0.3938822
-1.193456 -0.4085779
1.249925 1.006227
