2.923107 1.714959
0.7919724 0.4707851
1.374568 1.670777
2.391525 0.6932415
1.010878 -1.239038
1.751194 2.802952
2.000171 1.37394
1.163622 0.7664835
1.562003 0.09807074
-0.4115379 1.551464
1.259986 2.157315
0.3916256 0.8080568
1.761043 -1.738301
1.646188 1.4874
0.6038827 1.217736
1.264287 0.8231224
1.552262 0.4488332
-0.1359605 -0.5873542
0.5303691 0.3503343
2.46366 2.795629
2.179331 2.062746
0.9526307 0.7934973
1.562463 1.082673
0.1555373 1.466046
0.0539478 0.4245109
0.5892603 0.03625606
0.7592937 -0.09740509
0.9805162 1.493997
2.154326 1.054089
0.9107371 0.5445044
0.3785033 1.904985
0.6703093 0.07120334
1.783867 0.8537102
0.5424305 0.739983
0.6420277 1.810309
1.853639 1.439637
0.9134251 0.2246727
0.5216617 0.7835889
1.517007 1.523152
0.3212934 -0.1145513
1.471831 2.752348
-0.04178309 1.13131
1.519328 -1.563237
1.26821 -0.2183258
-0.03574701 -0.6610866
0.1227431 1.242449
0.8140415 -0.4540735
1.460965 0.8894717
1.158252 2.377639
-0.391938 -0.1693615
