0.4425482 1.495842
0.8029676 0.4017908
1.095619 0.1610008
1.134448 0.4322715
1.393196 1.485341
0.5483298 0.01541187
-0.2090911 0.7941226
1.698654 0.03424966
0.3301212 2.18318
0.9140877 2.222807
1.171237 -0.5495324
-0.2415088 -0.3085219
-0.278037 0.2787547
2.685551 1.688423
0.9469603 1.208075
2.139992 -0.2717149
1.018351 1.296652
1.188211 2.232613
0.7412753 2.355541
1.305927 1.027629
0.2980627 0.1102492
2.043822 1.43725
0.351546 1.76241
0.8480316 0.6347069
1.373973 0.1481012
0.172893 0.8159612
3.662651 0.377836
-0.5910717 0.4425898
1.345052 0.7105901
-0.6207394 0.4751882
1.774652 -1.401972
0.9290822 1.740769
1.233172 0.7252195
1.90898 1.667094
1.549871 1.99879
0.6259874 0.7611586
2.402892 0.1546138
1.84129 1.567801
2.010114 -0.1376298
1.136102 3.098716
3.289289 1.84655
1.975137 0.3976548
1.756666 1.698626
3.493076 1.401623
1.107308 2.268407
-0.7081497 1.220736
1.874951 2.147779
1.207741 3.132254
0.9173567 0.933662
2.120196 0.7211404
