0.2521528 2.538687
1.45819 -0.3226023
1.39617 -0.7207697
0.3550922 -0.1443351
1.232744 2.219505
3.23374 1.269411
2.568543 0.7921788
1.36541 2.018921
-0.0799975 -0.08909309
0.2256252 1.606118
0.2487742 0.9945312
1.162116 1.803944
1.559016 1.392141
0.3200594 0.6608171
-1.442659 1.656202
-0.9756142 2.197068
1.488474 0.53478
-0.0273154 1.34771
0.4641622 1.858344
1.495205 0.7879157
1.191605 1.923452
1.15029 1.068758
1.668928 1.271428
3.062321 1.1158
1.696279 0.4999448
0.4316179 3.176489
2.360897 1.983861
0.450777 2.52716
-0.8075171 0.4990621
2.611699 1.886113
1.564251 2.079546
0.9778537 3.707358
1.971855 1.158069
-0.6011457 0.3579091
2.091043 1.1634
0.1229353 0.08847126
1.377636 -0.6659675
0.7923812 -1.207752
2.050828 -0.307242
0.8025449 0.6345104
1.070755 1.665059
-0.59845 0.6121737
0.1853346 0.4119324
0.4497064 1.593873
1.278779 -0.9051193
1.829374 2.669996
1.750916 1.312679
1.291972 -0.887699
2.452665 2.328417
2.360725 -0.02411594
