2.501185 0.9416034
0.5625889 1.035579
2.03265 2.00257
1.199775 0.150961
-0.04464347 1.083836
0.05702707 0.7359637
1.574748 0.527065
2.09841 1.746431
-0.4676803 0.461307
1.032656 0.2781895
1.123223 0.7773665
1.871848 2.636249
1.043524 0.3327227
2.187056 0.4299705
1.87425 -0.5515977
0.8727667 0.8299665
0.5508886 1.559324
0.1709929 1.333636
-0.7542722 1.90983
2.438095 2.204232
1.537982 1.964568
2.338974 1.699168
0.659987 1.262284
1.630511 0.8592437
1.781651 0.7097775
-0.294069 1.246571
-0.156147 1.70881
0.682103 0.5717192
1.343266 0.9583524
0.2748588 0.1263221
0.8686978 1.435899
1.343489 1.166602
1.247739 3.076348
1.015541 0.5361983
1.972394 1.643676
-0.5147239 -0.093372
3.665611 0.8402674
-0.1300232 1.017929
0.8168166 0.5092414
1.72316 1.040087
0.3870757 0.1862792
1.250048 0.9674186
1.922585 -0.3459591
1.125007 1.966221
-0.5665686 -0.4775467
0.6288318 0.2036668
1.335572 1.067609
0.56926 2.903819
-0.4157217 0.4578643
-0.9610718 -1.14764
