1.395861 2.947579
0.9532105 0.6515539
1.168178 0.7314392
0.9547495 0.7362704
1.780133 -0.5303664
1.467428 1.876375
0.9157526 0.2124271
2.619538 0.04897577
1.534821 0.01527035
1.253458 -0.4964179
2.346397 -0.5314141
1.46065 0.6571575
-2.228971 0.6725409
0.1614562 2.337656
-1.158877 0.5390877
1.005661 1.796094
0.8706815 -0.7535076
1.378468 1.186874
-0.03679666 1.056522
1.508708 0.8703584
-0.2834814 2.184208
0.6189472 1.771017
1.80895 -0.3779404
-1.517139 0.3504779
1.531646 -0.868436
0.7654332 -0.09709146
0.9095857 0.1410411
-0.8876247 1.677434
0.6219191 -0.6528165
2.842562 0.9928817
2.210768 0.5918536
2.108017 -0.219331
0.4997115 1.237284
1.619157 0.1888208
1.007518 -0.3416863
2.529855 2.030983
1.271298 0.493354
-1.034558 1.175238
0.9101983 -0.7853615
-0.4354371 -0.1349653
0.6576166 1.50022
0.9676006 1.272804
1.519854 2.113485
0.2527702 1.096321
1.652948 1.23346
1.518144 0.371932
1.04619 -0.5832375
2.519311 -0.6273495
0.04398908 1.1968
1.916016 0.4767145
