-0.9662932 3.461456
0.4821669 1.090679
2.065113 -0.05542413
-0.0264256 -1.056546
3.757873 1.199909
1.308435 0.4129665
-0.8379371 1.24972
1.330502 1.685571
0.7335805 -0.04039429
1.19041 -0.3970784
1.028429 -0.3283023
1.404114 1.156878
0.6645842 1.172158
1.248518 1.708243
1.172362 0.2936596
2.70608 1.224428
3.200374 0.9582858
0.5654656 0.1014907
0.1594738 0.3765555
0.2287015 1.023113
2.519852 1.286764
0.7204732 3.29099
2.172968 -0.2722882
1.144852 0.8726961
0.193106 -0.5062595
1.442179 1.140315
1.520726 0.8688354
1.647052 -0.4633532
0.374675 0.1159275
2.902736 -0.3149172
0.6438871 1.255437
0.6971083 2.105794
0.5382884 -0.5058187
2.252189 0.8200343
1.361331 1.028827
0.2566257 1.16961
-0.5803567 0.4089996
-0.4686933 1.055816
2.562538 0.1120412
1.944583 0.5389246
2.158362 1.742425
0.6947371 0.3591015
2.301137 1.441694
2.864066 1.568015
1.529225 1.066386
0.8590004 -0.9637043
0.8949596 0.9441619
-0.1796069 0.922371
0.4412191 1.037277
1.208815 1.75899
