0.9096065 0.1850039
3.435353 1.825255
1.336756 2.292706
2.15878 -1.430962
0.8949226 2.287906
0.9894477 0.8072013
1.103655 2.005972
1.962359 0.8004174
1.024837 0.9828518
0.365369 0.8048768
2.257459 1.237539
4.060527 0.188572
2.388268 0.3995783
0.9339893 -0.3347721
3.302153 0.3380269
1.887545 0.6569069
0.6127643 -0.2580664
0.9797928 -1.07357
1.957943 -0.3239492
-0.1596784 0.3830352
-0.5231304 1.697098
0.1147204 0.7763691
2.411748 1.860248
0.9845522 0.2570694
-1.348503 0.8100528
-0.8075382 0.7630345
2.227788 1.722973
1.235361 1.36133
-0.5624278 1.899315
0.817939 0.6624703
-0.04013478 1.138298
0.2335795 -0.01551139
1.535945 -0.09291609
0.7704132 1.182818
2.500646 2.913192
4.820003 3.680328
0.07658358 2.907485
0.463097 2.347252
0.3234937 2.004642
1.340369 0.3825223
2.067425 0.2108617
0.2156279 1.025584
-0.3496289 2.734033
0.9937275 1.747815
2.332789 1.752089
0.8850747 0.9530505
1.314459 -0.8001274
0.9036736 -0.7927298
-0.8000782 0.9477343
0.2860462 -0.6248642
