2.21991 1.413942
3.248782 -0.7803514
0.4522961 1.422294
1.187092 0.1896843
1.380458 1.223373
0.3093788 0.7512024
1.54813 0.2373625
-0.4414412 -0.2962985
1.100989 -0.8864267
0.7962566 -0.474922
0.6911252 2.016098
0.3499869 -0.3749321
1.695158 3.069394
1.986195 0.2951228
1.59734 -0.4322926
-2.692018 0.4594786
-0.1088928 1.303478
1.358845 -0.5020482
1.463907 0.842235
3.364973 -0.1922662
2.515022 0.6606404
4.508697 0.8749217
1.834704 1.648098
-0.4722148 -0.7212645
0.270586 -1.506236
1.911571 0.7433395
2.152859 1.850823
0.6064917 1.735648
0.6960615 2.277635
-0.6385452 0.7356013
1.74399 -1.399931
-0.814424 1.394284
0.02784695 0.9800662
2.03143 2.710007
1.646038 -0.4150442
-2.234827 0.3285765
0.115746 0.5122544
2.158613 1.195242
1.982297 0.3410958
2.482121 1.056267
1.43827 0.2005616
2.745456 0.9723972
0.211063 0.9204793
2.766053 -0.09736032
-1.828895 0.2636948
0.6829346 0.01319458
1.061086 -0.4419317
-0.6595139 0.588366
-0.1179469 -0.9003517
-0.6534065 0.7031518
