0.02476629 2.294761
2.401649 0.3649708
0.4509964 -0.03220378
2.605129 2.163717
0.9936092 0.6775748
0.6778528 0.4265847
-0.3873091 -0.3710821
2.77997 -1.135694
0.7074267 0.5658521
0.3916607 0.0689075
0.9106805 2.644034
1.392118 0.2848527
3.361194 -0.1586018
1.427372 1.437221
0.05393187 0.2147249
0.9546432 0.6740703
-0.7143094 1.083102
1.001956 1.113058
0.8501102 0.05498051
-0.1603676 1.618908
0.591004 2.637019
0.4222964 -0.08244377
0.5384752 2.087898
1.218575 0.7467314
1.00539 0.8175249
1.080642 0.978938
2.207417 2.377702
0.4365125 -1.313447
0.2821907 1.14383
2.746393 -0.9638543
1.099022 0.8281749
1.759567 1.716889
0.5730985 -0.7736589
2.826777 0.3895299
-0.704937 2.593992
0.9923905 1.300275
2.619056 0.591065
1.641922 0.1828361
2.072291 0.8504753
-0.1258501 0.9555027
2.538471 0.9862891
0.2841697 0.7819203
1.838281 0.02558188
1.05167 -0.2467145
0.2266441 0.1521244
0.9917084 2.494551
2.618104 1.226377
1.313769 2.267676
0.1405572 -0.01676629
2.713531 1.413282
