1.73497 -0.1760136
1.760822 -0.0169108
1.787774 2.119322
-0.1730972 -0.1801243
1.536919 0.8081215
-1.704034 0.9437446
-0.06454801 1.806747
0.5388873 1.13818
0.8973287 -0.7021012
2.126371 1.846424
0.8384886 -0.4958248
1.104689 0.6557619
0.09309391 1.994004
1.241913 1.12594
0.3889922 -0.01373455
2.296698 1.616907
0.1458245 2.914838
2.028191 1.236415
0.2851382 0.5110189
0.466161 -0.08915485
0.7493928 0.5597135
1.192475 2.137094
0.4265344 1.103459
3.051374 1.010474
1.877994 -0.4037308
2.114683 1.728227
3.607478 0.0811563
-0.4844777 -0.4550666
1.454069 2.735314
1.61883 2.62295
0.3340699 0.1338482
0.8660199 0.4938005
2.580063 1.619257
0.5350304 -0.02802231
0.3745635 -0.08889077
1.173384 -0.68684
0.6047189 1.612558
0.196506 -0.3922545
0.4967125 1.522415
0.6251567 0.1563768
-0.03341015 0.01894765
2.289466 1.112444
1.696955 0.7004867
-0.1672356 1.216749
3.287158 0.9664274
1.33637 0.718203
1.300567 2.578103
0.6860398 0.9756383
0.7618123 1.084458
-0.501655 1.650942
