2.790583 1.544421
-0.3685457 0.117
-0.1231137 1.392731
-0.4015736 0.6188071
1.602881 4.329181
0.8484894 0.8291071
1.125932 1.626212
1.726424 -0.1234699
0.2650867 1.796923
-0.7795603 0.372303
2.650771 1.113632
0.6732003 1.425478
1.512035 1.060808
2.901573 0.5613398
0.003677818 1.253278
1.953438 -0.3495298
0.7973773 1.685804
2.310977 2.01032
2.41521 1.475052
0.6032142 0.5415079
1.770638 1.10696
2.074779 -0.7470161
0.2891661 1.489062
2.141986 0.9993426
0.7487588 -1.471237
-1.124271 1.400224
0.7788408 1.435354
1.675086 0.8020014
1.068198 0.2310611
0.4116241 0.5361814
0.4555467 -0.1217167
2.121904 2.343665
1.461778 0.5904001
2.1537 0.696958
0.8252425 0.6077493
1.538557 0.2388785
2.278919 0.7323164
0.5303234 0.4851586
0.94588 0.2239361
1.678621 1.146542
0.4105962 0.9331098
0.05348958 1.235365
0.7488041 -0.5594512
-0.4662181 0.0621774
2.143827 1.049171
1.121684 -0.1049637
0.3304481 1.343783
1.516564 0.5200974
0.6396951 0.9330932
0.6879251 0.1741746
