1.905051 1.039942
0.7522145 2.666466
0.2497512 -1.061467
-0.4349967 0.3823242
0.8968999 -0.1187068
1.377502 -0.51937
0.2507878 3.149861
1.767471 0.3406001
-0.2572587 -0.3113825
1.06776 1.630792
1.359124 2.231994
4.151006 2.196014
0.1964687 -0.7891742
0.7487044 1.434026
1.803979 0.6925643
1.409869 -0.2174144
1.747998 -2.215604
1.006362 1.834974
1.805828 0.1916437
-0.2040929 3.157603
-0.1689348 1.248632
-1.042918 -0.04478468
1.574154 1.286497
2.254779 -0.17514
2.441332 2.473596
0.8406956 2.353308
1.444264 -0.4065225
1.586735 0.5475583
0.02673522 2.316559
0.1203682 0.5268865
1.470219 0.5935618
1.319688 1.203679
1.059838 0.07658722
0.4862775 1.347028
-0.568608 2.875965
0.7786191 0.6134516
0.8583617 1.014057
0.7732 0.6720543
2.206192 0.6756894
-0.0275849 1.161822
3.417954 1.679897
2.127227 -0.09018547
0.6903295 -0.08009243
4.525752 1.073729
2.27542 2.446045
-1.031281 1.78456
3.334754 1.164402
1.460978 1.107597
-0.04151566 -0.3765636
1.568188 1.3489
