-0.06985135 0.8998636
1.438687 -0.08188619
0.3529377 2.339877
0.3609742 -0.596953
2.143662 2.152054
1.265929 1.196169
0.7114756 0.3745381
0.3190764 -0.2811372
1.210624 0.6562801
1.045509 0.4873676
-0.163998 0.6570633
2.121222 -0.196585
1.406499 0.8308998
1.496438 0.1424046
1.288857 2.158141
-0.740941 -0.607866
-0.8782244 1.503974
1.306604 -0.9362973
-0.1860695 0.8107999
-1.279194 -0.2144524
1.087189 1.506449
1.285433 1.118575
1.298591 1.57622
-0.01790122 2.321796
1.66223 -0.7405048
1.369631 1.072675
1.91357 0.6018101
-0.04776466 -0.1630283
-0.4683689 -0.4630484
3.09308 1.915086
1.504821 1.108392
1.145047 0.988188
-0.5885173 0.6816426
0.9563408 2.804811
2.429481 0.2107635
2.539296 -1.261593
2.394833 0.7570807
0.581995 1.680809
-0.4092309 1.5849
-0.6674426 -0.9443655
-0.4606646 -1.101882
-0.09626148 1.406476
-0.69878 0.6068195
0.3474478 1.627931
1.095578 0.2677232
2.356499 1.138463
0.903529 0.7037924
0.9657676 0.5979748
-0.1784527 0.4397162
1.540496 -0.4050217
