2.819793 1.096641
0.2462669 -0.1304871
0.7878468 -0.980492
1.304351 1.615718
0.7826164 0.9387071
1.146109 -0.04542719
-0.01610848 -0.1977673
0.4472857 0.9838334
1.145312 1.650823
1.329439 0.8046522
0.8525251 0.06721009
2.340508 1.026027
1.386698 -0.5231643
1.687506 2.545872
1.535217 0.486631
0.7776478 2.134579
-0.7154038 1.401303
1.26511 1.904951
0.7576878 3.154926
1.941998 0.1807271
1.140061 -0.3223931
3.020579 1.431155
1.91111 0.5869509
0.2229262 -0.2821356
1.936287 0.1450726
0.9529438 0.722612
2.208938 0.5121094
0.2183821 1.846554
1.128285 2.153284
-0.9934963 2.172492
0.7375746 0.2215516
1.576826 1.463783
2.520724 -1.282435
2.742097 -0.4074128
-0.5005213 0.2102781
1.038741 2.225562
2.138 1.131938
2.490171 0.8214204
2.39959 2.04035
1.171496 -0.1351163
0.8997163 1.790247
0.4715483 2.188971
1.467937 0.2761738
1.277299 1.051978
0.3702378 1.207335
2.577484 2.659499
0.07396903 3.143142
0.5822135 0.2741503
1.528576 -0.1770707
1.512345 1.675268
