1.013466 -0.5623663
1.28291 1.263885
1.629003 1.256532
1.512867 0.1477339
2.884817 1.160521
1.866181 2.247216
1.281546 0.2233477
2.106611 0.7975405
1.993338 1.571271
0.8533042 0.7782987
1.031957 1.400443
-0.8492841 0.3033785
1.608815 -0.03005694
0.9370181 0.9480254
0.4165359 1.317718
0.4513458 1.581549
1.523051 0.7050423
-0.339107 3.274807
1.990874 -0.6204213
1.711976 -0.7511734
2.455079 0.07555942
-0.2693173 1.140654
1.29142 -0.4820566
-0.2917315 1.678162
3.157457 -0.8505171
2.617308 1.439956
0.6897378 0.4305941
1.579279 1.038493
1.786994 0.5873378
-1.340603 0.9015801
2.516326 0.603149
1.126485 -0.4193628
1.079115 -0.2611533
0.5299682 0.4510085
1.865134 1.55952
1.4564 3.048707
0.6834806 -0.04190136
0.5261895 -0.1382757
1.982844 0.407424
2.359014 -0.3300521
1.65877 1.234594
-0.07188478 0.5042976
1.358691 2.090394
0.399896 2.023051
1.258329 -0.4419354
1.036197 1.717307
3.388463 0.7196031
0.3415255 0.5680709
1.789163 1.731442
0.158707 -0.3425492
