-0.04489686 1.757525
0.7884301 -0.9546048
-1.449623 1.77871
0.6250818 0.7083221
0.4634183 0.8554291
0.08434844 -0.7349397
-0.1126418 0.8589284
0.9140337 1.715207
0.5199366 -0.1057264
1.003623 0.4881166
0.7583512 1.426559
1.51351 0.8091336
0.9218514 0.2654941
2.204589 -0.2778601
-0.06169847 0.5591715
0.4761607 -0.344646
1.104384 1.082757
1.592605 -0.218389
1.94516 0.271506
0.6355226 -0.03615151
0.4245983 0.1139795
0.7250821 1.425615
1.022723 2.857078
2.25872 0.09419356
-0.5762746 1.46684
0.7137049 0.481974
2.226717 -0.4287523
1.941739 0.5476841
0.6930624 0.8935023
1.232876 1.744843
-0.3467651 0.736073
0.1166945 -0.2142513
1.021813 1.696578
0.6991381 0.1428999
-0.7012025 0.524407
1.760696 0.5524266
-0.819485 0.3422917
2.178644 -0.5444618
1.783768 1.296022
-0.7817538 0.8279089
1.132997 1.803954
1.736765 -0.2880125
2.437695 -1.094969
0.04681697 0.8144847
1.635351 0.4935369
0.151636 0.09005101
0.423505 -0.624635
2.124587 4.089185
-0.8106869 0.9259414
1.4632 1.910833
