1.390367 0.2336939
0.5176158 1.254464
-0.8608907 0.7260882
1.387706 0.4388488
0.5029587 -0.4138452
3.079758 1.406081
1.270329 -0.2834716
-0.02421993 1.027609
0.7367426 -0.6540691
-0.2572302 -0.9145708
1.624516 0.5263212
2.468935 0.4225325
-0.2970301 0.1695104
2.699995 1.026531
1.233238 2.181739
4.301876 0.4662866
0.856865 0.5584826
-0.5659038 -1.126064
0.2148458 2.131395
1.023701 1.291213
0.2875822 -0.08988783
2.695185 2.316069
1.116506 -0.05645006
0.9310948 1.026718
0.2134011 2.828743
-0.05837474 0.8755136
1.061075 -0.3965626
1.469081 1.306186
2.073153 1.21909
0.505397 1.204347
3.12052 1.456601
1.6426 0.1822381
2.802687 -0.9481528
0.7594107 1.683018
0.2214638 -0.119384
2.717688 1.905377
1.503598 1.356789
0.7353924 -0.3960034
0.6599467 -0.1209319
-0.1612223 0.3839156
1.102964 0.3872696
-0.1297877 2.142107
2.875951 1.055851
0.3756196 -1.494455
1.081677 0.5337648
0.6049269 0.7393865
2.988962 0.648629
0.01250862 0.9150835
1.236601 2.1759
1.456314 2.267524
