-0.04329527 0.6306612
2.514352 1.998765
-0.4560777 1.060784
0.3066328 0.6119576
0.4023513 0.3423136
2.72488 0.1536273
1.48275 0.3581689
1.321932 -0.2401216
2.04977 0.3461071
2.111438 1.817207
0.02497034 -0.04935712
1.540225 0.7550481
0.5948217 2.945457
-0.152835 1.220943
0.1836753 0.9396565
0.9400212 2.836731
2.875433 0.3323779
0.4360548 0.279551
-0.00586197 1.971943
0.341073 1.19984
1.28332 0.3102984
1.73008 1.306172
2.184123 -0.002353515
-0.4800684 2.279971
1.808542 1.862936
2.171842 2.921675
-0.2271815 2.485848
0.7639543 -0.4581669
2.733771 2.074432
1.825329 1.619952
-1.209372 -0.7680508
2.046031 0.1388652
0.01942792 -0.1776292
1.667109 -0.6458677
1.461883 0.3909191
0.1478248 0.8205459
-1.01111 0.1250551
1.18785 1.399594
0.8986477 1.089612
-1.034819 0.6333492
1.87945 0.3804735
1.815922 0.4360436
1.187544 1.061946
1.129211 0.6905344
1.0707 0.6216589
0.6514436 1.402067
1.795327 1.480537
1.10078 0.8531464
1.130472 0.503963
1.110834 2.251885
