2.577644 1.425769
1.175758 -1.12705
-1.350198 1.265246
1.364177 1.99096
1.040712 0.3591861
0.7167553 0.7642517
0.1690054 0.2961986
0.2544765 0.4568662
0.2001557 1.136536
0.02789565 1.715922
0.5561631 0.809515
1.208368 1.214277
0.5504255 2.542175
1.939888 2.062933
1.737664 1.696474
0.6920758 0.9698565
-0.00798401 0.4175923
-0.2539355 1.75787
1.754984 0.5042751
0.6114352 1.339446
-0.2782102 -0.3854106
0.8484122 3.51373
1.306653 0.04267361
2.60318 0.4531841
3.358242 0.6207053
2.743587 2.710425
0.5623994 -0.93717
2.540663 1.938006
1.438485 0.7399968
0.3507936 1.61461
0.9922223 0.76495
-0.9968346 1.976261
1.021296 0.031532
1.200312 -0.2853634
1.634518 1.41902
0.4615704 1.906469
0.9144584 0.05356183
0.4225026 0.1143217
2.377103 2.417676
2.361253 0.9513382
1.910669 1.617622
0.8671829 0.6355627
0.9522061 0.02598983
0.05582214 1.18254
1.242904 2.181109
1.441532 1.524871
0.08453701 0.9640796
-0.9149651 1.884208
1.570844 -0.4473324
0.3530145 1.587782
