2.356398 0.9024124
-0.03489307 -0.2910273
1.245944 0.6070256
1.314425 0.5287638
-0.241304 0.8279761
0.9175604 0.5361827
0.7998992 0.2418124
0.9605748 1.210524
0.8717835 2.562967
1.102527 0.5772174
-0.385712 1.411975
-1.159225 0.1595443
0.4813088 1.58803
1.668144 0.2845145
3.109355 2.253539
1.490724 0.4619409
0.01403656 0.08195889
0.3918949 1.460219
-0.008813359 0.7706392
0.5938065 -0.6099105
1.202838 -0.7366495
0.5528663 0.6023166
-1.082085 -0.09632767
3.157179 -0.5521714
1.373512 0.1696499
1.677307 1.01957
2.880888 0.8483002
1.849541 1.17167
0.9733481 1.071233
1.028408 2.381266
1.479375 1.252879
1.969232 1.133575
-0.3415994 2.639238
0.5433241 1.952488
2.55313 0.9420179
0.1490421 0.5783579
1.706175 1.874573
1.352025 1.955082
1.5739 -0.6593171
2.827909 0.2239942
2.002872 0.09813143
0.2562732 -0.3225571
-1.347514 -0.2089896
0.2975121 0.2170849
1.83057 0.4875795
1.48606 1.69715
0.2318968 1.411799
-0.3511923 0.107899
1.097671 1.432206
1.726282 -0.4937073
