1.083519 2.592805
2.129041 0.4362391
0.7372382 1.125064
0.8824986 0.7854924
0.5382607 1.958772
3.477483 -0.4976769
-0.9001887 1.110378
1.669021 -0.166522
0.4987504 2.783164
0.2001828 0.8464371
0.1116249 0.6751569
1.828949 2.361524
2.313803 1.751295
1.726185 -0.6121627
0.7511903 0.9697872
1.944434 1.520588
-0.1957741 1.197509
1.429119 0.5327908
0.9219411 -0.7983657
2.09456 1.616005
-1.043555 0.2701311
0.6838751 1.915344
-0.1554715 0.6556065
-0.03443767 0.2097817
1.130936 -0.1294557
1.43774 0.4127986
0.8151685 1.115797
0.7774713 -0.8573654
1.448634 1.047396
1.037641 -1.122707
0.4061772 1.067349
1.271605 0.974606
2.114536 0.5080494
-1.43477 0.1080934
-0.8322577 1.203688
2.078572 0.2064446
0.7975675 1.431449
1.055173 -0.4681877
0.2981861 0.1569484
-0.06595919 0.1574656
0.5786069 0.2961067
0.7535929 -0.6076826
-0.5855306 -0.1547436
0.254269 -1.182579
1.904739 -0.4266037
1.231463 -0.01361764
1.452711 0.1873393
2.179599 1.409518
1.317593 0.9934919
2.193641 0.5533114
