2.312468 2.633451
0.6339889 2.147506
1.869609 -0.1924922
-0.9962669 4.172749
-0.5576628 0.9027366
3.56117 1.294125
1.715329 0.5182906
2.674383 0.6512141
1.783775 2.408587
1.542958 0.5368994
2.031128 1.515433
2.020862 0.07585401
2.154232 -0.672547
-0.97335 1.971265
0.280488 2.187448
0.89262 0.8664153
0.07857238 0.09348902
2.857932 1.676165
1.768107 1.529316
1.31411 0.5977221
1.964767 0.3860886
1.944584 -0.9349043
1.435454 -0.2895434
0.6507492 1.733501
1.755649 -0.2028144
0.3352179 1.146426
-0.2177524 1.372911
1.8669 1.078157
1.453161 -0.4130987
2.011336 0.3519835
2.857229 0.7721628
2.248107 -0.3795359
1.126191 1.678233
0.7840397 -1.10568
1.350437 1.688444
1.405073 1.108867
1.890018 0.7918653
1.187844 1.74055
0.5335511 0.06719015
0.4870803 2.22638
0.4703212 0.2882394
0.116876 0.0147647
1.434184 0.3774308
-0.06272695 -0.1448846
0.7914728 0.8266257
0.8780816 -0.262378
0.8259667 0.0630657
0.8992675 1.893135
0.3445624 0.09115072
0.7737679 1.155477
