0.9023928 0.7535548
-0.3892619 1.219396
1.541626 -0.289629
1.527866 0.9011472
1.183573 1.084429
-0.5623477 2.390532
1.545928 1.716016
1.952873 -1.545121
-0.3187915 -0.01206499
1.338702 1.520524
1.413527 0.7340022
0.2662322 2.445663
1.401695 0.1725035
2.38787 1.958366
1.298893 1.43135
-0.9156065 0.9619297
0.1606982 2.714126
-0.08969378 -0.106852
0.2301145 -0.6879067
1.396817 -0.2963174
2.08196 -0.4520105
0.8583895 1.369799
0.9967227 -0.3907002
2.825745 1.51236
1.024861 -0.2725495
0.8731191 2.303806
1.013996 0.9127577
-0.7335438 1.447338
0.5037083 0.2291507
1.087559 0.3962314
2.038502 0.2941146
1.287105 0.8860822
2.778842 1.96216
1.22015 0.6190487
2.249221 0.7849163
-0.151081 0.1408305
1.794167 1.132668
1.148495 1.948041
0.4970395 0.7435585
-0.2949025 1.338002
1.744751 -0.4933369
2.95125 -0.9869861
-0.8883254 1.156354
0.4378856 -0.869716
1.300751 1.007098
0.7724938 0.517535
-0.4315629 -1.270037
1.226915 1.3746
-0.09234211 -0.4778134
-0.1527087 0.5518338
