2.281338 0.7180804
2.368538 0.8088656
2.130997 2.717295
-0.4411087 2.140121
0.2387564 1.111942
1.676468 2.215527
1.23224 1.90389
0.7667999 0.4421338
1.606483 1.300556
0.9696886 1.343703
3.952888 0.9464146
0.9003468 1.62274
0.9106233 0.683439
0.3834804 1.511089
1.867648 0.6471365
2.680539 1.487719
1.489749 2.538745
1.537318 -0.4217827
1.499331 0.2121267
1.376356 -0.4202466
-0.4591158 0.6977209
1.235239 0.4058188
0.5618397 0.4306122
0.5568421 1.01823
-0.1400722 1.934555
1.964759 1.941039
-0.4954681 -1.836658
-0.2073256 1.882889
2.325037 1.592124
0.00370068 1.658717
1.916513 1.678085
-0.4393416 2.265758
0.1928714 0.0002219939
2.032795 0.8251486
0.3176519 0.9371866
-0.9935592 1.360083
0.8214086 1.324817
1.261098 1.512651
0.8917869 -1.591455
0.6007461 0.2955053
1.988325 2.63882
0.7990491 0.6046878
0.6563933 -0.0714917
3.185201 1.139427
-0.124148 0.04760542
0.5230763 1.930859
0.3184741 0.4197744
2.214929 0.3993571
1.263737 0.3131257
0.8054707 1.770636
