-0.1775063 0.9131297
2.192877 -0.8467855
-0.05652811 1.149033
1.702944 1.84918
3.552805 0.7310625
2.381023 1.215296
3.401964 -0.6305798
-0.3267445 1.067434
-0.3022226 0.3411252
0.9030326 0.9267127
1.161038 1.096728
1.112373 0.9358825
1.260063 1.787574
1.301989 0.8842675
1.414766 3.038768
0.7084961 2.447926
1.202646 0.8267646
0.3859113 0.5380618
2.120413 1.149063
2.290653 1.516909
1.595428 0.2892617
0.6780236 0.2377159
1.210221 0.2710765
1.31161 2.098197
1.625521 0.5932745
0.3513913 2.159716
1.6646 0.5758375
1.615096 -0.1759019
-0.1164553 -0.07240336
-0.2263391 2.454336
-0.2995237 0.7581167
-0.6620148 0.950081
2.901435 0.6206925
0.5172198 -0.4304362
0.2267527 -0.3136241
-1.804504 0.621755
1.15482 0.09503463
1.602673 1.271594
0.739811 0.3019233
2.179511 -0.6295703
2.288777 -1.069252
1.376459 -0.3406152
0.5877326 -0.8832884
1.158504 3.832215
1.958802 1.719528
2.956412 -0.3495712
2.2374 2.868249
0.3365255 0.8066213
0.7908103 0.593231
1.561829 1.22969
