0.3171486 0.5059491
0.5520229 1.264265
1.546698 0.047492
2.150478 -0.6690304
0.4163469 1.119923
0.8979556 0.7995911
0.6784623 0.5493557
1.896639 1.685882
1.984649 0.8671642
1.924718 0.2277013
1.614896 0.7175795
1.602497 0.1683159
-0.644841 0.7149756
0.8026463 1.819984
1.671132 1.993311
0.9001685 1.338447
0.5485895 0.7876191
0.9784984 1.622201
2.584379 0.2847063
1.033718 -0.321082
2.214855 -1.226321
0.413653 0.3788302
-0.2392662 1.796943
1.551368 1.503035
1.595454 0.4211573
0.6271233 -0.4680982
1.198544 -1.495011
1.853496 -0.1672876
0.6708276 -0.1470643
1.090422 -0.7886072
1.955833 0.3591088
2.305031 -0.5170227
0.1496045 0.5200641
0.4595072 -0.5361373
2.595342 -0.1715537
2.80106 -0.2316448
2.075187 1.844143
2.438649 0.518826
0.4182012 1.475345
0.6458619 1.016227
0.8245191 1.845773
1.106223 0.2021529
-0.5759095 0.9602164
0.05471244 -1.631864
1.118506 -1.626978
0.3317263 -0.3353999
-1.378353 -0.07599286
-1.223402 -0.396845
1.817112 -2.380008
1.451999 0.9292262
0.2559512 -0.08358502
1.001508 1.708505
1.069531 1.365499
3.201154 2.032521
1.375134 -0.1551964
1.834975 -0.4965678
1.551393 1.328817
-1.924018 0.1213372
1.454388 1.646976
0.7389111 1.462941
0.9112293 0.8429653
1.970943 0.8893245
2.108171 0.2123571
-0.2536513 1.590567
1.327915 -0.228552
1.570819 0.9275375
0.6266975 2.82827
1.55618 0.5766123
1.001343 0.4838702
-0.7489585 0.8380124
0.1276156 1.255692
0.1287119 0.2664102
3.233269 1.514265
2.0651 2.684149
2.191276 1.238218
1.30323 0.6396993
1.461538 0.1198674
2.645053 0.3157326
1.703155 -0.254026
-0.8899193 1.542658
1.554017 -0.1180466
0.4917043 -0.6930791
2.801119 1.012428
0.5031423 0.2811874
1.214186 0.7395416
0.2351233 0.5298562
0.5628333 0.03475701
3.308172 2.22811
0.9726684 0.3825871
1.126284 -0.2224977
0.5066457 1.26345
0.7439707 0.8202972
1.728816 0.7492733
-0.242484 2.684274
2.531237 0.05772989
0.9374063 0.06366864
0.6987207 1.49184
2.057319 0.1809397
1.9666 0.4473056
-0.04258751 1.805382
