1.383798 1.43497
-0.138465 1.460822
-1.227201 1.487774
0.4961887 -0.4730972
-0.07926254 1.236919
1.466284 -2.004034
1.234583 -0.364548
-0.686767 0.2388873
0.1973953 0.5973287
2.499496 1.826371
0.4570925 0.5384886
0.7151394 0.8046885
1.489388 -0.2069061
1.833135 0.941913
1.689795 0.08899217
1.276238 1.996698
0.8682858 -0.1541755
1.547185 1.728191
0.4304776 -0.01486178
-1.182142 0.166161
1.315927 0.4493928
-0.01937537 0.892475
0.926524 0.1265344
1.685859 2.751374
0.884107 1.577994
0.2483032 1.814683
0.1466392 3.307478
0.2062312 -0.7844777
1.514224 1.154069
0.6337342 1.31883
-0.002827364 0.03406988
-0.6409943 0.5660199
1.59801 2.280063
0.9270221 0.2350304
1.147894 0.07456352
0.9422442 0.8733842
3.140554 0.3047189
0.3564861 -0.103494
2.118441 0.1967125
-0.01167366 0.3251567
0.07885071 -0.3334102
2.530986 1.989466
1.840411 1.396955
0.8247699 -0.4672356
0.9375456 2.987158
0.5116889 1.03637
0.1901774 1.000567
1.769405 0.3860398
2.173444 0.4618123
1.321014 -0.801655
0.6446033 -0.2760136
-0.8209716 -0.1169108
0.9175501 2.019322
-1.594014 -0.2801243
2.570896 0.7081215
1.068526 0.8437446
1.483669 1.706747
1.826047 1.03818
0.2239077 -0.8021012
0.7313112 1.746424
2.0718 -0.5958248
0.7471615 0.5557619
-0.2912251 1.894004
0.4561455 1.02594
0.4567054 -0.1137345
0.366401 1.516907
1.380641 2.814838
-0.2843386 1.136415
-0.08132414 0.4110189
1.725381 -0.1891549
0.9774857 0.4597135
1.458554 2.037094
0.9422449 1.003459
0.90888 0.9104743
-1.248479 -0.5037308
2.388008 1.628227
0.7444752 -0.0188437
1.422425 -0.5550666
1.826091 2.635314
2.263931 2.52295
1.986281 0.03384823
2.604768 0.3938005
3.182756 1.519257
2.53928 -0.1280223
1.648291 -0.1888908
1.718881 -0.78684
0.3858055 1.512558
-1.954202 -0.4922545
1.543032 1.422415
0.8878669 0.0563768
0.8805452 -0.08105235
-0.4970283 1.012444
0.5245739 0.6004867
1.514266 1.116749
0.671666 0.8664274
0.2146526 0.618203
1.896815 2.478103
2.887061 0.8756383
-0.8165142 0.9844583
1.787263 1.550942
