1.1825 0.7028707
1.225642 1.910169
1.882632 0.5653477
0.06421389 -1.029924
1.051852 1.397777
2.380741 0.4641359
1.536618 -1.349953
-0.7600528 1.632733
0.880694 -0.7830306
3.328333 0.4257672
0.2483102 1.808179
1.103139 -0.3266242
2.678711 -0.1545996
0.1806984 1.12181
1.192411 0.4614753
1.266759 0.5650659
1.405442 -0.7842017
-0.4073217 0.6448363
0.6919597 -0.4143285
2.307128 -0.1126546
1.786027 0.07577448
-0.4506358 0.5393545
1.901283 0.7906967
2.541038 0.5906671
2.06676 1.252155
0.516107 0.4070097
1.366851 0.7775993
1.395983 1.054845
0.7487662 0.9903271
1.27212 -0.3707427
0.1601064 0.09231846
1.807649 -0.1366114
-0.7554767 1.27933
-0.26078 0.6327849
1.505386 2.584108
0.431857 -0.08216518
0.9539408 1.4912
2.246606 2.329861
0.3657847 0.8873019
0.0830488 1.976575
1.322814 -0.3383532
1.662949 1.336033
1.349687 1.793149
1.088693 0.2520858
0.5149294 1.383465
1.849796 1.206961
0.3597356 1.540201
2.239062 -0.5812032
1.030499 -0.862276
0.9509184 -2.275853
0.9385586 -0.9553867
1.79166 -0.3783732
1.396903 1.003999
0.7775919 1.351334
0.6057992 0.6218863
0.9349187 1.680378
-0.05241941 -0.6809099
1.983307 0.6364922
-0.2880421 0.840013
0.6683865 2.55511
1.42959 0.6847733
-0.2859463 0.2739744
1.980246 1.716833
0.1286293 2.067785
0.422543 0.2766118
0.9511306 0.08640416
1.80382 0.1654185
1.583664 0.6946958
0.2170363 -0.6870797
-1.319748 0.5244295
0.7543953 2.247832
1.897608 1.059623
1.131661 0.571534
2.048997 1.348442
1.074097 -0.4419577
0.4812476 1.380814
1.108563 0.9613287
2.400736 0.946989
1.158322 0.3057516
-0.8271231 0.9332531
2.071629 0.6085678
1.804874 0.6069463
-0.6333347 0.7362782
1.025256 0.9794802
1.053871 -0.4083803
1.18875 -0.8867809
0.8552453 -0.5667768
-0.3856525 0.05328584
1.238947 0.5540604
1.369186 -0.6534759
0.729757 1.707275
1.777752 1.047449
2.470449 0.5743995
0.2331552 -0.4727956
0.9630007 2.854889
1.201625 0.3798035
1.799673 1.120999
2.465388 1.00328
1.500576 2.59703
1.120908 1.702496
