0.1860291 1.677337
-0.3741271 -1.202892
0.1466003 0.3707462
1.279214 -0.4681771
0.8434411 1.796892
0.9981205 1.750924
2.084195 1.818547
2.360928 0.6800279
0.3103682 2.184464
1.851638 1.481525
2.443052 2.293868
0.5407736 0.5231915
0.7185005 1.145327
1.835531 0.6609406
1.649535 -1.006025
1.296522 0.4986138
0.6210015 1.354718
1.29835 -0.1505596
-0.1624625 1.202545
0.6805188 0.7452173
1.625015 1.057115
0.3521036 1.15436
0.7750472 -0.7961698
0.4377387 -1.20002
1.368969 -0.4899702
1.726097 0.8560689
-0.5074107 -0.7251147
0.2862956 2.428834
-0.2142842 1.256638
0.4542593 3.091553
3.060089 1.326964
0.1383202 2.307603
1.764119 1.671386
1.021192 0.4012503
1.190494 0.1717211
0.4634241 0.8464934
2.616241 -1.335207
2.302673 0.3871653
1.03726 1.318207
0.1413686 2.196218
1.253799 -0.1879293
-0.07396668 -0.4876627
0.08106964 0.7980822
0.3430921 1.380612
0.9969786 2.121981
0.1387282 1.164339
2.168778 -0.08495646
0.4121356 2.055904
0.1319912 1.186661
0.535659 -0.006962984
1.970272 0.1764003
0.4962866 2.317223
0.6080754 0.7393381
0.2842726 1.54937
0.7551116 0.897307
1.933462 0.5912687
0.9807293 0.002051671
1.687807 -1.163159
0.9546623 1.798639
-0.5160029 1.064054
0.3851328 -0.5052656
1.720785 1.872988
-0.2955265 1.634369
1.024036 2.462844
1.198047 0.6912955
2.54377 0.1278186
2.155175 1.94551
0.9083518 1.262435
-0.5013179 -0.4191573
0.8895697 1.518013
0.8853923 2.331005
-0.237973 1.5573
1.451974 2.665445
0.5783604 1.070929
2.134318 -0.8208319
0.2755565 0.4314215
0.6362751 0.7642547
2.310955 2.03581
1.229304 1.651393
-0.2959575 -0.5384821
0.08732314 0.9315572
1.650004 0.4522112
0.6484402 1.910855
1.680912 0.3987857
0.5059552 0.6652976
0.3063793 0.08103245
1.243771 1.230861
1.593264 2.72582
0.452146 0.3150704
0.8278109 1.184351
-0.2089997 0.2801726
-0.2854599 -0.1555769
0.05863903 1.100167
0.4204653 -0.1171181
1.893226 0.06448842
0.4821693 1.4727
0.7439349 -0.184451
1.108195 1.301455
-1.928648 1.507982
0.5885756 1.831553
