1.47348 0.8132007
1.254998 0.03390532
1.336384 0.3937772
1.464811 2.881505
1.048405 0.7251164
1.886936 2.305951
2.199878 -0.6567624
-0.3883139 0.6245927
2.680407 1.480175
0.8312683 1.246347
0.8628131 1.199035
2.110628 0.9121653
2.445456 0.673623
1.165969 0.02027313
-0.1134414 0.180977
-1.186089 -1.2752
2.132773 2.31119
2.262141 0.6018419
1.596429 -0.2141166
0.3555178 -0.2669485
-0.2503159 -0.04694204
1.759113 -0.8018645
1.875578 0.6501986
0.3973867 -1.040212
-0.818267 2.502817
0.6424111 -0.8743503
0.7858006 0.3849947
2.222073 -0.107189
1.168099 1.481641
1.651991 0.7097425
1.545606 1.389458
0.6258391 1.998064
0.2000157 0.8337756
0.1455414 0.1636469
2.739305 2.233196
-0.6212598 1.420336
1.053966 1.02373
0.001132206 -0.2817255
-0.2226293 1.431396
1.268479 -0.1556356
-0.5537265 1.069714
0.5660016 0.3444385
0.3500468 1.174487
0.8740765 0.04807002
0.8073289 2.473255
0.7446797 0.07386105
1.220407 1.792629
0.3044563 2.213563
-0.3412203 0.7554519
-0.897994 -0.243261
1.54209 0.4733825
1.554237 0.1647343
-0.7503276 2.169755
0.4034983 1.512234
1.233308 -0.3214141
1.215764 1.849701
0.9929792 1.350038
0.5515819 1.072908
1.123417 1.780214
2.147317 1.59096
0.8108348 0.2780744
1.180904 1.17009
1.287908 0.9617494
-0.3134941 -0.6266726
-0.05196998 -0.155596
1.375922 2.647054
0.1319595 2.564836
-2.239895 0.4662745
0.6988742 -0.47561
2.010855 1.995125
1.190911 0.7512402
0.07887514 0.7162251
2.766237 2.368321
1.428039 -0.5562634
-0.09021103 1.994551
0.6213868 1.401503
2.71581 -0.633943
1.135749 0.02046039
0.4995711 1.048504
0.106958 1.202489
0.8416247 2.680794
1.444991 1.763079
2.04143 1.991456
-0.8146883 0.1268458
1.13625 0.7222343
0.370137 1.868125
0.4068736 -0.2334739
0.7785439 1.430965
1.323749 0.807087
-0.4742746 -0.4268666
0.9049791 0.7448461
1.385993 1.514775
1.540273 0.01790421
1.927048 1.230745
2.002269 2.750655
2.273484 -0.6861934
0.1303594 1.31996
0.01832094 -1.307981
2.262147 1.66451
1.394363 1.200341
