-0.01366393 2.490583
1.363384 -0.6685457
0.984543 -0.4231137
1.080904 -0.7015736
0.8027995 1.302881
0.8094126 0.5484894
0.3020933 0.8259317
0.7524437 1.426424
1.748749 -0.0349133
1.367975 -1.07956
0.7116307 2.350771
0.1847879 0.3732003
-0.01096623 1.212035
1.285281 2.601573
1.983145 -0.2963222
2.57165 1.653438
0.001826512 0.4973773
0.211322 2.010977
3.185079 2.11521
-0.1246131 0.3032142
1.603498 1.470638
1.082208 1.774779
2.335398 -0.01083392
1.868594 1.841986
2.031434 0.4487588
0.7564129 -1.424271
0.9180423 0.4788408
2.078405 1.375086
-0.3634877 0.7681976
-0.3033499 0.1116241
1.787556 0.1555467
0.3813956 1.821904
0.9128184 1.161778
2.143846 1.8537
1.626272 0.5252425
3.226186 1.238557
0.346415 1.978919
1.962562 0.2303234
1.145536 0.64588
3.837009 1.378621
1.035779 0.1105962
1.862813 -0.2465104
0.4107131 0.4488041
2.19926 -0.7662181
-1.053027 1.843827
3.352933 0.8216842
0.1794257 0.0304481
1.293474 1.216564
1.886269 0.3396951
1.677482 0.3879251
1.651427 1.444421
2.080448 0.017
0.7901052 1.292731
-0.541498 0.5188071
1.586487 4.229181
0.4769462 0.7291071
1.080993 1.526212
1.671069 -0.2234699
1.357702 1.696923
0.9226897 0.272303
1.270941 1.013632
0.8647453 1.325478
1.53541 0.9608077
0.9482575 0.4613398
1.267666 1.153278
0.4604798 -0.4495298
3.370816 1.585804
0.4230289 1.91032
0.1668424 1.375052
1.857794 0.4415079
0.9433786 1.00696
1.347105 -0.8470161
1.639065 1.389062
1.921224 0.8993426
0.1777164 -1.571237
1.875557 1.300224
0.8134548 1.335354
-0.05814432 0.7020014
-0.6987753 0.1310611
1.954506 0.4361814
0.5625861 -0.2217167
0.5963929 2.243665
0.7186528 0.4904001
2.583117 0.596958
3.232135 0.5077493
1.119691 0.1388785
1.902521 0.6323164
0.1360583 0.3851586
2.091818 0.1239361
2.724613 1.046542
0.8325342 0.8331098
1.2088 1.135365
-1.88001 -0.6594512
1.844476 -0.0378226
2.253535 0.949171
-1.597374 -0.2049637
-0.5450096 1.243783
0.1124853 0.4200974
1.480076 0.8330932
2.270488 0.07417456
