0.660328 2.000997
1.270851 -0.8313394
0.1442684 0.2339009
1.395729 1.36392
0.3542206 0.607465
0.8039861 0.06456871
-1.509181 0.2731707
1.500336 1.253801
0.9490098 1.068913
-0.3681248 2.001541
-0.5417377 0.4513505
2.882639 0.8503948
-1.394424 -0.8122667
1.110967 -0.308578
2.562199 0.8368745
1.198706 -0.9316892
1.083822 0.402309
1.264888 0.5741574
0.637011 0.4041033
1.070813 1.169761
2.013353 0.8110131
0.8120009 1.252741
2.485434 -0.1612039
0.2100322 1.564051
2.039745 2.08487
-0.004879502 -0.5026759
0.0225925 1.851193
1.999369 0.6058445
0.4871277 -0.3133186
-0.05780862 -0.01271071
1.093379 2.006917
0.9932016 1.249563
1.9338 -0.5050916
0.9688123 -0.1489046
1.051253 0.8069942
2.007714 -1.144708
-0.3350173 0.6332057
0.1497586 0.8068319
0.2533911 -0.378015
2.377387 0.5258925
2.862166 0.2941849
1.892345 1.287551
-0.02508241 1.407169
1.846691 0.5030681
2.860832 1.748801
2.499986 0.4829339
-0.4196282 0.2700758
-0.9795185 0.05165511
2.631794 1.608571
0.8882058 1.278597
0.6242229 1.627931
0.4893654 1.101849
2.290871 2.164207
0.177568 0.2588625
0.4176687 -0.3573391
1.336322 1.682643
0.7624721 0.151853
1.273994 1.063373
0.5642368 1.103776
1.488435 -0.8049138
1.723144 1.769494
0.5105642 -1.229151
1.17265 0.5982024
0.6077174 0.5181555
0.8933899 2.327574
2.595556 1.85192
2.205763 0.7303619
1.777471 1.911602
2.55501 0.2376699
1.480265 0.01198112
-0.8845671 -0.1436218
1.631363 -0.2793834
-0.1296789 -1.467312
0.8727406 0.4197988
0.9172621 2.407963
2.533828 0.6217854
1.757046 1.353867
2.993547 1.406059
3.059946 1.906701
1.730104 2.126609
1.826375 0.6455441
1.465479 -0.4345115
-0.04149918 1.093859
0.3701364 0.2101957
1.887143 0.1652757
0.2123263 1.401194
1.446636 1.696373
0.6941532 3.154312
1.205988 -0.2348954
0.4150488 -1.559624
1.182713 2.118368
2.352404 1.713263
0.6816279 2.221842
0.4254042 -0.2652105
3.286908 3.290761
2.999226 1.408121
1.202477 -0.460823
-0.6833334 0.6708418
-1.331721 0.04641526
1.500998 0.2554073
