-0.283147 1.529435
2.23723 0.8774951
0.2979842 1.299132
0.2084676 2.033799
0.2297814 1.008172
2.248677 0.1589887
1.45484 -0.4332259
0.3714797 1.258398
0.9859472 0.8452958
1.128329 -0.1024089
-0.1572241 0.8740654
1.251315 2.13705
0.2232129 1.87002
-0.04416769 -0.2709159
0.2236966 1.250876
1.918883 0.7026776
0.7616321 -0.330533
1.047461 -0.2041844
1.340641 0.702531
0.5285539 1.38814
2.407119 1.237414
1.351644 0.4707686
-0.4535675 1.838074
1.890566 -1.070556
0.7659644 0.7122697
0.270115 -0.3734227
1.512962 2.150087
3.248891 0.6004395
1.467092 -0.3531015
0.2360945 0.7627126
-0.5579348 1.753607
2.394213 -0.8411449
1.81083 0.5392758
0.6134554 2.513485
2.119501 0.08761368
1.763305 0.5238196
1.821727 -0.1315673
0.2484142 -1.870459
1.334134 1.750856
1.547618 1.829215
1.291091 0.9375158
0.9792666 1.080614
1.068852 1.028522
0.4004386 -1.375506
0.3940765 1.777283
1.156917 0.5985472
0.6877072 1.16568
1.475233 0.2968958
-0.0724787 0.539694
0.8150478 0.5158647
-0.1745916 2.443174
0.8041902 -0.9728432
0.8135156 1.436077
-0.4688052 1.273343
0.3714025 1.198651
-0.2851959 1.987594
0.1391637 -0.07973574
1.364883 0.4816514
0.8856189 0.6825673
1.12721 2.446888
2.515982 0.8451289
-0.2463715 2.300707
2.391803 0.07178213
2.163392 -0.4956385
0.05348911 0.110866
-0.06919362 1.553161
2.050559 2.007525
1.462371 -0.2929029
0.9171802 1.29473
1.179978 0.1968965
0.8623714 0.3097343
1.90501 -0.1149938
0.6865396 -0.4109187
-0.4255378 -1.299609
1.07801 0.4562658
0.8564268 1.178681
2.349669 -1.399399
1.243574 0.3172446
1.694301 0.351438
0.115228 1.835617
2.032967 1.461791
0.3058535 -1.311498
0.7328513 0.226261
2.110982 0.1511588
1.480239 0.0670869
-0.6166624 0.3363938
-0.7443427 1.369122
1.900335 1.537098
0.7420035 -0.936263
-0.6498928 -0.1221125
0.331541 1.568586
0.5736716 0.484906
-0.04808204 1.938041
0.470319 1.478007
2.025292 2.043507
0.2648825 0.3617219
1.990893 0.02731708
0.2250423 1.440212
0.9330449 2.910437
2.326642 1.378092
