1.12238 2.432427
1.979203 0.3358576
2.701726 -0.7272511
1.343883 1.641227
1.082178 0.7395659
0.7729643 0.3414033
0.2459259 0.9764853
0.08245594 0.7181551
0.5756276 1.64265
1.367703 2.072282
0.2556266 -0.4155944
0.9246433 0.8367905
1.923606 -1.851918
0.1226796 -0.08814066
0.9314216 2.395714
2.52645 1.707669
0.7556682 0.6423686
1.03161 0.7763295
1.159871 1.976573
1.756759 1.021902
1.940339 1.509251
1.390399 1.573857
-0.5714394 0.9938174
2.260424 2.05264
0.9244194 0.7683603
-0.09050505 1.005624
1.36743 -1.278775
2.08232 0.5658393
0.7084046 -1.132417
1.076748 0.8506295
-0.4680355 1.059723
-0.3194931 -0.6040601
0.9328121 1.263727
0.8990609 0.9545883
1.189456 1.384139
-0.4720729 -0.0509474
1.15712 0.176166
0.5582723 -0.588945
1.964769 0.5006366
0.2949999 1.448112
0.5000741 0.7396686
0.304694 0.1114108
0.2152491 3.178387
0.8876431 1.580036
0.2914703 0.6048506
-0.1918143 1.770136
2.340597 1.610867
0.1152539 -0.489323
1.574973 2.024474
1.071883 -0.7247233
1.786437 0.3058359
0.751849 1.02979
0.7925348 -0.6161681
1.038024 -0.3417765
2.123178 -0.01073929
2.329172 2.408653
0.6741893 -0.4692053
0.1460695 0.2122931
-0.396077 0.2439375
1.480222 2.035463
1.114546 0.769405
1.775248 0.6937316
2.580641 0.04163671
0.7401797 0.8596855
0.8108812 1.51315
-0.9824088 2.087001
0.8728709 -0.4826681
0.9200781 -1.341492
2.385039 0.1073108
1.00041 -0.5668533
1.512106 0.06944563
-0.167996 1.34851
0.6192469 1.523628
0.1457327 0.09994329
-0.3004282 -0.7443551
1.589331 -0.8621717
-0.6712021 0.008779079
1.004117 -0.1225023
0.9401037 -0.1857753
1.315998 -2.239878
0.6293768 0.6281584
1.173932 0.8681331
0.6601834 -1.060915
-0.02896629 0.4872632
1.625148 0.04232226
2.961572 2.401877
-0.1111396 1.290899
1.816506 -1.376828
2.202372 1.484542
0.04272405 0.3841768
0.6695105 0.857988
-0.1591355 1.309231
-0.4485321 -0.8235038
0.3747621 -0.2584603
1.311129 1.775467
1.235357 0.7507267
2.51231 1.17533
0.3975074 1.515691
0.9427636 1.282301
0.9195015 -0.9487001
