0.05209956 0.4076994
2.762213 2.578439
0.2583812 0.6590614
1.601351 1.472411
1.041132 -0.5512744
1.663842 -0.1846052
1.691093 1.853581
1.326645 -0.8216704
0.3835675 -0.3295361
0.3179422 0.5343467
2.053059 0.6436778
0.3865227 -0.5920178
1.812723 1.004817
0.3609539 1.00078
0.2372943 -2.754757
1.223463 2.368154
1.872619 0.1769326
0.7415907 -1.468097
-0.3856595 0.2055131
0.8477245 -0.09678909
1.860554 1.690533
0.7155067 1.120056
1.319831 0.3182745
1.963702 -2.344756
1.830816 2.444628
1.822557 0.4600754
2.285947 1.363426
-1.517347 -0.2861261
0.6982407 0.9371677
1.114785 0.9173733
3.105023 -0.0331208
0.6255132 1.828241
2.005717 -0.9313106
0.4864061 0.9890674
0.8053142 0.9327544
1.52717 -0.4923629
1.604439 0.4452351
0.4549948 -0.5803423
2.893864 0.7401504
0.2733306 0.926746
1.235585 0.2394609
0.2181922 -0.2622222
-0.009460295 2.099907
3.426165 0.5452853
0.2111083 1.337937
2.763325 1.45804
0.7507846 1.667557
2.035518 1.509799
-1.2318 0.2552198
0.09006904 0.1740177
0.9525764 -0.4351228
1.00053 0.4585116
1.062279 2.283523
1.025146 0.1248169
0.6321855 0.1928942
1.974321 2.246714
0.9619331 0.4365469
1.191799 1.187825
1.639473 1.727799
0.580367 0.4887792
2.371209 0.6748269
1.633598 0.5809798
1.427871 -0.166933
1.287194 2.096846
1.548302 1.863826
0.9084576 1.660248
0.8742985 -0.4447883
2.33039 1.325651
0.9396546 -0.2217821
-0.3064078 0.3861919
1.040943 0.7447566
1.416555 -0.4291332
1.438255 1.862866
0.8121979 -0.0035829
0.1979938 1.465347
0.6238677 1.719818
-0.2617196 1.239561
-0.9359178 1.193348
2.19094 -0.6955844
2.484115 1.554872
-1.211379 2.015438
1.527066 -0.008205214
-0.8777616 0.648507
2.71134 0.9700283
0.4411227 1.684853
1.46914 -0.1629017
1.783707 -0.5359677
-1.129009 1.192017
1.891858 0.3216411
-0.757299 1.010201
0.4114705 2.231517
0.8721906 2.225524
0.189358 2.926523
1.50915 1.97591
0.8079382 0.5328559
0.3640088 1.563417
1.066517 1.658842
-0.1631381 1.608078
0.1950694 0.3544531
1.175635 1.245436
