0.9556627 2.634769
0.2520128 1.397973
-0.08982269 0.4388094
-0.2296135 2.093037
1.36961 0.4212514
-0.4000075 0.06015702
-0.2070575 2.22763
0.8327882 0.1963224
0.4898175 0.3382872
-0.8512211 1.610077
0.9008313 0.3219501
2.040137 2.549089
1.648328 -0.2518856
-0.6962276 1.541093
-0.05928728 0.2250134
0.9192066 0.7394391
1.93251 -0.5170997
0.6792084 0.5617248
0.8029479 -0.7408889
0.7427268 2.250636
-0.814584 0.9731675
-0.2096952 -0.06136069
2.466488 1.497251
0.1760505 0.9001481
3.558285 -0.07938819
1.551138 -0.3829382
-0.2409325 -0.01299911
1.369117 -0.3523945
0.05387518 -0.2956907
-0.5193308 0.4492239
0.04876497 0.002434757
0.9556881 1.581457
1.18346 -0.05685404
2.100866 1.001154
4.12955 2.683344
-0.901932 2.754896
1.433124 -1.708295
0.4623754 1.277909
0.625337 2.398938
0.9085957 -0.1553777
2.344415 1.199918
0.4311182 0.4939468
0.4764897 1.60744
0.708839 -0.3959993
-0.3978504 1.712774
1.209283 2.135499
1.504784 1.568968
1.256729 -0.5264334
-0.1518835 0.3307401
-0.4087971 1.38892
1.097976 1.059176
1.641329 2.67755
1.069124 1.15815
0.5353741 -0.39377
0.4171915 0.9372862
2.092013 0.5402187
1.896336 -0.3973219
-0.07275671 2.055738
1.607565 1.043686
0.9573111 0.5663141
0.2563862 0.04636166
0.268247 -0.4393066
-0.1347835 1.071465
-0.06918783 0.7060817
-0.01084556 1.711223
0.4956879 2.494175
0.4665246 2.654889
2.312916 0.9537932
0.8052051 1.131144
2.157536 0.3567953
0.2989042 0.6576404
-0.3229103 2.776328
1.383443 2.599196
0.8452255 1.408142
0.371473 -0.3921349
2.265343 1.033604
1.292849 1.262501
0.5901153 1.623895
3.371679 2.040718
1.672161 0.9530027
3.348854 -0.2482134
2.030044 1.283776
-0.5536676 0.4072237
0.6155445 -0.4449364
0.7063348 0.1058384
0.9319609 1.25716
1.10979 0.9147715
0.366049 -0.4844885
0.6716957 -1.108083
0.8024766 -0.2403313
1.028057 0.7011412
0.9251549 0.326906
0.9916077 0.5739048
1.781871 -0.7588367
-0.4128488 0.2804012
0.7129845 1.078514
0.3606823 1.441549
1.211529 0.8570968
0.1142879 1.704493
1.126872 1.241208
