1.083492 1.982571
1.758835 -1.25726
1.446109 -0.9662719
1.73135 1.494893
0.9243942 0.2320328
2.146589 -0.3345754
0.6610953 -0.6305266
1.902051 1.608663
2.055422 1.521044
1.837744 -0.7087036
0.7695777 -1.324989
-0.1322283 -0.008122135
0.1314332 1.105212
2.102032 -0.5981387
1.934274 -0.6803502
0.779391 0.1816959
0.6645403 1.000106
1.146937 -0.9833211
1.592472 0.9575178
0.8504695 1.564931
1.436866 0.02875573
0.3621992 0.6885617
2.170944 1.048781
2.866493 1.62138
1.776834 0.6736145
1.058825 -0.2959274
1.419184 1.559456
-0.6593708 -1.477724
0.9193764 1.594582
0.5090399 1.672291
0.1588368 0.3908133
1.033454 0.1886585
3.134804 1.750662
1.241054 3.312613
0.665067 -1.603408
2.098115 -0.3233885
0.8490992 1.236509
0.05200429 0.7063262
1.156213 0.750578
0.3770291 0.9096418
0.236339 0.2077398
0.1256517 0.9308335
1.277973 1.049382
0.7322077 1.511902
0.5551382 1.336588
-0.4509746 -1.479343
2.070764 1.400457
-0.03977149 0.8025194
1.322128 0.2496935
1.407259 2.070598
1.308762 1.09873
1.925891 0.2081386
1.086689 1.224177
0.5006231 1.769713
0.3677624 1.06285
2.531633 -0.6193828
1.160396 0.5389318
-0.1637113 1.495247
2.236902 0.7488586
0.3152063 0.4089284
1.860424 0.9474196
1.509973 1.264613
0.1536778 -0.6653827
1.025082 1.187827
2.051241 -0.9088926
2.622538 -0.8903034
0.7976627 0.9643268
0.6302877 0.3883891
0.1332427 2.095694
1.419587 1.308023
0.4150465 0.7751756
2.554877 -0.3025365
0.9839854 1.281731
0.1215221 2.12866
0.8883677 1.447014
1.441763 -1.208396
0.911054 0.7134678
0.4159934 -0.273091
1.443576 1.205656
1.370211 -0.4391355
1.401954 2.167335
1.430284 -0.06685193
1.116011 2.243499
0.5291254 0.9694534
0.211693 2.19794
1.47453 0.9628691
0.5175072 2.051577
1.689868 0.6594432
1.776439 0.7074797
1.599316 -0.3485869
1.525458 1.071249
1.485101 0.7238698
1.003753 1.240331
0.729464 2.919141
1.102514 1.943359
1.808655 -1.236673
0.9734078 2.674043
1.968518 2.092575
2.706387 1.060622
2.181835 0.7341503
