2.20623 0.9365647
1.862969 0.6787907
1.238202 1.994517
0.6377633 0.5262051
2.485879 0.9402181
2.415808 1.668481
1.443873 1.354299
0.6135174 1.069066
-0.3600685 0.4542309
0.2292211 -0.8886303
1.523707 0.2371265
1.811971 0.5705205
0.2442924 -0.4803638
2.566047 -0.6727823
1.101369 1.858029
1.331505 -0.1661038
-0.3806587 2.183615
1.035331 1.619642
0.976592 0.6607438
0.9437152 1.283644
1.443383 1.42224
1.241737 -0.2877361
0.09582629 2.297581
-0.2124501 0.2372599
0.5432373 0.4032315
1.370042 0.4554959
-0.9616412 0.5204022
1.718188 0.9382203
1.487856 -0.4284299
0.6925828 2.783461
2.086324 1.437633
-0.01558149 -0.6001498
0.9139392 1.308045
0.6253077 0.85027
1.906796 0.5599888
1.204547 1.686629
-0.05004791 1.404511
1.348667 0.9361613
0.6377541 0.3120731
2.952233 3.123583
2.365146 0.5701362
0.5569198 1.422362
1.747638 1.379673
0.6059773 0.1208127
0.07791119 0.08388532
0.4126802 -0.2424945
1.532178 0.09648083
0.9029391 1.086753
1.160905 0.1188407
-0.03476186 1.815116
0.7316811 0.04087027
-1.398362 0.5003395
0.736664 2.29583
0.8543858 1.791523
-0.5623366 1.25966
0.9380937 -0.459154
3.634315 1.132854
1.845483 -1.10327
-1.331571 0.981303
0.297946 0.507364
0.8818683 1.225851
1.14981 0.5723214
1.735382 2.447326
2.310321 -0.9736226
0.9767298 2.191211
0.6217183 2.159526
0.644232 -1.710725
1.239011 -0.2847878
0.2154034 0.5057126
2.009799 0.1656938
1.712581 0.5144465
-0.7228898 1.442362
-0.3017723 -0.4158225
1.517316 1.194662
0.6170661 1.51895
1.572493 0.353021
1.040167 0.02645374
2.157971 2.923458
0.866275 0.6966771
1.003069 1.838919
2.148368 0.6353626
1.582296 -0.05806199
1.17458 1.864811
-0.8820823 1.918153
1.656687 0.2881375
1.778842 0.3619886
-0.3573239 0.7282696
0.086171 2.302506
1.517038 0.9536238
0.6635789 -0.4198088
2.029456 0.05405724
1.825548 0.2323603
0.3823193 0.05274813
1.781211 0.3171597
-0.8958013 -0.2994116
2.083224 1.899355
0.7126687 -0.9306035
1.634282 -0.5137514
0.2627759 0.9224215
0.6218227 0.8510297
