2.465826 2.40666
0.1666702 1.471115
1.678305 0.590199
0.3299646 -0.262267
3.332293 0.9628591
2.151058 -1.181924
0.06934107 1.347502
-0.3889279 -0.6223448
0.07428877 1.723945
0.6860894 0.7236201
1.012938 0.7138517
1.379394 0.5413666
-0.003121058 1.474627
-1.040924 0.0043945
-0.7668655 -0.4228779
0.1395409 -0.5871888
0.3068419 0.1173632
0.4580781 0.6356181
1.403604 1.986829
1.424835 -0.5263214
-0.1515429 0.3881653
2.68837 -0.2666512
-0.02040544 0.6602637
1.54217 2.17595
0.3763873 0.03904612
2.21844 0.9693828
1.690928 0.3106859
2.555599 2.043683
0.0920976 0.6795156
-1.198878 2.079627
-0.1528097 1.194055
-0.4177806 -0.5555867
-0.2283321 1.385987
0.3497961 -0.4432397
1.754995 2.092176
0.8903378 0.7394818
1.972122 -0.1151248
0.7197485 -0.8936402
1.051722 -0.7264545
0.4094066 0.3171775
1.823195 1.062912
0.6398955 0.7168667
1.619496 1.692332
0.8062812 1.016089
1.913173 1.054943
1.494891 0.3415192
0.5992869 0.6871848
1.523283 0.6081647
0.586377 0.538976
1.808294 1.922679
2.085234 1.218448
1.218577 1.386537
1.519593 1.508702
1.838642 2.8672
0.6982407 1.366422
1.035195 1.499497
1.981621 0.1945948
-0.2150617 1.395705
1.058377 1.104651
1.561849 0.3491828
1.845009 1.00088
0.531553 0.6470443
0.1159807 -0.3848719
0.4219597 0.1183018
-0.43 1.270085
3.625771 0.6544679
1.134053 1.497293
1.906115 -0.8455541
-0.709675 0.1048169
-1.303536 2.397994
1.080879 -1.268204
-0.8494006 0.9169486
1.282258 -0.2980338
1.183871 -0.04204104
-0.1352435 0.3670771
2.14159 0.5452445
1.392262 0.5250922
0.7521714 2.572513
-0.247125 -0.5591896
0.4301211 0.09663215
0.7299141 1.558435
0.1246894 0.2671357
0.3345685 1.782288
0.9032701 1.725633
1.859044 1.772443
-0.3054167 -0.008382299
0.8652741 1.170564
0.2970402 1.810477
1.680957 1.698849
1.862543 0.2687706
0.0395033 1.347219
0.546034 -0.1690398
-0.3306552 1.681968
0.2934447 -0.8997934
0.9187508 0.3802101
0.709729 0.1662692
0.3159138 -0.5287208
1.386289 0.4117965
1.346079 1.809493
0.5678421 -0.3171262
