0.4956755 1.088409
3.081815 2.101988
0.9340952 1.126352
2.106562 1.590205
1.341566 -0.2265697
1.907452 2.187203
2.554208 -0.8633317
-0.7697479 2.545744
1.066275 0.6851563
-0.5774392 -1.26432
-0.8308764 1.044688
-0.9682226 0.7565392
0.676286 1.084852
2.318824 1.035241
0.5168509 0.8180289
0.4989998 0.009822451
-0.4657082 0.2455726
0.9910053 -0.7353394
-0.3546011 1.768639
0.9541272 1.417636
1.864619 0.9457218
2.545885 0.9545309
-0.1769919 0.4368232
2.182628 1.292508
0.5939496 0.3091864
0.7228576 -0.02691939
0.9227849 1.619002
0.1639714 1.16121
0.9054368 0.6948826
-1.419968 -0.3289924
-0.06229148 1.706564
-1.271027 -0.201742
1.589467 0.2622509
0.9822522 2.374301
0.2908112 -0.9299458
3.792917 -0.6018052
-0.2657884 1.665541
0.9893806 1.81008
2.298685 -1.652932
-0.1223609 0.3377491
-0.09373652 0.7282999
2.051868 2.542224
0.1970457 -0.2774232
1.744406 0.569859
1.415891 -0.8414207
0.2375275 0.8822442
2.617208 1.643173
-0.04811429 0.6282288
0.4924772 3.175024
3.128354 0.5960883
0.1700139 1.268871
1.283931 0.4558142
2.334518 1.393571
2.638054 -0.4294685
2.046915 0.6128679
-0.2786087 0.2301301
0.9081846 1.916237
1.261907 0.8435408
2.645886 0.9627472
0.3522587 0.5246615
1.666397 0.4832748
2.42771 1.083421
-0.7449914 0.833681
0.971544 2.152156
2.325721 0.2771863
3.839679 -0.3031868
0.7692943 -0.5491274
1.550725 1.254669
1.118899 1.308361
1.829756 2.150029
1.731991 -0.6501203
2.8116 -0.4009059
-0.1586635 0.9672521
0.5135098 -0.2933274
0.5606944 0.6291283
0.8318693 2.518311
1.522444 -0.6575796
0.7476221 0.6508442
2.468089 2.331609
0.2022297 1.693678
2.310844 -0.05242816
0.3954403 0.3671026
1.519851 2.933137
0.5641777 0.5145824
0.920956 1.46499
3.841965 -0.4675056
0.6894314 0.2064502
0.2294699 1.452405
2.850541 0.7501316
2.107737 0.4960151
0.5889814 1.627194
-1.490869 0.402604
1.507363 3.106903
0.8377514 -0.02118707
2.420992 -1.027775
0.2112356 -0.2203483
1.171477 -0.003744202
1.181261 1.879625
-0.9928783 0.8092374
1.992991 0.5851578
