0.9503225 1.197337
0.8015331 0.8010612
0.5905204 1.156682
1.561517 -0.06788989
0.5167546 0.09823425
-0.7768494 -0.1114729
1.924687 -0.1447719
1.634434 0.3488853
1.756239 0.009367873
-0.5636237 0.5958139
-0.07720093 1.155299
2.388332 1.502407
1.458012 1.237353
1.922334 -0.04104673
1.972856 0.4604331
0.5478822 0.1831337
0.9998034 -0.8965212
1.876247 -0.2936001
0.4828652 -0.1419892
0.02607808 -0.1008983
2.305619 -0.5741631
0.0618525 -1.754901
1.358485 3.063627
-0.2613926 0.0352571
0.7983575 1.017716
0.3166757 1.709681
0.6995992 1.530322
2.121048 1.697104
0.4992595 0.07772897
1.704378 1.502178
0.8310034 -1.938796
2.928534 2.025734
-0.1212348 0.1918274
0.855826 -1.050213
2.077817 1.405895
3.332805 0.6430986
0.3240504 -1.560883
0.9374987 0.9426883
1.536917 0.5522566
0.6935906 0.5032139
1.381628 -0.4905714
0.03759276 2.07906
1.408739 0.8997861
1.413926 0.1748248
2.008936 0.1884129
0.321765 -0.04471348
0.1201979 -0.2458824
1.311874 1.183765
1.141688 -0.7596773
1.943478 0.1443502
0.6248756 0.1899412
1.542512 0.999757
1.197692 1.07222
2.961118 -0.3313493
2.18141 2.103075
0.2563709 0.8184299
0.806862 0.8902808
2.854028 0.4004221
1.419861 1.09354
-0.04964673 0.8576859
2.483735 1.671912
1.49822 0.7550315
2.030165 -0.1806617
0.6384716 0.1499807
1.206566 1.220435
1.116683 0.6458741
2.021108 1.040921
0.3088631 2.765337
1.052301 -0.9202944
2.622935 0.05979614
1.201396 2.339564
0.06261702 -0.2796319
0.9363969 1.131569
0.868879 -0.599476
-0.9049488 1.688347
3.897256 1.48277
1.83164 0.07175616
0.832256 -0.811522
-0.9960203 1.570866
-0.1932274 1.810545
0.04552396 1.335263
2.738928 -0.6398756
0.7926802 0.5959225
1.169941 0.8715873
1.856069 1.031554
2.234528 0.01932164
0.4531421 -1.566988
0.9322203 0.9402515
-0.3136698 0.6953614
0.8171327 -0.05955564
1.147694 0.04228885
1.694904 2.03482
2.353821 -0.6850507
0.113108 0.7686167
0.5813107 -0.002734568
1.343876 0.9393668
1.904063 -0.4575786
-0.0891 0.8355499
0.661746 0.9445382
-0.513555 1.222755
