0.7984866 -0.8592715
-0.8142119 1.650032
0.9383422 2.372295
0.08000222 0.2815608
0.8247861 0.9939177
0.3030813 1.785246
0.9159395 0.05802009
2.151232 0.5276645
-0.1335789 0.2955697
2.47436 -0.4965927
0.9350384 0.9979316
0.3582018 0.05719077
3.008599 1.252346
-0.4408715 1.539179
2.376032 1.060728
1.152453 1.595581
-0.2124099 0.4734407
1.588594 0.6114556
1.282411 2.539949
1.470294 -0.4520566
1.434726 0.353903
1.985587 0.9265185
0.7646929 0.1583439
-2.166568 -0.4809441
1.122971 0.9208546
-0.1527433 1.10129
-0.8180415 0.9751863
1.046086 1.006816
0.5627841 1.421661
1.190595 0.8603792
2.219557 -0.1196899
1.890161 0.8340179
1.728112 0.9757511
1.836454 1.331507
0.2228572 0.5318129
1.498655 0.9157206
1.59296 -0.1505357
1.435547 1.864178
0.8532917 -1.779804
1.073705 0.8058465
0.6523439 1.493685
-0.3711519 2.018084
1.208458 1.151753
-1.039643 1.2068
-0.06731051 0.2151186
0.8123689 0.2768671
0.5270129 1.308667
1.636111 0.09173975
2.332249 -0.6903389
1.932749 0.689825
0.8254825 1.91377
1.317264 -0.4903316
-0.7245355 1.678316
-0.3559309 -0.1403783
0.2980337 1.988763
1.667479 1.10275
-1.423109 1.781864
0.4380273 1.267845
1.52414 -0.6230462
0.1613865 1.604282
1.369112 1.123767
-0.6275704 -0.9735673
0.6947194 2.084222
1.243675 -1.399132
1.315181 2.113666
0.7639648 0.2202854
-0.5629243 -0.2005504
2.175721 -0.05966704
0.8539888 0.04374285
-0.9738977 4.139516
-0.8701254 -0.2002756
0.7314713 0.5203523
2.218676 0.8075654
0.4619667 1.381009
1.056043 1.65561
1.771183 0.8466605
1.552496 1.146307
2.356607 0.4478772
-1.281151 -0.02140198
1.444602 0.6568638
0.6378852 0.1660358
-1.386841 1.207155
0.4205754 1.455355
2.552829 0.7744994
0.4493473 -1.380374
-1.425271 0.5993696
0.5131134 1.155225
-0.02746779 1.558149
-0.436565 -0.2744181
0.5408446 -1.214362
2.000807 -0.9257313
0.2207447 1.508417
1.283732 0.565997
1.87261 -0.2104814
0.09774637 0.930568
1.540137 0.3710641
1.297479 -0.4351215
2.172427 0.4492147
2.590845 0.139575
0.9453714 0.7239599
