-0.8290892 2.00355
-0.4492666 -0.06160304
1.149442 1.00527
1.626019 0.9435903
0.806134 0.08831835
1.265766 0.7694605
1.175633 0.6544192
1.812595 -0.07526044
1.45752 0.7162475
0.8222582 0.9694763
0.6280407 0.8072542
2.087842 1.980003
-0.4277717 2.635749
2.355677 1.34931
2.903276 0.1403412
3.085394 0.05523841
1.869785 2.005146
1.18894 0.8316399
0.3305384 1.147967
0.4566058 -0.1499611
0.904211 -0.03991261
1.48129 -0.03334518
2.097544 -1.068808
-0.08126187 -1.876048
0.2267796 0.8414014
1.183324 1.60573
1.590192 1.09129
1.286053 1.074767
-1.333526 0.4337329
1.087878 0.2936355
0.8477654 0.1534895
2.20623 2.264961
-0.09112286 2.044435
-0.5325566 -0.5614214
-0.7023914 0.3562406
1.582363 -0.6735397
2.036362 0.6701587
2.012645 1.584249
-1.656855 2.34576
0.6478526 0.8571284
1.199414 1.273956
0.6008099 1.472891
0.7986683 0.4517405
1.10145 2.928612
0.5927948 0.5279725
1.981632 -0.184614
0.3804627 0.006615256
0.9064463 0.1527217
2.805571 0.5903218
1.075906 2.487716
1.480315 -0.01463299
1.129878 0.9128175
2.465442 2.320498
1.725413 0.04432516
2.294022 0.2793676
0.6156778 1.294921
-0.5071003 1.090968
2.121949 0.7538668
0.3056282 0.9091964
0.3352339 0.7288082
1.426652 -0.5731625
1.820074 1.609551
1.308311 1.313154
0.3898441 1.702276
2.321065 0.4239435
1.641493 1.329355
0.728204 1.802366
0.2459059 2.564308
1.88734 0.5861544
-0.0900084 1.437494
-0.4936184 0.5130946
0.8283929 0.674376
-0.09528373 1.065472
-0.1610269 0.2077768
0.276398 2.300926
2.235333 -0.5804703
1.465806 0.937394
1.52159 0.6934769
1.241607 -0.421704
1.641681 0.7252886
1.382618 1.168144
2.356218 0.1900705
-1.321107 -0.7998252
1.927597 -0.05941655
2.488022 -0.9780049
2.378171 -0.334295
-0.3775466 1.44104
0.8664136 0.7310835
0.940863 0.6692925
0.857606 0.404943
-0.3304845 0.03267261
-0.250388 0.9103053
1.297945 1.084032
1.416175 -2.62637
2.247304 0.1463731
-0.6437671 2.016244
0.413189 0.5931007
1.275487 -1.490169
0.9619273 -0.2059337
2.371784 1.31889
