1.124389 0.9607684
1.674808 1.300299
1.130957 0.03976808
0.5186768 0.7427854
2.244252 0.7057754
1.971418 -0.2948715
0.3610266 0.3063893
2.767323 1.695855
0.666409 -0.004583309
1.327327 1.422774
0.4606215 1.684273
-1.220913 1.707432
0.3193677 0.9916208
2.428527 0.1902269
1.794669 3.167467
1.899995 1.600767
-0.07066608 2.224324
0.8949551 0.5289356
-0.6396056 0.0734961
1.541609 0.4489476
0.651099 0.3602061
1.99279 -0.2381747
-0.01213351 2.290404
0.5485474 1.684243
1.130415 -0.3119574
0.8261401 -0.04527184
0.3852993 2.27823
2.129058 0.2682596
0.9983211 1.336281
1.006468 0.2346502
1.074854 0.8949398
1.855672 -2.244234
1.593728 0.6049499
0.01006283 2.616001
0.8429982 1.953968
0.2817276 -0.6582416
0.8750453 0.9251483
1.92883 0.2761909
-0.5870196 2.355635
1.611956 2.116835
2.62757 -0.6409228
-0.34455 -0.4642825
1.650373 1.535114
1.08807 -0.07074115
2.083063 0.6884922
1.726563 0.2935817
0.1717875 1.096477
0.7762485 -0.1325159
0.7203072 1.804278
1.198163 0.6472905
1.610657 2.541383
1.984102 0.5317376
0.2931462 -1.6855
0.9810323 0.9888634
0.8035881 1.35387
2.77008 0.2360057
1.603257 3.255665
0.1580825 -0.1255095
1.298309 -0.2814693
0.4694684 -0.31981
2.262496 0.3311061
-0.6384839 -0.8994068
-0.9633875 -0.6680765
-0.3747559 -0.5385726
0.8213207 0.6006543
1.277142 0.9520485
0.9500727 2.304603
1.782029 0.3080288
2.538746 0.1694012
1.302208 0.1856884
2.229589 1.581203
0.6068114 1.462467
0.3494787 -0.3858488
1.970696 2.602877
0.113154 0.6184011
1.673889 1.326159
0.3662056 -2.126673
2.87146 0.3117915
2.829004 0.2824343
2.156067 -0.8090638
3.110147 1.920272
0.8568496 3.228553
1.585595 -0.42361
0.09118882 -0.1920494
0.5598664 2.541313
2.408939 1.245159
0.07019242 -0.1624998
1.478449 0.486385
1.857013 2.717166
-1.080532 2.171428
-0.9868676 1.081471
1.450034 -0.637072
0.9593299 -0.02177568
0.8079605 0.4421051
1.680425 0.7868894
1.731033 -0.3493121
-0.04373168 0.819958
0.3889664 0.9371364
-1.408817 -1.003472
2.106276 2.041352
