1.395861 2.056398
0.9532105 -0.3348931
1.168178 0.945944
0.9547495 1.014425
1.780133 -0.541304
1.467428 0.6175604
0.9157526 0.4998992
2.619538 0.6605748
1.534821 0.5717835
1.253458 0.8025275
2.346397 -0.685712
1.46065 -1.459225
-2.228971 0.1813088
0.1614562 1.368144
-1.158877 2.809355
1.005661 1.190724
0.8706815 -0.2859634
1.378468 0.09189492
-0.03679666 -0.3088134
1.508708 0.2938065
-0.2834814 0.9028379
0.6189472 0.2528663
1.80895 -1.382085
-1.517139 2.857179
1.531646 1.073512
0.7654332 1.377307
0.9095857 2.580888
-0.8876247 1.549541
0.6219191 0.6733481
2.842562 0.7284077
2.210768 1.179375
2.108017 1.669232
0.4997115 -0.6415994
1.619157 0.2433241
1.007518 2.25313
2.529855 -0.1509579
1.271298 1.406175
-1.034558 1.052025
0.9101983 1.2739
-0.4354371 2.527909
0.6576166 1.702872
0.9676006 -0.04372675
1.519854 -1.647514
0.2527702 -0.002487946
1.652948 1.53057
1.518144 1.18606
1.04619 -0.06810319
2.519311 -0.6511923
0.04398908 0.7976713
1.916016 1.426282
3.147579 0.8024124
0.8515539 -0.3910273
0.9314392 0.5070256
0.9362704 0.4287638
-0.3303664 0.7279761
2.076375 0.4361827
0.4124271 0.1418124
0.2489758 1.110524
0.2152704 2.462967
-0.2964179 0.4772174
-0.3314141 1.311975
0.8571575 0.05954428
0.8725409 1.48803
2.537656 0.1845145
0.7390877 2.153539
1.996094 0.3619409
-0.5535076 -0.01804111
1.386874 1.360219
1.256522 0.6706392
1.070358 -0.7099105
2.384208 -0.8366495
1.971017 0.5023166
-0.1779404 -0.1963277
0.5504779 -0.6521714
-0.668436 0.06964988
0.1029085 0.9195703
0.3410411 0.7483002
1.877434 1.07167
-0.4528165 0.9712334
1.192882 2.281266
0.7918536 1.152879
-0.01933095 1.033575
1.437284 2.539238
0.3888208 1.852488
-0.1416863 0.8420179
2.230983 0.4783579
0.693354 1.774573
1.375238 1.855082
-0.5853615 -0.7593171
0.06503474 0.1239942
1.70022 -0.001868572
1.472804 -0.4225571
2.313485 -0.3089896
1.296321 0.1170849
1.43346 0.3875795
0.571932 1.59715
-0.3832375 1.311799
-0.4273495 0.007898984
1.3968 1.332206
0.6767145 -0.5937073
