1.032646 1.003491
1.597229 0.03295411
-0.7298511 0.610856
2.110797 -0.1293639
0.08338697 0.6591335
0.5963384 -0.5490394
1.296504 0.8980623
0.4248914 -0.04043104
0.5007978 0.4751139
0.7532774 0.2359471
1.574304 0.5164765
1.509088 0.350123
1.570503 0.4005944
1.365611 0.3275729
2.496973 -0.3790728
0.661033 1.412748
-0.006995862 -0.4288533
1.672725 0.1699715
1.674368 0.4039444
-1.319264 0.8643702
0.2903714 1.0684
-0.2905307 0.6513824
-0.4698456 -0.1670354
0.2307773 1.073451
-0.07294913 -0.4195238
0.06644285 0.0657287
0.3594012 0.7372868
1.489643 1.320086
0.3229412 1.840839
1.893912 -0.886315
-0.2938776 0.2950706
1.41756 -0.3349093
-0.1680134 0.5808047
2.501829 0.1647485
0.0781891 1.214859
1.233843 0.6972189
3.091844 0.006057038
1.541743 0.2885874
0.4060157 0.4492534
0.7259533 0.1821442
2.005045 -0.2109225
1.663158 1.709866
1.389681 1.030356
0.1603243 -1.071401
-0.03038849 1.103276
0.1415849 0.8822482
0.9987979 1.733574
2.4585 1.5262
2.420736 0.3466391
2.108508 -0.4413932
0.5075482 1.325854
1.466581 1.069531
-1.144298 0.5089091
3.271904 -1.732076
-1.337617 -1.251648
0.2950784 0.6848748
1.52701 1.058024
0.1276922 0.08467221
0.2961638 2.751796
-0.1965865 1.694091
0.7606007 -0.2079487
1.169185 -1.657578
2.013729 2.401817
3.88361 -0.6094851
2.077257 0.5664063
-0.2146663 1.541316
0.6445865 1.027908
-0.08886835 -1.037982
1.290414 0.7832449
-0.2027893 0.4266584
0.1691005 1.003265
0.4691198 0.3775282
-1.136548 0.8451806
-0.5970524 0.4170336
1.753264 0.06181252
-1.580213 1.802644
-0.07349721 -0.7505827
2.49764 -0.05818543
0.8027757 1.219254
-0.06087618 2.143156
1.956961 2.046857
0.3554909 1.325784
1.403907 1.442692
-0.565562 0.08089421
1.064002 1.699684
2.336467 1.081851
1.707201 0.5220813
1.107035 1.602848
1.396802 -0.5481303
2.336496 2.383885
1.036807 -0.03413967
1.748369 0.5202398
1.82554 0.403627
2.77037 -0.6386041
1.812733 0.2996427
0.8316277 -0.538206
-0.7779304 0.4911318
1.452734 1.673105
-0.4174574 -0.1318456
1.670697 -0.161739
