1.390367 1.820602
0.5176158 0.7820729
-0.8608907 -0.3137431
1.387706 -0.4888921
0.5029587 1.094309
3.079758 -0.3890476
1.270329 0.362892
-0.02421993 0.2739032
0.7367426 1.04211
-0.2572302 -0.7845187
1.624516 1.805931
2.468935 -0.36771
-0.2970301 1.329559
2.699995 -0.6637429
1.233238 -0.8146206
4.301876 1.312475
0.856865 0.9581345
-0.5659038 0.4059313
0.2148458 1.093443
1.023701 1.177139
0.2875822 0.01849664
2.695185 0.3701003
1.116506 -0.5631426
0.9310948 -0.2213917
0.2134011 1.013155
-0.05837474 0.6986909
1.061075 1.021566
1.469081 -0.2182513
2.073153 2.692862
0.505397 0.5199057
3.12052 1.527363
1.6426 1.74478
2.802687 -0.2715667
0.7594107 0.1789368
0.2214638 0.3870627
2.717688 0.7501784
1.503598 -1.12565
0.7353924 -0.6827507
0.6599467 0.4550644
-0.1612223 1.19354
1.102964 1.708034
-0.1297877 -0.07371192
2.875951 0.8921461
0.3756196 1.146434
1.081677 0.1809193
0.6049269 0.6908832
2.988962 0.3753013
0.01250862 3.000488
1.236601 1.480882
1.456314 1.394226
0.4336939 0.3769025
1.454464 1.173546
0.9260882 1.694781
0.6388488 1.613926
-0.2138452 0.2469345
1.606081 -0.06848386
-0.08347159 1.139758
1.227609 0.1217738
-0.4540691 1.20307
-0.7145708 -2.137543
0.7263212 0.3263313
0.6225325 0.2903776
0.3695104 1.214251
1.226531 0.4878785
2.381739 -0.1176822
0.6662866 -0.7644714
0.7584826 -0.07397078
-0.9260638 0.4219354
2.331395 1.209363
1.491213 0.3020185
0.1101122 2.183241
2.516069 0.9590612
0.1435499 1.079647
1.226718 1.172801
3.028743 0.3045279
1.075514 0.2926978
-0.1965626 0.1154896
1.506186 0.4972149
1.41909 0.8054672
1.404347 0.5744562
1.656601 1.597961
0.3822381 1.2068
-0.7481528 0.8319457
1.883018 -0.1523946
0.08061605 0.2648997
2.105377 0.8749428
1.556789 0.1918067
-0.1960034 1.603638
0.07906806 1.339824
0.5839156 2.136372
0.5872696 1.093074
2.342107 1.298537
1.255851 1.31497
-1.294455 -1.467329
0.7337648 0.9021616
0.9393865 0.1591416
0.848629 1.689938
1.115084 1.68043
2.3759 0.6512499
2.467524 1.484973
