1.083519 1.172408
2.129041 0.008943288
0.7372382 -1.489947
0.8824986 1.314836
0.5382607 0.957436
3.477483 -0.1736093
-0.9001887 0.06514384
1.669021 -1.126484
0.4987504 1.286901
0.2001828 1.713502
0.1116249 0.1456311
1.828949 0.1863009
2.313803 0.04220473
1.726185 0.487418
0.7511903 2.275745
1.944434 0.7887444
-0.1957741 0.9728167
1.429119 -0.1868989
0.9219411 1.423896
2.09456 0.9589568
-1.043555 0.4192326
0.6838751 1.191097
-0.1554715 -0.04849449
-0.03443767 0.1134783
1.130936 0.7567139
1.43774 -0.5355035
0.8151685 -1.598094
0.7774713 2.532874
1.448634 0.9374999
1.037641 0.8128896
0.4061772 1.383337
1.271605 0.05690108
2.114536 0.4958265
-1.43477 -0.381561
-0.8322577 0.5978717
2.078572 0.9528612
0.7975675 0.7789509
1.055173 3.237788
0.2981861 -0.3234862
-0.06595919 2.026702
0.5786069 -0.2971399
0.7535929 1.400143
-0.5855306 0.685286
0.254269 -1.277353
1.904739 0.3154233
1.231463 1.823043
1.452711 0.5076972
2.179599 0.2550717
1.317593 1.525079
2.193641 0.6054101
2.792805 0.532024
0.6362391 0.745132
1.325064 0.9023374
0.9854924 -0.1917815
2.158772 0.006936388
-0.2976769 -1.244662
1.310378 0.2824994
0.03347796 -0.1177217
2.983164 1.566464
1.046437 0.4746286
0.8751569 0.2416761
2.561524 0.5868247
1.951295 1.188401
-0.4121627 0.4761995
1.169787 0.7222156
1.720588 1.287653
1.397509 -0.08421449
0.7327908 2.355407
-0.5983657 0.4551359
1.816005 1.153045
0.4701311 0.786449
2.115344 -0.08636158
0.8556065 -1.189609
0.4097817 1.823988
0.07054431 2.074174
0.6127986 1.097682
1.315797 1.544612
-0.6573654 0.9268396
1.247396 0.5308127
-0.9227074 0.1871897
1.267349 -0.06577375
1.174606 -0.8515172
0.7080494 1.416884
0.3080934 0.5210901
1.403688 0.1947163
0.4064446 -0.2554529
1.631449 0.8496016
-0.2681877 0.8825436
0.3569484 1.176412
0.3574656 0.5224044
0.4961067 0.1901738
-0.4076826 1.087889
0.04525641 0.1887152
-0.9825794 -0.4590296
-0.2266037 -1.554797
0.1863824 1.720317
0.3873393 -0.2715708
1.609518 2.608567
1.193492 1.805374
0.7533114 1.481406
