-0.007388991 1.405004
-0.1175659 0.3348258
-0.3495063 1.580309
1.699195 0.9612487
0.2566571 0.3068844
0.04216676 1.129224
1.260865 -0.8571666
-0.01965121 2.002227
0.2115284 0.2931334
1.803271 2.187979
2.118738 0.3083285
0.7168186 1.507785
1.259646 1.278323
0.4699547 0.5619249
0.9882165 1.204491
0.4455872 1.144023
0.359138 1.261152
1.43612 0.3419128
-0.1476086 -1.090478
1.831653 2.152402
-0.03747941 2.442799
0.9202085 2.070125
2.05713 0.5830634
0.8784838 0.9085219
0.7978993 0.3005575
0.7229233 1.109121
0.2565012 0.474669
1.089221 1.435438
0.3347065 -0.5138494
0.7182465 -0.6126752
0.5202966 1.526707
1.144301 1.318494
-0.7340616 -1.863764
0.57992 -0.76169
-0.5132009 3.37465
0.9291617 1.254008
0.9746893 1.906234
2.131102 1.821503
2.110672 -0.16687
0.8737955 -0.06336735
0.8000086 1.618725
1.860363 0.9954512
1.016041 0.8615617
0.1659607 2.542884
0.1932604 -0.244584
1.711261 0.6866355
-0.9509485 0.2194125
0.1199318 1.179087
-0.1079213 -1.755644
1.373072 -1.005187
-0.7102513 -0.1261266
2.373941 1.262759
-0.7567253 0.7513908
1.097416 -1.303469
0.8131091 1.013803
0.5365769 1.147288
0.9696749 0.4137158
1.916697 1.088707
0.3853611 1.634751
0.07402599 -1.208382
0.2017869 0.6126249
1.247279 0.5692737
0.9229026 -0.9139928
0.7920722 0.3731251
-0.7002072 -0.2805913
0.9169799 1.856723
-0.1567719 1.516389
0.7721535 1.442176
0.4803877 0.6393576
-0.2029073 0.9691165
2.148918 -0.2066853
-0.3422508 0.5513775
3.063189 0.5550724
-0.1496351 2.121872
1.436884 1.267805
0.844287 0.8507229
1.177799 0.3585453
0.7030648 0.009894119
0.2757148 3.634409
-0.2926571 -1.130813
-0.3959561 1.519099
0.2728247 0.6672799
0.8175992 0.1664061
0.9606229 1.600192
0.6662355 2.387701
0.7243113 -0.6143181
1.49428 1.132297
0.3548484 -0.1098372
1.869852 3.214793
-0.2194626 1.189985
2.199839 1.083888
1.82632 0.3241281
0.05958716 -0.6784927
-0.838302 0.5679518
0.6518894 1.426173
2.082055 2.761868
1.019036 2.082171
2.357941 1.272667
1.559755 -0.164213
1.064112 -0.6042248
