0.09921369 0.5495039
-0.6214571 1.419343
1.6087 -0.3865013
2.244772 0.5031186
1.001732 2.116453
1.751104 0.2744241
1.039239 -0.1857039
-0.4146575 0.9707049
0.5512117 0.5459158
1.525984 0.7426797
1.03862 2.032355
0.6675058 1.17685
0.7226542 -1.105528
0.07010856 0.4923353
1.595142 1.231758
1.747688 0.9855403
3.156292 1.115184
1.912405 -0.8931598
-0.3726064 -1.337757
1.393829 0.8691649
0.9633845 1.905039
0.3435201 0.306983
0.5594928 0.6925888
0.921505 0.7690908
1.933492 -0.2947297
-0.3903747 1.06679
0.9312773 3.205973
1.1151 -0.306483
1.110378 -0.1432125
1.894527 1.515265
1.408607 -0.6469668
1.463391 0.4349625
0.4358606 1.537425
0.3457946 0.5504513
1.164136 0.6641361
1.04442 1.176463
1.481134 0.4230101
-0.8926001 -0.7588978
0.8832853 1.386867
2.041186 2.005698
-0.6198302 0.6143095
-0.2369921 0.3987193
2.047955 0.740975
-0.1447605 0.4836973
0.1509247 1.023453
-0.2151862 0.6884996
0.9734991 -0.6533637
1.653833 -0.4904051
1.521542 2.212692
1.799135 1.188102
-0.07240989 0.1219803
2.915608 0.2127759
0.7131704 -0.04713448
0.1789117 0.7587575
-0.0434901 0.09232542
0.7464744 0.8842758
1.13015 0.3670626
-0.8046074 2.228209
-0.9124248 0.5069264
0.05970819 -1.6354
0.7926315 0.9049944
1.93217 2.708033
0.7393298 1.788928
2.195461 -0.4299257
-1.604408 -1.045294
1.025165 0.6081155
2.132895 1.50117
0.8844784 -0.2004407
1.577688 2.580339
-1.132239 1.454282
0.5411492 0.3714509
2.203555 -0.6468028
2.066714 0.5075916
0.3019339 0.06887913
0.8869905 2.887779
3.031709 1.261708
2.215535 1.244209
-0.959242 0.3400242
1.056327 -0.6674323
0.2726481 1.928708
1.686315 0.7456127
1.049313 0.4736077
0.9691105 0.8343152
2.839905 0.9322978
1.823575 0.9434275
1.380846 -0.869223
1.64559 -0.4079711
1.08032 1.098856
1.075475 1.602987
-1.27243 2.170957
0.7681182 0.03339975
1.083605 1.15516
0.4137574 2.980874
0.03462911 1.164469
1.682773 0.8058958
0.3074253 0.1279067
1.015304 2.227983
0.2915111 1.268292
0.8219264 1.213582
0.1517685 -0.4302546
