3.078608 1.361229
-0.05501722 0.9001367
2.683857 0.6828234
1.883939 1.149185
1.250232 0.6164701
1.886981 -1.366695
0.819889 0.6468792
0.9617231 1.890331
0.2348337 0.9071167
0.7897 0.4824215
1.347003 0.8375083
1.642927 0.08303398
-0.4499705 0.7647623
2.404548 2.121857
0.008155508 0.402294
1.431053 -1.091875
2.146958 1.705788
1.66123 1.792465
2.51601 0.7810059
0.141401 0.1569132
-0.2223366 1.639891
-0.4894138 1.960136
-0.674128 2.081052
0.2825007 1.168582
0.1335185 0.781563
2.005789 1.297012
1.716109 2.103573
-0.1520567 -0.4081323
0.2635363 0.2766877
0.89947 1.278759
-0.2172648 0.6320039
1.145926 -0.3980268
0.9781436 -0.009843257
2.213622 0.2542806
0.927875 -0.3671133
1.242087 -0.1988813
0.1825282 1.326622
0.6036903 1.926277
0.2484661 0.9655524
0.9576337 -0.8039127
1.528743 3.236697
0.5398601 0.689362
2.04589 0.3152182
-0.5032923 1.136735
-1.710821 1.086308
1.130544 0.1174663
0.3029456 2.275222
2.174848 0.7706245
1.006757 0.5010171
2.871058 1.337794
0.2722491 -0.3814872
1.026537 1.332459
0.1775326 2.278309
1.743684 -0.2937781
0.6082099 2.032805
0.3646319 0.09469554
1.550214 -1.589187
1.050312 -0.02963826
-0.5273717 1.770777
-0.4889622 1.204232
0.1148588 2.146623
1.745878 -1.928849
0.3035668 0.1244932
0.4360817 0.3756108
2.390648 1.564008
2.878973 -0.6174352
-1.559092 0.8942104
1.154152 -1.377354
0.1243389 0.008530599
0.1967086 0.6801125
0.8582497 0.02772481
-0.2904817 1.2301
0.2340375 1.288535
0.3033125 1.205377
0.6182759 0.1949667
0.07925399 0.5093046
0.7039004 2.171482
0.784845 2.115147
0.5487548 0.8541636
1.005146 0.4327049
1.565115 0.3842912
1.893037 0.165563
1.651647 1.208854
2.144429 1.849947
2.37585 -0.299644
1.611169 0.4560708
2.276364 2.898718
2.508148 -0.6113747
1.042081 -1.200137
1.736882 2.199722
0.1762708 0.360334
1.456733 0.792841
0.150997 -0.0309362
0.8253386 0.5910559
1.797185 -0.9643874
1.926225 0.7898197
1.622723 1.192725
-1.387043 -0.4285389
0.7179752 1.485436
0.3408674 0.8382165
