2.199769 -0.3231493
-0.5925294 0.7341929
0.775967 1.835513
-1.377471 1.097964
1.218537 0.5014971
0.1721116 2.72635
1.249238 0.3855728
0.3316487 1.97517
-0.5036138 -2.176682
1.80958 2.017638
-1.358584 -0.816326
0.8595973 1.938556
1.813567 -0.2525742
-0.1218977 1.274382
1.234339 -1.45395
-0.712438 1.493706
0.1048105 1.600474
-0.25477 0.5817048
0.7059061 0.5598368
0.933582 -0.06510882
1.57593 0.235552
0.9111085 -0.3689498
1.372841 0.5916471
-0.4214119 0.8998291
2.616744 1.920115
-0.1024779 0.274356
2.028347 1.344337
2.899949 0.9163598
1.308166 1.310893
0.288683 2.090117
1.355723 0.9678811
0.4277455 1.87733
-0.344601 -0.06292197
1.993354 1.964164
-0.1668529 1.641789
2.955281 -0.1549994
1.682067 1.044269
0.1063095 0.4184705
2.241152 0.8798898
0.5511477 0.2221255
1.422791 0.9679916
1.103619 1.914632
0.5295804 0.8837932
0.2779055 1.719045
1.155105 0.6501031
2.624986 1.58488
0.7884637 0.5288926
2.021918 0.348282
-0.007944234 -0.1920899
1.478356 0.05981261
1.548969 2.262945
1.751542 0.5119215
2.032389 1.485795
1.930954 1.702255
1.340679 0.01909743
-0.976454 1.439444
1.421794 2.430438
2.004712 0.3493063
-0.241082 0.1973945
0.887814 2.208962
-0.275101 0.2271266
-0.5592158 1.265508
0.5529465 1.969862
-0.5713716 -0.8984183
0.5318896 2.643674
1.013601 0.6038731
-0.4635928 1.232536
-0.1658734 -0.4939033
2.000314 0.3552948
2.348642 0.1057708
2.540714 1.06335
-0.7606918 1.937054
1.198316 -0.1002881
3.752267 -0.1514697
0.2213717 0.4332795
1.763115 0.1893138
-0.1046021 -0.6601516
1.318727 1.082092
0.9031442 0.8474333
-0.9192266 1.336952
1.790229 1.15166
1.647021 -0.3180167
0.9626478 0.09958771
1.703576 0.7006721
2.186032 0.9680925
-0.8137089 -0.6326736
1.855542 1.253171
0.8909778 1.216403
1.467541 1.016758
1.729779 2.358076
-1.137465 0.3783909
-0.6945345 2.938475
0.4287171 -0.7141482
0.5644952 -0.4897392
0.6009634 1.1327
-1.553284 -0.8435418
-0.431597 1.103296
1.898275 -0.7522273
1.177914 0.7958439
1.488254 2.549074
