-0.7368721 1.502941
-0.3328258 2.620349
-0.1216399 1.032632
1.962115 -1.619846
-0.1827671 0.5155308
0.9530081 -1.479599
-0.706083 1.654658
1.39294 0.917832
1.213875 0.5795607
1.935968 1.010171
2.004848 0.915613
0.6543597 0.0719716
0.3085132 -0.2231623
0.4131522 0.3716565
2.666383 2.758413
0.7872353 0.2174169
1.398034 1.362498
1.435327 0.1227365
-0.2667985 -0.2092252
1.275716 0.4106896
0.4828651 0.8233101
2.104349 0.5069866
1.854123 0.7389609
2.735024 -0.7267477
0.286424 0.7981826
-0.2625061 0.2836941
-0.9503316 0.4509089
-0.1527287 0.9377324
-0.7940394 1.291683
1.784041 1.045944
-0.1433651 -0.03338425
1.830221 1.14192
1.787859 1.307661
1.81351 -0.394221
-0.2840757 -0.03649432
2.420756 -0.4427414
1.135494 -0.4970586
0.9744738 2.455435
2.092202 1.707915
0.1596914 1.142903
-0.1397286 2.672442
-0.955849 1.401387
0.5784766 0.2390703
1.729408 0.8494054
0.8905698 1.156188
1.412987 -0.622734
0.7223431 0.4379779
1.318703 0.3843211
1.803315 0.5831476
0.2719158 0.5708023
0.426057 0.6530178
0.1785487 1.48201
1.396532 -0.8752771
0.8969757 1.578157
0.7879059 0.7976899
3.433159 1.134361
1.516357 1.010961
1.045462 0.2892067
-0.4011825 1.50738
0.4555656 -0.06812893
1.322225 -1.511458
1.573294 0.8822912
1.968793 0.7430021
0.5364595 1.003985
0.2305913 -0.8135798
2.438478 1.960731
2.636583 1.277912
0.0100684 1.342376
1.770668 0.9850739
1.061427 -0.67751
0.9164016 0.6375069
1.653119 -0.2642658
1.93677 -0.5339379
1.166085 1.0532
0.7157422 2.258028
3.130095 0.1676449
-1.067246 0.5214356
-0.06875123 1.54167
0.9388248 -0.3851601
0.6623307 1.388676
0.3495706 1.414284
0.6220669 -0.2572176
1.283992 1.478858
1.213493 -0.9495437
0.1234415 -1.13497
1.048534 1.489278
0.7904059 -1.183223
1.556642 0.08161735
1.818183 -0.4353398
0.7782645 0.6705741
1.711458 2.036865
2.588014 1.785408
-0.2903179 -0.1431814
-0.1263317 1.242049
2.558178 1.041443
2.156397 1.417946
1.115412 1.453799
0.3767611 1.092949
0.2750945 1.410513
0.6304636 -0.09502603
