0.1719485 -0.01556128
0.4627995 0.6242486
1.634021 0.6055282
0.5977965 0.2410807
1.017674 0.4319044
-0.2320391 -0.6712129
2.739867 0.6846658
2.095717 0.6467464
2.270282 1.161465
0.649359 0.2726564
2.312237 1.245516
1.969623 0.1536112
0.6296178 1.225123
-1.648776 0.9784368
0.4341349 1.228766
3.212273 1.539742
1.301171 1.993902
-0.5884577 -0.727891
-0.02145652 -0.69714
1.314666 0.68594
-0.2422265 2.900385
-0.5419258 1.559306
1.804139 1.178476
0.9033671 1.156992
0.2959447 -1.065666
1.750477 0.4705123
1.57859 -0.3142872
-0.5651601 1.793801
1.939743 -0.6144452
1.345671 0.1159117
2.005463 0.8824612
0.3569882 1.603249
1.244128 1.313675
-1.890944 1.276522
1.704764 -1.050391
-0.003438744 -0.2333383
2.571987 0.01753844
0.0456968 0.52949
1.469226 0.9829373
0.4354918 -0.6973066
2.149347 1.124938
-0.158515 1.173862
1.274106 -0.4215483
2.444382 0.8431855
1.989652 0.2588484
1.869648 0.6972861
1.549207 -0.3783148
0.3528369 -0.3190596
1.607875 -1.338807
-1.303424 2.052842
0.4441533 1.228091
1.619206 0.8818678
1.49974 2.32366
0.5330571 1.784598
0.32541 2.581009
1.563877 0.2716336
1.266208 1.596997
1.483846 0.7974232
0.2737906 1.906625
0.4948485 1.728401
0.9564593 0.5075588
2.19999 1.939248
0.155398 -0.4296095
2.335926 1.126415
1.795148 0.2009507
2.412743 1.303835
0.8217328 -0.6794651
1.208496 0.7229647
2.108331 1.298157
1.354597 1.579668
1.43192 0.9354643
1.54733 2.001525
0.619983 -0.005355794
0.8282006 0.5222183
1.090847 1.009998
1.439864 0.9360404
1.952321 -0.3655838
2.024967 -1.316615
0.5193994 1.775305
2.287795 2.184246
2.237523 0.9322408
1.280389 0.9221848
2.063091 1.085903
0.8699162 0.6298374
2.939244 -0.4027949
-0.376394 1.530036
0.2672588 -0.5350853
0.8098896 1.724779
1.894992 1.847412
0.4796334 0.9858778
1.762658 0.4399461
0.4939495 1.648064
0.8807588 0.2117711
0.6441814 0.2810526
2.564322 0.2886146
0.4424803 1.374441
2.542175 -0.7228797
1.526248 1.659803
0.06625561 0.9727111
-0.1853509 1.521369
