1.125015 -0.5417665
2.716944 -0.5787169
2.337128 0.3331524
1.100397 1.004173
0.810833 1.468985
0.8745048 0.1546121
2.252832 -0.2855422
-0.1292615 0.7951048
1.349115 1.42462
0.008430702 1.030707
0.4916017 0.07616627
-0.5686144 1.379275
1.506025 0.1365067
2.248712 0.8204697
1.479256 -0.2598365
0.5681658 -0.6050858
0.7704474 0.8268572
2.215206 0.5189131
3.98161 -0.1544225
1.574514 1.523741
0.1250369 0.5690686
2.085973 1.092607
0.9640112 0.2461756
2.518738 -0.09471232
0.08172471 0.2738923
0.3177656 1.992654
2.038387 1.238667
0.5768911 -0.4603302
1.020092 2.471481
-0.6463616 0.998797
1.573063 -1.032479
-0.09354481 -0.8934488
1.844661 1.787505
1.25784 0.04680174
-0.9726404 -0.2825018
2.173635 2.278247
0.6739083 0.8295623
-0.1152674 0.5150976
-0.0466222 0.6597635
1.930814 1.562523
1.012599 0.7127868
1.184561 2.323193
2.515672 -0.08869617
3.097004 -1.395223
1.449626 0.2575162
0.4004373 -0.2021384
1.763158 1.578728
-0.5662477 0.1953716
1.603649 0.2240689
0.7022259 1.852164
2.138096 2.72643
1.5886 -0.09560697
2.016262 0.9656773
-0.8707744 0.7031453
4.170844 0.5051865
1.659636 1.565373
0.4131593 0.1825265
-0.05882863 -0.9441069
2.805146 -0.1203716
0.6697655 0.4766179
1.485173 -0.6812547
1.758203 -0.9290108
1.576434 0.4008742
0.9370364 1.384768
0.4184431 0.8882638
-0.6788016 -0.4483442
1.964313 -1.49661
-0.1818742 2.001778
-0.01852528 -0.3459926
1.901732 0.7515635
0.542347 3.168832
0.5254211 1.115778
1.259829 -0.330891
1.039769 0.7918967
-0.3172209 0.6109743
0.7314306 -1.573048
2.06568 0.7873488
2.315474 0.6353496
2.642949 1.338912
2.28022 -0.2648493
0.5733479 2.325039
-0.006152151 -1.170674
1.167694 -0.06677488
1.079826 -0.1941585
0.02911204 -0.2985165
0.2738979 0.1873573
1.13247 -0.2776103
1.391531 0.8425706
2.534685 3.105449
0.8472664 1.117002
0.04135147 1.36056
1.274823 -0.2841078
1.658928 1.004792
0.02803792 0.775175
1.561056 1.7347
2.521586 0.9524285
2.558492 1.940353
1.44198 1.668825
-0.1470884 0.5419006
1.354653 0.5829679
