0.7866422 0.08847865
-0.4040845 0.02103487
1.790442 1.260934
0.8674122 2.156671
1.336227 0.6246328
1.246411 0.5866385
2.505484 -0.4768387
0.6489758 1.775802
-0.6496337 0.5840881
1.582937 -1.096422
2.157735 2.606227
0.9938143 -0.05401103
2.891734 1.135157
1.127003 0.1261966
0.5805519 -1.33767
0.5107428 -1.739429
2.049729 1.177778
0.7914871 1.449618
0.9685504 1.102616
0.1020164 -0.1387921
0.6052963 -0.489417
1.068508 1.25191
2.147325 -0.5819288
2.195226 1.495275
0.9127139 0.7863701
0.05694477 2.05554
0.04366318 0.2856832
1.748155 1.057533
2.015329 1.358985
0.6059326 0.6180348
-0.03059482 2.158151
0.5036631 1.470143
1.685734 1.206329
0.08052836 0.3714073
1.073638 0.03265923
0.8013992 -1.773473
-0.670069 -0.2057407
-0.4845632 0.919082
0.6275261 0.2635038
0.5746954 0.628075
0.7662812 0.7722019
1.175879 1.354439
0.009797421 0.5586566
1.847218 1.120309
2.42957 0.123529
1.465904 -1.093431
-1.29274 -0.2057284
1.742642 0.9927694
0.9769869 1.305858
0.8651331 1.354002
1.047425 -0.884543
1.605928 0.6028651
1.356174 2.4963
1.090378 0.6854491
3.139357 1.002366
0.8466184 0.04296934
1.083804 2.667518
0.3876171 1.636035
2.476132 3.171972
1.860597 1.324508
2.461813 1.951639
0.1535694 0.5623211
0.6094312 1.108583
2.102675 0.6839513
0.1806678 -0.0274473
2.893182 2.331165
0.8923154 2.641939
0.1224121 2.543053
2.328455 0.8830963
-0.9795364 3.58482
-0.5997223 2.115491
2.061384 0.8173325
0.3565874 0.5160138
-0.02469129 0.9079426
2.435063 2.337586
1.051913 1.030399
0.2017201 -0.5811089
-0.1077189 1.224765
-0.001270805 2.348108
0.4509065 0.5744943
-0.7695208 -0.972085
1.591046 0.5248351
-1.201747 -1.102499
1.109455 -0.576557
0.1316528 0.7093817
-0.03384268 -0.6345063
2.40727 -0.02686616
0.1701963 2.226021
0.1622347 -0.4378999
0.5341018 -0.4119805
0.9871028 1.864313
1.218563 0.3856957
2.444029 -0.6589226
2.279317 1.389325
1.915506 1.287553
1.809315 0.7210211
1.530299 1.151751
-0.08453009 -2.10669
-0.4261175 -0.7488209
-1.085312 0.93813
