2.491441 0.9032724
1.240258 2.095263
1.271542 1.134936
0.1322017 2.061331
0.6388317 0.6680927
0.1378048 1.542035
-0.1793849 -0.07813218
1.042976 -0.8400691
1.01562 0.1277649
1.494534 1.142374
1.209527 0.628238
3.352501 0.6979494
2.388629 3.899206
0.9404733 -0.421391
-0.3345545 -1.618505
-0.3582518 1.710305
0.3227504 -0.50017
1.017625 1.299739
3.230044 0.6385347
1.720773 0.3308516
2.573326 0.6527025
2.182344 -0.01370864
2.045955 2.318479
0.1932557 0.4159551
1.258607 -0.02225848
-0.6940048 1.003329
2.505405 -0.7654129
2.344361 1.575854
1.685525 2.309606
0.5561437 1.342538
0.6094952 0.4431912
1.360731 -0.09989015
1.370369 1.324729
-0.02653147 1.151743
0.1282499 -0.5768859
2.407831 0.07359506
0.3110686 0.5812339
1.562999 -0.1376175
0.6280622 1.07259
0.6251664 -0.0282693
2.681352 -0.3445791
0.6393767 1.320997
1.316201 -0.2511131
-0.2274123 -0.921238
0.570473 0.7563759
0.6720554 2.727021
2.578923 -0.160206
1.461761 -0.2849354
0.3053201 0.6151372
0.5046238 0.9872592
1.765942 1.064567
-0.04010572 1.703272
0.9713031 -0.6844144
-0.8188292 -0.894328
1.083545 2.309072
0.9597938 0.9646351
-0.8578179 0.9258912
2.356561 -0.2528416
-1.931669 -0.2709743
0.8665825 2.345009
-0.181607 0.6229727
1.06629 0.09673713
2.722536 0.4403432
1.180984 1.676276
1.98657 1.707016
-1.219865 0.1686051
0.8699345 -0.1434937
2.006841 1.363488
0.8514747 1.074857
0.5355978 0.8922204
-0.1291358 -0.1674041
2.637616 0.477252
-0.6782892 0.2011077
0.9682575 1.392134
-0.707951 0.03554574
0.6882196 -0.6744094
0.7316463 0.1678417
0.5191561 0.3360712
1.465035 0.8970404
2.921306 1.096321
1.881402 0.3555621
0.4640361 2.339023
-0.01171175 1.62235
1.033196 0.9889537
0.5680271 -0.08905209
-0.03218237 0.5396472
0.4850728 0.8123662
1.536453 -0.3925393
1.285895 0.4322034
1.891531 -0.7795954
-0.1199895 -0.345903
-0.3604782 2.323484
0.4926387 0.320887
0.6099323 0.8281561
3.195575 -1.452047
0.8402454 1.705722
-0.05601197 2.419514
2.308656 -0.1673455
3.352533 -0.3120836
-0.1934179 -0.2577734
