0.6510706 0.7499341
2.224425 2.325182
1.026592 -0.006002754
1.209924 0.9245624
0.2170034 -0.480271
1.189653 0.7666533
0.3432069 1.956143
1.584464 0.9808405
-1.090513 -1.48922
0.5243251 1.20319
0.6102317 -1.362189
1.502099 0.8355698
0.9678296 -0.7960918
0.9690931 -0.460258
2.440746 0.8359876
1.413845 0.2445247
0.9721008 1.493329
1.76353 0.1885607
1.276388 0.4302103
0.2956422 0.8546193
2.801937 0.1800002
-0.1231561 0.8653157
1.189925 -0.4703432
1.275994 0.581387
-0.006568302 2.784549
0.6565304 2.221258
0.5743168 0.3290967
0.05703161 -0.1976536
0.7615355 0.3898268
-0.4364719 0.8916535
1.660577 1.105735
0.5559202 0.8352604
1.005276 0.193223
2.887711 1.145144
1.297317 0.584666
0.233822 -0.4443427
0.585888 -0.7821148
2.281514 0.6285327
0.8189802 1.144324
2.21919 -0.6116315
2.214887 0.918737
0.7878709 1.031909
0.878995 1.191616
0.3074986 2.880509
2.839216 0.6796724
1.185237 1.759515
1.296771 2.251965
2.532925 1.965421
0.2261759 0.08159693
0.6118018 1.933145
-0.1013556 0.4690369
1.57572 1.105715
3.197749 0.2207128
-0.2928556 0.845064
1.684655 2.323191
2.713296 0.06904722
-0.3426342 1.399598
0.8932719 0.2001272
1.597761 -0.1661225
1.915485 0.4473703
1.98538 1.512515
0.09715793 -0.1482902
0.5029695 -0.4884767
2.161906 1.149077
1.493748 1.186015
0.7493491 -0.1019197
-1.55153 0.1841893
1.434774 0.9809462
-0.729059 1.890612
-0.04559565 -0.7797498
1.771554 0.2077928
0.3711432 -1.12549
0.3519359 0.9294378
0.557956 2.181992
2.272576 1.136993
0.9051442 0.7160003
1.065481 1.593514
1.245002 1.458489
1.693023 0.5173049
0.9540331 2.128917
1.055274 0.1491637
1.027859 0.1259138
0.3242924 1.531476
0.1810782 0.88042
0.6063787 1.2507
0.1072988 0.9229575
0.9913519 0.7204751
1.152475 0.6809949
0.7594231 0.9775411
1.335152 -0.3493665
1.026963 2.507889
3.190418 1.971856
0.7423266 2.259024
-0.4188165 0.7091593
3.104401 1.628849
1.791194 2.221863
0.440121 0.8594428
-0.3164568 1.079679
0.6060218 1.412354
1.625218 0.6744472
