1.397772 1.382293
0.6667311 0.495122
-0.2652759 1.912129
1.20255 0.03058052
0.0372865 0.2864343
1.640564 1.471673
1.031338 0.3297456
1.24199 0.9995561
2.04908 2.313011
-0.2899017 0.8391289
-0.4910045 1.232902
-0.9211919 1.175196
0.7991516 -0.5659819
1.66362 2.512168
1.260156 1.150046
1.758114 -0.7020436
1.464756 -1.753906
0.5298946 1.440365
-0.0227371 0.56282
1.563733 1.422143
3.887737 -0.4822251
0.9208817 -0.5423699
-0.6105603 0.6422742
0.04978322 1.186957
1.58762 -1.052714
1.868065 0.498456
2.507698 0.5208647
2.037824 1.955388
2.232464 1.459252
1.620771 2.92033
0.9441928 -0.1693022
0.6811781 0.4784123
1.606918 -1.555003
0.9054886 -0.709995
1.012649 1.433554
-0.5181693 -0.8148507
0.5231556 -1.208578
0.4144096 1.803363
3.37742 2.176807
-0.02427676 0.6069799
1.509144 1.91951
0.2843714 2.740582
0.8493141 -0.1249214
0.1183015 -0.100869
2.459802 1.959396
0.3319427 0.2836287
-0.022495 1.181568
0.9875125 0.207602
0.5719844 1.342516
-0.3747997 0.002894821
1.294566 0.2052628
1.383903 0.2055447
1.43278 2.216096
0.1667329 1.251592
3.143921 -0.1643316
1.850117 0.8380691
0.6146208 1.714347
2.882148 2.021981
1.133962 0.1459202
1.241873 0.6228292
1.358 1.180041
1.685084 0.9760185
2.014313 -2.242013
0.5315759 -0.960068
-0.4828446 -0.6009261
1.063549 0.2053465
1.664259 0.8217629
-0.4422903 0.3425337
1.121613 1.78066
0.9712247 0.9908445
1.48031 2.100937
-0.7228899 0.3313847
1.432191 0.3678557
0.6586742 2.157869
-0.4142464 0.8688135
1.254549 -0.4593684
2.460299 0.3529693
2.231304 0.4451124
1.109285 -1.07113
0.2452977 1.890056
1.582256 -1.683214
-0.1625343 1.038696
1.611261 2.242724
1.585183 -0.704559
1.688022 -0.6892104
1.965565 0.3566829
2.439938 -0.2033753
1.073552 1.650158
0.972637 0.3640372
1.602987 -0.4625417
0.3209919 0.7391547
0.6291384 0.4617363
1.076415 -2.050115
1.700254 0.4429611
-0.08389055 -0.1388622
1.162396 1.155692
0.7476289 0.984721
0.7120529 -1.386342
1.541527 2.145193
0.8470736 1.525123
