0.2900036 2.201185
1.297588 0.2625889
2.418006 1.73265
0.2298241 0.8997755
1.0576 -0.3446435
2.952092 -0.2429729
-0.4537163 1.274748
0.4434044 1.79841
-0.2391797 -0.7676803
0.2263234 0.732656
1.145834 0.8232231
0.8015435 1.571848
0.493478 0.7435238
-0.02738527 1.887056
1.756657 1.57425
-0.815872 0.5727667
1.152263 0.2508886
1.773959 -0.1290071
1.448164 -1.054272
1.980334 2.138095
-0.175263 1.237982
1.378245 2.038974
-0.2569305 0.359987
1.929174 1.330511
1.075865 1.481651
0.5917324 -0.594069
2.112647 -0.456147
0.5676756 0.382103
1.366388 1.043266
1.697187 -0.02514118
1.587662 0.5686978
1.479378 1.043489
1.423135 0.9477395
0.4851695 0.7155411
0.4452454 1.672394
3.571032 -0.8147239
1.794547 3.365611
1.85004 -0.4300232
2.183384 0.5168166
-0.02035793 1.42316
0.6518981 0.08707571
0.5035566 0.9500481
2.225025 1.622585
1.320742 0.8250072
-0.233722 -0.8665686
0.05293153 0.3288318
-0.6065728 1.035572
1.319037 0.26926
1.358207 -0.7157217
0.919037 -1.261072
0.3197799 0.8416034
0.6732264 0.9355791
-0.711953 1.90257
1.389136 0.05096099
1.632394 0.9838356
0.8983098 0.6359637
-0.04643248 0.427065
1.119384 1.646431
0.3025167 0.361307
0.156949 0.1781895
2.693795 0.6773665
-0.4837054 2.536249
1.37172 0.2327227
2.097697 0.3299705
3.006452 -0.6515977
0.1237912 0.7299665
-0.8716688 1.459324
2.087043 1.233636
1.481795 1.80983
-0.06700054 2.104232
2.049787 1.864568
1.070835 1.599168
-0.2148955 1.162284
1.853586 0.7592437
1.172165 0.6097775
1.931249 1.146571
1.972561 1.60881
-0.4430058 0.4717192
0.5414885 0.8583524
0.4114972 0.02632206
1.774649 1.335899
1.886153 1.066602
2.012553 2.976348
0.542947 0.4361983
1.943468 1.543676
1.27085 -0.193372
1.74971 0.7402674
1.456611 0.9179293
1.354647 0.4092414
-0.150096 0.9400868
0.3381792 0.08627917
1.444326 0.8674186
1.105111 -0.4459591
0.7005937 1.866221
1.250037 -0.5775467
0.73985 0.1036668
-0.1410506 0.9676093
-0.5479488 2.803819
0.8182035 0.3578643
0.4098287 -1.24764
