-0.138508 0.681614
0.09387557 -0.3313921
0.9398003 1.14677
1.491263 0.02129033
2.098891 0.820072
0.407332 -0.7916762
1.211871 0.2403806
0.8391551 0.6506426
1.891039 -0.5191634
2.650852 0.7667912
-0.5261984 1.193302
2.565263 -0.1130677
0.9779682 0.413636
1.039149 1.192781
2.090729 1.530099
1.923864 -0.2753446
1.293014 -1.341879
2.283789 0.8507501
3.608157 -0.9263246
0.3451888 0.5819355
0.5860663 2.319806
1.219326 1.353287
3.267468 2.373224
1.811421 -0.09976595
-0.5885652 0.1259882
1.420994 0.8976191
0.7427091 -1.622766
1.209456 1.272458
1.529165 -0.6748276
0.5020459 1.220479
0.4968556 0.3957716
2.692528 2.187443
0.7046153 0.1202451
0.6225527 1.305517
1.462156 1.340854
1.73823 1.274934
1.949291 1.991895
1.189742 0.7344201
-0.3014054 0.2500725
0.5154314 1.406684
1.311659 1.736523
0.4491479 -0.1224633
-0.707545 -0.04445868
0.1679719 -1.135509
1.153322 0.4632051
3.180235 1.512366
2.035275 0.4063009
-0.3818994 -0.9680036
0.6472347 2.138784
0.1736881 1.135368
1.130332 1.021443
0.7276786 0.3873578
0.524971 0.2877502
0.1230261 0.3967586
0.862559 1.755395
2.217293 -0.8386401
2.12525 -0.6572649
-1.029637 1.464638
3.114923 0.4772141
1.225768 -0.3720573
1.469263 -0.8047291
1.074184 1.133394
2.300956 0.6782748
-0.9370007 0.35158
0.8877488 2.076782
0.4235411 1.623357
1.363774 -0.1432386
0.1897245 0.8716175
1.122279 1.149112
1.752022 1.082568
1.03226 2.120927
0.5380066 0.6284093
0.9937094 1.786427
-0.5819976 2.926014
0.3614385 0.1603214
1.151401 1.407762
-0.7682267 0.3412434
0.6484617 1.057044
0.02267602 -0.4550542
-0.08226782 1.956418
1.152816 1.193614
-0.0740744 0.09017614
0.9945807 0.783896
1.917411 0.8666638
-0.4120328 0.5322155
2.094868 1.406059
0.8360343 -0.5746211
1.360075 0.627388
3.305438 1.681766
2.491573 0.3711633
1.734394 1.466109
-0.1506063 -0.6657973
0.3403293 -1.101757
2.010753 2.380449
1.930245 -0.3121348
1.541492 2.728789
2.180762 -0.1613515
0.9274634 0.738014
3.316702 0.1111281
0.2657416 0.5916768
