0.4425482 -0.3448969
0.8029676 0.4884301
1.095619 -1.749623
1.134448 0.3250818
1.393196 0.1634183
0.5483298 -0.2156516
-0.2090911 -0.4126418
1.698654 0.6140337
0.3301212 0.2199366
0.9140877 0.7036234
1.171237 0.4583512
-0.2415088 1.21351
-0.278037 0.6218514
2.685551 1.904589
0.9469603 -0.3616985
2.139992 0.1761607
1.018351 0.8043835
1.188211 1.292605
0.7412753 1.64516
1.305927 0.3355226
0.2980627 0.1245983
2.043822 0.4250821
0.351546 0.7227227
0.8480316 1.95872
1.373973 -0.8762746
0.172893 0.4137049
3.662651 1.926717
-0.5910717 1.641739
1.345052 0.3930624
-0.6207394 0.9328763
1.774652 -0.6467651
0.9290822 -0.1833055
1.233172 0.7218126
1.90898 0.3991381
1.549871 -1.001203
0.6259874 1.460696
2.402892 -1.119485
1.84129 1.878644
2.010114 1.483768
1.136102 -1.081754
3.289289 0.8329969
1.975137 1.436765
1.756666 2.137695
3.493076 -0.253183
1.107308 1.335351
-0.7081497 -0.148364
1.874951 0.123505
1.207741 1.824587
0.9173567 -1.110687
2.120196 1.1632
1.695842 1.657525
0.6017908 -1.054605
0.3610008 1.67871
0.6322715 0.6083221
1.685341 0.7554291
0.2154119 -0.8349397
0.9941226 0.7589284
0.2342497 1.615207
2.38318 -0.2057264
2.422807 0.3881166
-0.3495324 1.326559
-0.1085219 0.7091336
0.4787547 0.1654941
1.888423 -0.3778601
1.408075 0.4591715
-0.07171485 -0.444646
1.496652 0.982757
2.432613 -0.318389
2.555541 0.171506
1.227629 -0.1361515
0.3102492 0.01397946
1.63725 1.325615
1.96241 2.757078
0.8347069 -0.005806441
0.3481012 1.36684
1.015961 0.381974
0.577836 -0.5287523
0.6425898 0.4476841
0.9105901 0.7935023
0.6751882 1.644843
-1.201972 0.636073
1.940769 -0.3142513
0.9252195 1.596578
1.867094 0.04289993
2.19879 0.424407
0.9611586 0.4524266
0.3546138 0.2422917
1.767801 -0.6444618
0.06237017 1.196022
3.298716 0.7279089
2.04655 1.703954
0.5976548 -0.3880125
1.898626 -1.194969
1.601623 0.7144847
2.468407 0.3935369
1.420736 -0.009948988
2.347779 -0.724635
3.332254 3.989185
1.133662 0.8259414
0.9211404 1.810833
