-0.674937 0.7134664
0.8483019 0.98291
1.156198 1.329003
1.94133 1.212867
1.001676 2.584817
0.9354534 1.566181
1.086618 0.9815463
1.333468 1.806611
3.320798 1.693338
1.647378 0.5533042
1.137279 0.7319568
0.5768359 -1.149284
1.354832 1.308815
-0.308309 0.6370181
2.073085 0.1165359
0.2814443 0.1513458
1.690308 1.223051
0.4777674 -0.639107
1.391169 1.690874
1.64264 1.411976
1.417959 2.155079
0.06811111 -0.5693173
-0.03703389 0.9914198
0.3712692 -0.5917315
-0.977586 2.857457
2.893984 2.317308
-0.1219515 0.3897378
1.300051 1.279279
2.42048 1.486994
0.4145449 -1.640603
0.8874848 2.216326
1.39859 0.8264854
0.8689235 0.7791151
2.106175 0.2299682
0.4745197 1.565134
0.8246889 1.1564
0.7133088 0.3834806
1.594197 0.2261895
1.449207 1.682844
4.028726 2.059014
2.424318 1.35877
0.8445362 -0.3718848
0.7941072 1.058691
0.3667765 0.09989598
0.9251858 0.9583286
1.306218 0.7361969
0.5445236 3.088463
1.32082 0.04152553
0.6483208 1.489163
-0.8245574 -0.141293
0.5315126 -0.6623663
1.812415 1.163885
1.003831 1.156532
2.398975 0.04773389
1.50561 1.060521
1.215052 2.147216
3.070133 0.1233477
1.029243 0.6975405
1.80256 1.471271
0.446393 0.6782987
1.585909 1.300443
2.701253 0.2033785
0.6199362 -0.1300569
0.7638931 0.8480254
-0.09244503 1.217718
0.1819223 1.481549
0.5318545 0.6050423
0.8226697 3.174807
2.45629 -0.7204213
1.254087 -0.8511734
1.859845 -0.02444058
1.514675 1.040654
0.9822447 -0.5820566
2.616899 1.578162
0.5076654 -0.9505171
0.03742082 1.339956
2.90768 0.3305941
1.72267 0.938493
0.3066293 0.4873378
-0.9532385 0.8015801
1.920364 0.503149
2.826935 -0.5193628
1.513925 -0.3611533
0.7558747 0.3510085
0.2009311 1.45952
1.281443 2.948707
-0.6912334 -0.1419014
0.181459 -0.2382757
0.2867769 0.307424
1.548767 -0.4300521
0.4001085 1.134594
0.8091351 0.4042976
0.9346717 1.990394
2.185582 1.923051
-0.1423595 -0.5419354
0.4836558 1.617307
-0.4874295 0.6196031
1.300502 0.4680709
-0.4552989 1.631442
0.5208746 -0.4425492
