0.7480338 1.548689
0.4646111 0.1765571
0.1405327 1.145568
1.762316 1.762001
0.4461517 1.849975
0.2651398 0.7310488
0.06497366 1.480148
1.14579 1.513017
3.305013 0.3258064
1.795304 -0.2960768
1.192255 0.8774742
0.7435426 -0.3227913
1.577262 -1.027125
3.206351 1.312324
2.39686 -0.9638873
1.997687 1.113973
0.1894944 0.0565883
1.299749 2.391326
-0.8656596 -1.070389
1.509875 1.668831
1.632995 -0.4539014
1.949943 1.85073
0.9899914 0.7297701
0.2192603 1.463035
0.05945111 -1.108415
-0.4009213 0.1476071
-0.9148845 0.8317275
3.764675 1.759394
1.115209 0.5940016
0.6979705 0.5188022
2.360975 1.287136
0.9195143 -0.2929939
2.252024 0.6028541
1.819407 2.105693
1.451223 3.345099
1.212296 -0.008199368
0.01721453 0.5929759
1.840785 0.6651416
2.246441 0.9710261
0.1836857 0.9026747
0.2863076 1.757738
1.257678 0.6016967
1.000981 -0.5541866
2.525149 0.167444
-0.1435667 1.92394
2.433847 0.3925327
1.155668 -1.753299
1.227216 -0.2664667
0.1757388 2.510336
1.012335 -0.03876928
0.5299701 0.8865435
1.869248 -0.6281656
0.4642083 0.5380179
0.8739277 -0.1851234
0.5503007 0.5554108
0.03680174 1.552841
0.5381622 -0.3960418
-0.7871279 -0.1868647
-0.1203138 0.02608683
0.09164261 0.316797
0.2113883 -0.6495789
1.450128 0.9670141
-1.012148 0.3018983
1.849072 2.71059
1.814963 1.953044
3.955223 1.564564
2.975436 1.496916
0.3150465 0.5587469
0.4065252 -0.3700558
-0.2844803 1.568529
0.3430204 0.048322
1.553889 0.3322977
0.7649476 0.6554896
1.663485 0.165825
2.980217 0.1185179
0.1065104 2.448054
-0.7591127 -0.2249767
1.681621 1.037659
-0.2219188 1.242448
1.541369 0.4406786
1.389712 -0.276678
1.490713 0.8190742
-0.4609837 1.263158
2.349629 0.7920925
0.726561 0.9179693
0.7634723 0.1734091
3.829936 -0.4310267
2.065298 0.08942056
-0.9246935 0.5322836
0.3801192 0.305571
0.165778 0.2781194
0.8127087 -0.3462583
1.340979 1.197924
1.339767 1.11337
1.058786 0.7824091
2.92628 -0.6134579
1.464746 0.9490719
1.29695 -0.6858854
1.153536 2.54962
0.7519823 2.466414
