1.481669 0.6028717
1.991852 1.125618
1.330144 0.3518074
1.864758 0.1856555
0.4684821 2.006348
0.7840793 1.020501
0.1985229 -0.2421094
0.9697823 1.555742
1.240899 0.7569087
0.06710386 1.819373
1.648329 -0.1800226
0.853855 0.07607869
1.322206 1.409161
4.779913 1.027633
0.6858835 2.134981
3.720021 0.5343404
1.265984 2.058467
0.4887019 1.628983
1.720374 1.424714
-0.2149099 0.690427
0.1888918 2.417973
0.8058844 -0.002750726
0.829906 0.1027779
-2.179502 0.4843126
1.360863 0.1033399
0.06419654 2.063275
0.8675422 1.554424
0.4361955 0.5603448
1.451152 0.3339898
0.7469482 -0.09570664
0.9677548 -0.2034553
0.08325911 -0.3359176
2.242047 -0.001782916
1.786157 1.335084
0.2384985 -0.4958186
2.049328 1.603824
0.9496384 0.03796072
2.525555 1.623878
1.834232 -0.7187177
2.593395 0.5690587
-0.5109304 1.862956
1.507686 1.430042
-0.6656834 -0.1492353
0.9636546 1.45583
-1.015234 1.381215
1.666497 -0.3765441
2.303986 0.32816
1.337815 2.058626
0.2245263 0.6867507
1.606419 1.447772
2.39745 0.1367712
1.145945 1.759709
1.899502 -0.1985325
1.107899 0.8996726
-0.163357 2.009913
3.03615 -2.030132
0.7002726 0.8776721
-0.734183 0.8710252
0.01021154 0.5604645
-0.02657852 1.719434
1.771758 0.5805949
0.9231149 -0.2932068
-0.5035429 1.941524
2.025218 -0.5086578
0.4630618 1.377626
2.187543 1.509225
1.830388 0.830419
-0.4653291 1.858967
0.2087546 -0.05458955
0.267068 1.045256
2.37604 -0.4092676
1.23108 1.089999
0.6810618 -1.372467
1.243129 1.422676
0.3735683 1.818048
1.589668 1.156678
0.1591293 1.857394
2.115668 -0.6201008
0.4082534 0.8116403
1.467458 0.138954
-0.1133764 -0.3332086
-0.7569876 -1.126039
-0.1868103 2.592955
-1.773402 0.7127772
0.9155622 1.508348
-0.1021799 0.4992091
2.258308 2.217999
0.2086542 1.285083
1.357579 -0.8702787
-0.1895653 0.7805165
1.908048 -0.8212002
0.5943293 -0.5140309
0.6048798 -0.2041689
-0.2170127 -0.2741668
3.560441 0.3199965
0.1450072 0.08495032
0.4531226 0.4693587
0.6751424 -0.6498099
0.8114042 1.655727
2.079613 -0.4360918
