1.532462 0.6195958
0.3000076 0.5536174
1.905462 0.243753
0.425141 -0.7488151
0.3156855 1.105146
-0.3371578 0.6794013
-0.1494104 1.064727
2.156731 0.4587088
0.5990338 1.216359
-0.2346423 0.6024424
1.934296 2.193909
1.029889 0.8210482
-0.4201994 0.4270691
0.8176728 2.161517
0.860988 0.3849691
-0.2979539 0.4048513
0.3608387 -0.3267142
1.153722 1.68055
1.486073 2.368954
2.295465 0.9942339
-0.6560118 0.7595469
0.7481809 0.7180583
1.914183 1.908591
0.02029567 1.095239
2.341604 0.9018178
-0.2862653 1.818158
0.7913827 -0.7994622
-0.6806057 0.6156378
0.7840309 -0.6624974
2.665826 1.227381
0.274464 0.8465749
0.8505674 -0.7840346
-0.0108792 0.7952079
0.2573395 1.12555
0.9478598 0.484688
-0.6124816 0.7056329
0.3492825 1.690685
1.949327 0.8210831
1.244291 0.7648964
1.302174 2.558476
0.8317216 1.667761
0.7691027 1.269146
1.136719 0.7988897
0.6854651 -0.2952103
1.114253 1.188123
1.380687 0.9020769
1.068356 0.307169
-0.09682996 0.8179457
1.894607 0.2584743
0.7310727 0.9115282
0.05513455 0.7397696
-0.1653079 0.4019422
1.900143 1.13949
0.4438096 0.2989393
2.912736 -0.7799403
3.15272 2.387941
2.279396 1.842554
1.9688 -0.08263694
2.018576 0.1114647
-0.5949731 0.8870083
-0.443545 -0.2460659
-0.5589829 1.28661
0.4568924 1.379762
0.9902064 -0.3489608
0.4409114 -0.1356944
2.306975 0.5982271
2.208507 0.8761829
0.8821448 0.233885
0.4298736 3.06956
0.9394435 1.155402
0.08499915 2.337987
1.206108 1.060758
1.621089 1.81103
1.276693 -0.2009685
1.430137 -0.1122163
2.759758 1.593496
-0.12075 0.6067337
3.097899 0.2754446
-0.1683676 0.7697912
0.5312738 1.267232
0.3344856 0.4916036
0.3542727 0.7998094
2.064311 -0.5958297
0.8142307 2.374676
1.327069 0.3282098
2.097871 0.1841763
0.8164513 2.195158
-1.514618 1.661623
3.2495 -0.09102754
0.3189618 0.4285709
1.642588 -0.2846438
2.477676 -1.075953
1.291486 1.209307
0.004283029 -0.1978083
-0.5364682 3.151826
1.646358 0.7582017
2.016116 -0.09099223
0.9380136 -0.1330426
-0.1004204 2.756665
0.2565737 -0.1131202
