-0.09425784 1.280812
-0.01859538 0.2731804
0.43907 1.571629
1.896205 0.1651641
-1.011223 -0.5354981
1.012544 2.639762
1.123683 0.2175669
-0.1785904 0.2560757
3.052161 0.8426088
0.405811 0.375584
-0.309303 0.4815925
1.601023 0.9893148
1.521987 1.554988
2.21469 1.338168
0.785396 1.025839
1.448611 2.422689
-0.7435412 -0.3412767
-0.6494331 1.810822
0.1457943 -0.2635227
1.404797 0.3657905
0.9774354 0.6541772
-0.4663082 0.2222892
2.311245 0.5333255
1.980662 0.2949084
0.5412184 -0.541792
1.067051 1.13575
-0.8051732 -0.01246247
0.3230694 0.8869852
1.676268 2.275813
1.15115 2.554568
0.6992809 1.034497
1.661937 0.006921596
1.410658 -0.008805882
0.2919066 0.5465594
3.093979 1.910946
0.2337785 0.5049539
0.07632805 3.452327
2.048503 -0.9174974
0.9210192 1.965021
1.854266 1.806536
0.8310999 1.291254
1.392388 1.239254
0.7244458 1.456959
0.8773446 -0.2430679
1.859985 0.6789645
0.6114136 2.543187
2.021208 0.5937512
-1.255222 0.6272475
1.24876 1.174007
-1.02304 -0.7672711
1.093876 -0.2429676
1.401011 2.564336
1.539248 3.066024
-0.7796377 -1.49089
-0.8310075 -1.284032
-0.7149154 0.1062269
2.374179 0.1703293
0.1343785 0.390419
2.679702 -0.9040656
1.090944 2.741136
-0.5221978 -0.324395
1.96819 0.8200105
1.604919 1.58181
1.24894 0.5500348
1.746373 1.071807
0.9845426 -0.5007756
2.629438 -0.4171486
0.6698007 1.812842
-0.4192569 0.07556916
2.659656 -0.2794312
1.226192 -1.533104
1.427926 -0.7226657
2.503462 2.083785
0.1798784 0.1254912
1.960769 0.5373315
1.746326 2.034535
0.3521416 0.9481016
1.968699 0.7315073
2.224107 1.044255
1.316203 0.9790708
2.409646 1.513512
1.544263 1.677738
1.963323 -1.696576
-0.05876939 0.7308285
0.5745896 0.4143463
0.4851093 0.269699
1.038548 -1.183947
-0.5888927 0.2358352
1.61538 0.7297343
-0.4327258 -0.1359012
0.5255186 1.114361
0.5065396 1.461999
-0.1719208 0.5347148
1.345925 1.276718
3.144267 -0.1339272
1.117612 1.292363
-0.3608299 0.03304937
2.791076 1.138044
1.328177 0.08739557
0.645087 0.5696269
