1.850328 1.10665
1.812979 1.153541
1.066013 -0.6478099
-0.2717852 1.644253
2.820359 0.6716182
-0.09641788 0.3756389
1.051117 0.614284
0.1282669 -0.2024503
-0.3225287 0.05487291
1.215514 2.039558
1.657055 1.029867
0.6433389 0.2644614
-0.1735551 0.3171479
-1.139887 -0.6569841
-0.8437549 1.482165
1.957779 -0.127714
-0.1412369 2.118309
0.9908129 1.997098
1.059424 0.3110405
1.961731 0.2941536
-0.7267687 1.412806
1.959604 2.422512
0.9740005 1.05203
0.9763408 1.22754
1.126112 0.04322639
1.70557 1.797449
1.930437 -0.2334198
-0.3649053 -0.07207358
0.7150213 0.1950529
2.412609 -0.03279414
1.833117 0.1285714
4.411173 1.014632
-0.2369731 1.23912
0.8520445 -0.7294539
-0.0593223 1.842623
-0.2690288 0.5230656
0.7244273 1.378264
0.2328881 0.2184686
-0.007692954 0.9996166
1.436768 0.4385202
3.062116 -1.490995
0.3251081 1.001862
2.268018 -0.2179785
0.5411329 2.481864
-0.8909122 -0.4777589
1.935614 -0.2699509
0.8553041 3.145836
0.4047645 -0.8205814
1.000344 -0.8462628
2.800246 0.2043864
2.01388 0.7641828
-0.5886256 1.698234
1.620786 0.4462081
0.2850191 -0.2413039
-0.5272692 1.308228
-1.116382 -0.3348792
2.12674 1.970039
1.782206 -0.4624449
0.3653553 -0.2710517
1.392966 1.853426
1.280204 0.8860827
0.9060528 0.6819211
0.007458851 0.1278688
3.225007 1.136918
2.087322 0.7540789
-1.345859 1.093628
2.622409 -0.3228939
1.282439 -0.2650237
1.760395 1.43238
0.806101 0.7087098
1.191127 0.6639708
-0.07114422 0.1050841
2.291348 0.4965457
0.8484937 1.730385
2.007453 -0.549914
-0.04965623 0.3087654
0.9064655 -0.2883482
-0.01764465 1.00912
0.0994171 0.1932159
0.5274467 -0.9309463
0.3388506 2.367412
3.665195 -0.005579516
0.4011213 2.349498
1.276309 2.540655
1.487492 0.01577613
0.176384 1.512779
-0.3107699 0.9834608
0.5535055 1.331156
2.577485 -0.1961856
1.912098 0.600486
0.1629561 1.687893
1.668673 1.96465
0.7157148 1.261625
1.508869 0.1906282
0.8686781 0.08486901
0.2909333 0.9729471
2.57923 2.773769
1.172057 0.2548454
0.3674359 1.118332
-0.1788181 1.485803
