1.868858 -1.266293
0.8079729 0.1821669
1.591232 1.765113
0.4527895 -0.3264256
1.897709 3.457873
0.486978 1.008435
-0.1410268 -1.137937
-0.474304 1.030502
1.555587 0.4335805
-0.01832416 0.8904104
1.167459 0.7284293
0.008643451 1.104114
-1.36811 0.3645842
-0.8848888 0.9485182
3.131558 0.8723624
1.816621 2.40608
0.6330744 2.900374
0.8068601 0.2654656
1.499281 -0.1405262
1.025387 -0.07129853
0.2020116 2.219852
1.346764 0.4204732
0.3224057 1.872968
-0.07689172 0.844852
1.997008 -0.106894
0.07905373 1.142179
-0.318131 1.220726
1.983283 1.347052
0.194936 0.07467499
1.114745 2.602736
2.27394 0.3438871
0.0439984 0.3971083
0.8616641 0.2382884
0.3808377 1.952189
0.1506662 1.061331
-0.6004107 -0.0433743
-1.159545 -0.8803567
0.7912353 -0.7686933
1.149781 2.262538
0.3034306 1.644583
0.3737089 1.858362
-0.3473911 0.3947371
0.5787133 2.001137
0.6353341 2.564066
1.48861 1.229225
0.7779057 0.5590004
0.8662094 0.5949596
3.122521 -0.4796069
1.544062 0.1412191
0.1705829 0.9088154
1.33538 3.361456
2.227343 0.990679
0.9883599 -0.1554241
1.827583 -1.156546
-0.2361581 1.099909
1.339886 0.3129665
-0.7224165 1.14972
2.101139 1.585571
1.589757 -0.1403943
0.9463215 -0.4970784
0.08926712 -0.4283023
1.920516 1.056878
-1.318663 1.072158
0.9741368 1.608243
1.000222 0.1936596
-0.1382152 1.124428
1.183442 0.8582858
1.640287 0.001490664
2.619734 0.2765555
0.07968468 0.9231129
0.7484525 1.186764
-0.2501003 3.19099
1.951166 -0.3722882
1.983212 0.7726961
0.6359077 -0.6062595
0.09602552 1.040315
2.120208 0.7688354
0.6282489 -0.5633532
-0.4591732 0.01592752
0.7640591 -0.4149172
0.8495145 1.155437
0.7234274 2.005794
2.223491 -0.6058187
1.33904 0.7200343
1.960669 0.9288275
0.2976155 1.06961
0.9232696 0.3089996
1.12385 0.9558155
1.958128 0.01204115
-0.2743392 0.4389246
0.5328621 1.642425
-0.6352663 0.2591015
0.7099411 1.341694
1.159446 1.468015
2.526051 0.9663863
0.502207 -1.063704
1.151607 0.8441619
0.165362 0.822371
2.323783 0.9372774
1.832918 1.65899
