1.624889 -0.4775063
-0.1908184 1.892877
-0.2310361 -0.3565281
-0.08662544 1.402944
0.2042666 3.252805
-0.05657681 2.081023
-0.2779515 3.101964
-0.7180687 -0.6267445
2.011636 -0.6022226
1.232007 0.6030326
0.8026465 0.8610381
2.439593 0.8123726
1.024189 0.9600634
0.6733338 1.001989
-0.5081485 1.114766
0.7164837 0.4084961
0.02079252 0.9026459
0.4006215 0.08591135
0.5242275 1.820413
1.77162 1.990653
2.144834 1.295428
1.408486 0.3780236
0.1346503 0.910221
0.6363134 1.01161
1.842835 1.325521
0.5477761 0.05139126
-1.482907 1.3646
1.704491 1.315096
1.357511 -0.4164553
1.747339 -0.5263391
0.3451624 -0.5995237
0.0460028 -0.9620148
1.147994 2.601435
-0.3474844 0.2172198
0.9216722 -0.07324726
-0.6391843 -2.104504
1.648072 0.8548202
2.479944 1.302673
-1.329562 0.439811
-0.7336515 1.879511
0.2104895 1.988777
1.716223 1.076459
1.721521 0.2877326
2.47937 0.8585042
2.571695 1.658802
-0.394117 2.656412
3.925952 1.9374
-0.3713472 0.03652551
-0.7227318 0.4908103
0.3920822 1.261829
2.539967 0.8131297
1.581553 -0.9467855
0.2655902 1.049033
0.1189766 1.74918
1.650106 0.6310625
2.374842 1.115296
0.8214767 -0.7305798
0.6684178 0.9674342
-0.4615603 0.2411252
1.457168 0.8267127
0.3783968 0.9967278
0.891927 0.8358825
1.010099 1.687574
1.945295 0.7842675
0.1066418 2.938768
1.96263 2.347926
1.378116 0.7267646
0.5899902 0.4380618
-0.1050479 1.049063
0.8086896 1.416909
0.2037892 0.1892617
0.8977297 0.1377159
1.818631 0.1710765
1.018565 1.998197
1.585727 0.4932745
0.249364 2.059716
-0.4838265 0.4758375
0.6578427 -0.2759019
0.8551246 -0.1724034
0.5643466 2.354336
1.50633 0.6581167
2.04919 0.850081
0.2973182 0.5206925
1.168367 -0.5304362
3.308467 -0.4136241
0.8568047 0.521755
-0.4986291 -0.004965375
1.88248 1.171594
1.97474 0.2019233
-0.05854382 -0.7295703
1.358389 -1.169252
-0.4424246 -0.4406152
-1.21311 -0.9832884
1.850739 3.732215
-0.6663071 1.619528
-1.034687 -0.4495712
0.6944675 2.768249
1.4929 0.7066213
1.965674 0.493231
-0.4622789 1.12969
