-0.08624862 0.0457181
2.378827 1.702582
0.6313778 1.264318
2.408711 0.210864
0.2927876 1.815722
1.016661 1.276047
0.4010004 -0.3698658
2.080121 0.8620632
0.4294883 0.8808841
2.021967 2.023938
0.4530597 1.399397
2.064662 0.1373994
0.9949131 1.664476
0.6047892 0.4306235
1.820952 1.430652
1.284673 -0.0904536
-0.4709085 1.265784
0.6738761 -0.2230001
0.3045891 0.01671269
-0.7901019 1.35758
1.227326 1.609933
2.023798 1.166322
-0.1485341 0.7688359
1.134199 -0.08898601
0.8945519 -0.2380281
1.607524 0.646614
0.8993627 0.3844779
1.727188 -0.613084
-0.01824573 0.8094353
0.2382698 1.773047
1.212696 -0.7199846
0.9800729 2.420612
1.741264 0.2168437
0.850368 3.537835
0.4970181 0.6658926
1.90401 0.7110521
2.508371 1.088672
1.729986 1.138292
0.5172018 1.145529
-1.532845 -0.7100124
2.358139 2.364822
1.166538 -0.09707321
1.28005 0.2681173
1.224687 1.546782
0.9771281 1.913622
1.978784 3.168209
1.579394 0.5046453
0.3974788 0.7074323
0.7674772 0.8344455
1.081609 1.646024
1.235176 -0.5044248
2.857782 -1.115241
1.517701 0.3368896
0.7260348 0.6617963
-0.4333442 0.3357194
-1.311123 1.737737
1.409586 1.336184
1.438636 -0.1951607
1.876762 1.683724
0.415663 0.104272
2.364452 0.2514079
0.529571 -0.803935
1.502844 0.8935402
1.108719 0.004523087
1.911453 0.3553139
0.6612719 2.23826
1.335862 -0.9607497
0.08990282 0.2050696
1.356901 -0.8151334
2.197651 -0.6212896
0.2638807 0.1072366
0.379852 -0.1764338
0.9035631 1.216917
0.1204395 1.508459
3.040411 0.3615086
1.325493 -0.4788908
1.999101 2.043887
1.375439 1.349048
0.557148 -0.6157091
-1.348448 0.694528
0.6396871 0.7939307
0.03706977 0.02132248
0.3613447 0.2272604
-0.6164144 0.02725031
1.070642 3.823841
1.592147 -0.8119503
0.5314158 0.8338132
1.524923 0.06739584
0.6936975 0.7843907
1.351082 0.3745847
0.7946277 1.087908
-0.2530722 0.8575699
1.231967 2.094948
-1.030574 1.948141
0.03934606 0.4715154
2.258726 -1.410792
0.65518 0.5537393
2.224101 -0.5741139
1.15038 1.431435
0.8876572 -0.09893148
