2.281338 -2.360957
2.368538 0.5906704
2.130997 0.06657516
-0.4411087 -0.03916805
0.2387564 0.4643667
1.676468 1.09368
1.23224 0.788519
0.7667999 0.9325151
1.606483 1.503744
0.9696886 0.324747
3.952888 -0.8034204
0.9003468 1.091897
0.9106233 0.1517147
0.3834804 0.1025356
1.867648 0.4358692
2.680539 2.004992
1.489749 3.010867
1.537318 2.085036
1.499331 2.358264
1.376356 -0.74313
-0.4591158 0.07635043
1.235239 -0.05909522
0.5618397 1.713042
0.5568421 -0.3837551
-0.1400722 1.683733
1.964759 0.02504406
-0.4954681 1.893117
-0.2073256 1.638648
2.325037 0.5814405
0.00370068 -0.8907861
1.916513 0.4269817
-0.4393416 1.337427
0.1928714 1.888416
2.032795 0.50473
0.3176519 0.6326052
-0.9935592 1.262381
0.8214086 -0.03940403
1.261098 1.659214
0.8917869 -0.2070325
0.6007461 0.2386021
1.988325 -1.721785
0.7990491 2.860744
0.6563933 0.3624083
3.185201 3.054089
-0.124148 0.2430449
0.5230763 2.654956
0.3184741 0.3794014
2.214929 1.898181
1.263737 0.5003115
0.8054707 0.04303141
0.9180804 1.503032
1.008866 -0.8682304
2.917295 1.518092
2.340121 0.6030519
1.311942 0.5076975
2.415527 -0.836947
2.10389 1.684872
0.6421338 2.04155
1.500556 0.3475808
1.543703 0.6444782
1.146415 -0.5010242
1.82274 2.151432
0.883439 1.382259
1.711089 1.844807
0.8471365 0.4106699
1.687719 1.467598
2.738745 1.235537
-0.2217827 0.6417381
0.4121267 -0.7084428
-0.2202466 0.9001565
0.8977209 1.002639
0.6058188 0.5785383
0.6306122 0.3848847
1.21823 -1.411384
2.134555 0.9161697
2.141039 2.021543
-1.636658 1.99368
2.082889 2.02875
1.792124 0.7944583
1.858717 1.336628
1.878085 -0.4769069
2.465758 0.4038804
0.200222 2.151888
1.025149 -0.2701751
1.137187 0.3735781
1.560083 -0.4198107
1.524817 2.675828
1.712651 1.397842
-1.391455 0.916874
0.4955053 0.01683712
2.83882 -0.7560432
0.8046878 1.147888
0.1285083 0.1821357
1.339427 1.287871
0.2476054 0.695157
2.130859 0.5460447
0.6197744 -0.6190646
0.5993571 2.356963
0.5131257 0.127891
1.970636 0.3414084
