1.314572 0.3102041
1.106293 0.4743744
2.28644 0.2859172
2.083331 0.3279398
0.5074878 0.8313905
1.774999 1.090638
0.8700208 0.4633774
0.9947993 0.6593432
1.448452 0.08130263
0.6392664 -0.7030754
0.9019401 -1.741104
2.946482 0.9973685
1.449878 1.020827
2.143499 0.6365661
0.9780711 -0.6077347
0.8535536 2.820935
0.9515175 1.499004
0.6578393 0.5549209
1.291626 0.6553203
-1.476591 0.4022322
3.135635 -0.08119963
1.210703 1.398807
2.013095 0.906365
1.073069 1.789713
-0.2609606 -0.2532246
0.9611547 1.11852
0.3848098 1.060271
-1.136544 -1.121666
3.772755 -0.8460843
2.652482 2.927204
1.337355 2.379345
1.654059 1.126648
1.014271 0.8079933
1.665501 -0.8984362
1.117404 0.4927442
0.118943 -0.07900828
0.0398966 2.193487
2.350335 0.3751295
2.268082 2.428925
0.4361846 0.4196403
1.939326 1.308804
2.89019 -0.3079788
-0.2471836 0.02999137
-0.6023028 1.625397
1.70278 1.087167
0.0004527216 2.53256
1.22285 -0.4751226
-0.3999142 -0.9165209
-0.1696108 0.7857746
1.330125 1.899402
1.147471 -0.2814004
0.09160012 -0.3557575
2.348355 1.27475
1.721447 -0.7394776
1.207489 0.4677789
0.1045349 0.400843
1.831638 0.1746671
1.581015 1.360543
1.933119 -0.002084186
0.6802138 0.8251241
-0.4778485 2.008844
2.361383 1.219823
0.8936398 1.089929
1.96835 -0.3593182
0.4312328 1.505763
1.078668 0.6315461
0.0821805 1.449553
0.8072887 1.72332
0.09552041 1.301445
0.5299719 1.333283
0.1828628 0.9144093
2.035616 0.8026532
1.550005 -0.466347
0.7664413 -0.5110764
1.946049 1.158786
1.412516 0.446085
1.922665 0.1508332
-0.8981702 -0.8347462
1.088646 -0.9574829
0.8706713 0.6655377
2.895857 -0.3797023
1.515111 -0.3466803
-0.5100119 0.6150788
1.073906 0.7603843
2.28945 1.102502
-0.009343181 1.335977
0.2565945 -0.6703322
1.783138 -0.1000256
-0.7608636 0.112862
2.254185 -0.2934184
-0.2531877 0.0486912
-0.6048412 0.8507656
2.334225 1.510567
1.459577 0.5312578
-0.01708482 1.003452
-0.5772922 0.9687993
0.5393312 0.7136874
1.703963 1.547251
2.074867 -0.6524084
0.05367139 1.158768
