0.2132217 -0.5160188
1.333723 0.7536195
1.203857 1.092887
1.646689 -1.616866
-0.7522383 -0.4451973
-0.4481932 2.35823
-0.7194059 1.223462
-0.5248799 -0.7997408
1.647032 -0.3853241
-2.322469 0.8930715
2.024073 1.1482
0.6604598 0.07238865
1.203535 1.244287
1.676671 0.7095846
0.1084627 1.519036
1.514861 0.7954266
-0.3227633 0.6371002
0.9253357 1.482964
1.829529 0.6180687
3.485272 0.3318448
2.072532 0.5200335
0.9518216 -0.08718701
1.204125 0.4499888
1.295621 0.8475877
1.088138 0.7954253
-0.280787 0.4474478
0.1245829 0.6541006
0.8262845 -0.196241
1.284026 1.385441
0.571069 0.7475397
-1.179364 1.195145
3.024935 1.430302
0.1047522 -0.08047211
0.07594172 0.7730312
-1.082662 0.08679621
0.4703059 1.25569
2.661236 0.972232
1.079998 2.299139
1.25374 0.7358312
2.195575 0.2979879
0.6528774 -0.5842696
-0.05473075 -1.907494
-0.04226732 1.191849
0.9468898 0.7680532
0.943775 1.739802
1.379704 -0.3973658
-1.693818 0.5532732
0.2504278 -0.1563571
0.09019424 2.457851
1.631616 0.4211507
0.7536852 0.5098652
1.725381 0.774111
1.107648 -0.02563969
1.032812 1.689384
0.8834886 -0.03393765
2.130398 1.176229
0.4970821 1.93396
-0.2563952 -0.5058399
-0.2924231 0.7159384
0.7486246 -0.5829262
0.5439479 2.026018
0.2957615 1.91557
1.342439 -0.6437158
-0.9944426 -0.5419082
1.207603 2.473967
0.128513 -0.9912601
2.446879 2.314332
1.597337 2.632057
0.7449236 1.989429
0.3914368 -0.4709664
-0.2927378 -0.3414693
0.7650087 0.5914711
1.317542 -0.5414175
1.69387 0.7711296
1.256225 -0.1343307
0.3810597 1.361965
0.3711222 2.656195
3.279668 1.655337
-0.2430538 1.400715
0.2367702 0.7795903
1.623942 -0.468775
0.3852262 0.8163602
1.324375 1.974234
1.693399 0.4607124
0.3440194 1.255644
2.163516 -1.317534
-0.293363 -0.06141054
0.01520168 3.645652
1.99074 0.07734642
4.185912 -0.3181306
0.3886045 0.6370516
1.512445 0.1829794
0.8874995 0.9332486
1.80764 -0.1812702
1.665851 0.7321265
2.145174 0.3934102
0.2347477 1.223734
1.297832 -0.06056916
-0.8965677 -0.4386718
1.388332 2.544123
