-0.3219148 -0.6150341
1.268273 -1.582702
1.432921 -0.1350694
2.584221 0.1832904
2.027485 0.9429766
-0.06791789 0.3021815
0.3789435 0.3931961
1.396659 0.6321453
0.05894823 2.006669
1.300431 0.4476366
-0.3868047 -0.7847062
-0.9763582 1.331954
1.463838 2.321962
-0.8173043 1.333692
0.5371343 -0.1787816
0.3355127 1.06055
0.7325848 0.7848905
1.099569 0.6454773
2.378722 0.4988967
0.5792866 1.355601
0.6162489 -0.3915774
1.50592 -1.953348
1.460111 0.9795737
1.49549 0.9654154
1.726363 0.7667634
1.744989 1.133702
2.11238 0.5443142
0.4994623 0.05047042
1.016749 -0.1791108
0.7081826 -0.4735155
0.1790051 -0.2480066
0.445873 0.581583
1.697655 -0.9234753
-0.2919021 0.3295869
1.460141 -0.1513253
3.110273 1.766279
2.506539 1.413814
-0.1230789 0.5667247
1.854094 1.181104
1.840412 0.08596436
0.7690802 0.1417195
1.276267 1.117939
1.376069 -1.348753
-0.1933666 1.284399
1.963543 0.04931157
0.8577819 1.712137
1.158591 2.364689
2.177991 1.272179
1.95578 1.194118
0.5923283 0.6762904
0.3420845 0.8680786
0.6384424 0.9628455
0.3226702 0.6722121
1.232352 0.8274447
1.053005 0.4282456
0.9043422 1.734552
0.3484648 1.536733
1.6511 1.825941
-0.1049478 -0.1421834
1.840465 0.6753845
1.610225 1.019008
-0.4730237 0.264095
-0.432026 1.601929
1.798747 1.416856
-0.02380524 1.616131
2.356086 0.7829682
1.432296 -0.2658615
3.503216 1.190521
2.159663 0.9314579
1.841389 0.8800058
-0.7132367 -2.011538
-0.3194947 0.4309387
-0.09673353 0.5586715
1.299787 1.256113
0.7294931 0.09730273
1.692963 -0.3236045
0.8871692 -1.334561
-0.681428 0.2210657
2.297143 -0.2551421
-0.6759659 0.4901618
1.557462 -0.6515083
0.998431 0.1268044
0.006753607 0.5936462
2.91074 0.6517363
1.148305 1.381885
2.107477 0.9942848
1.586767 0.4940726
1.197311 0.4746549
-0.5340684 0.5279764
2.349857 -0.3704766
-0.03086278 0.2378256
1.816404 0.5092117
1.645595 -0.09921523
0.8344577 -0.9729005
0.354225 1.082829
1.604724 0.8500828
0.1763064 2.388843
0.3586726 0.1952091
0.6409866 2.085518
-0.8722475 0.2655611
