0.8407729 0.5914171
1.866422 1.136626
0.5491559 0.4671541
0.7102056 0.6318776
-0.7894055 0.5087375
-0.2112896 1.222241
0.2309458 0.5174859
1.461744 2.641125
-1.060299 0.7330164
0.6744842 0.6591371
0.2111662 -0.6134558
0.5722036 1.149369
1.624741 1.580407
1.222587 2.243422
-0.01391548 -0.01568096
0.8079724 0.2140462
1.983466 1.406986
1.793797 1.788983
0.2179031 3.128877
0.7383787 0.6965139
3.030671 0.2965244
0.7935394 0.3798708
0.5540663 1.856478
1.518913 -0.88863
0.8141807 0.4181656
0.7379837 -0.8126143
0.9107652 0.08872521
1.215385 2.561471
0.6690746 0.8425833
1.104568 1.282694
1.554999 2.758552
0.5575964 -0.1565241
1.42593 1.28536
1.719737 1.082807
2.041993 0.5529636
1.500261 -0.5444742
-0.06021265 0.4304413
1.410872 0.3098035
1.98964 1.059644
1.463221 -0.3077675
1.146945 1.557216
0.7424098 -1.035348
1.442014 0.474102
0.4718717 -0.1257064
2.206731 0.7235495
0.290674 0.3638367
-1.154637 1.321395
0.09823966 0.3866805
1.177894 1.264793
1.557807 -0.9684165
0.6315436 0.4234004
0.05124262 0.4529999
2.876998 0.8080432
1.215827 0.3356969
1.472553 0.8843912
1.22929 0.4888618
1.413861 -0.155071
2.476379 1.306347
0.3643823 0.5552371
1.305805 1.862464
0.6543068 0.2578437
0.1873625 -0.8121364
1.788354 2.000856
-0.1307136 -0.9262987
0.5601063 1.221605
1.627201 2.370775
-0.1699769 1.280563
2.452484 0.2289314
0.9037285 2.097987
1.489752 -0.02644245
1.16566 0.1992718
1.533396 0.7869139
2.15242 1.085943
2.315519 -1.167643
1.710224 1.655489
0.2065019 1.365615
1.924508 -0.1950018
0.7947916 0.7773668
2.128499 0.5375372
2.114501 0.1224708
0.8463178 0.205597
2.182595 -0.3428791
2.058415 1.482579
0.09749597 0.1806926
2.217876 1.893706
1.639815 0.0747114
0.5818979 0.3616926
0.5229659 -0.9980405
0.3280468 1.263986
2.121281 1.887378
1.881629 -0.8160198
1.265943 0.8259907
0.7528204 0.04227685
0.5274927 0.1962685
0.896575 2.733247
0.5334986 0.2389533
1.948522 2.296452
1.68571 0.5504362
1.881027 1.520739
0.549237 1.202912
