1.429266 0.1923724
1.353067 -1.518985
-0.8815489 -0.3560817
-1.348087 0.3790827
0.4920216 -0.5210404
-0.4659167 0.785019
2.536034 1.488992
-0.3644006 0.7241574
1.361287 -1.193709
2.617124 1.518398
0.8627973 0.5194404
1.316586 3.265353
0.5527299 1.575106
-0.02692033 0.4565416
0.7745249 1.476218
2.659242 0.5359741
1.079323 2.026125
0.4757579 1.013514
3.096969 2.626125
1.106595 -0.7795919
1.537459 -0.3874895
-1.015682 0.8907595
0.007094176 -0.1451697
3.219741 0.6976343
1.449568 -0.5160699
-1.083109 -0.2011259
0.9149441 1.045995
0.8037048 1.513521
1.128569 0.1580844
1.181294 0.3539967
0.6111322 3.53139
0.2240072 1.573131
-0.8304864 1.48242
-0.3523742 1.901483
1.366016 0.005793284
2.462473 1.796968
0.2072323 1.711832
1.119133 1.390709
-0.1954624 1.69452
0.7828339 1.667641
2.048155 -0.570662
2.107694 0.6088988
0.9917205 0.951383
-0.0724866 0.2566622
0.3508019 1.191876
0.5781123 1.784987
2.151096 -0.05716205
-0.1217609 0.4660871
-0.3122697 0.2276148
2.874973 -0.01217241
-0.1662894 0.6489854
-0.7345162 0.863445
1.46288 0.806202
-0.02887831 1.425989
0.8427521 -0.2878721
1.110114 -0.3368095
3.198152 1.217348
1.347342 0.8210421
0.1732161 0.2293136
0.09655488 1.142516
1.080606 0.5287453
0.315892 1.810765
0.8250888 0.05571345
-0.01502405 0.9710718
0.8443996 1.022241
-0.4927349 1.217272
0.6899908 1.447739
0.2330247 2.169602
1.842769 0.5850608
-0.0928914 -0.433694
0.4435028 -0.4925447
0.4819616 0.5633628
0.5961077 0.2955341
0.9444189 1.769583
-1.248638 0.9711106
2.392167 1.037225
2.225259 0.1490194
-0.2621837 0.7302222
0.4051095 1.453082
0.3802986 1.492226
1.242174 -0.1570497
1.598172 -1.613497
2.97134 -0.8916498
0.6571115 1.196216
-0.6608693 1.62272
-0.3831286 -1.085872
1.823526 -0.5569158
0.5446586 0.8958804
0.7400476 0.1108587
1.651305 1.025084
2.524132 0.6688726
-0.8700401 2.032514
4.056043 1.174077
-0.2182907 0.1793963
0.8496887 -1.265987
0.1098225 2.435749
2.077093 1.233232
0.9930283 1.604105
0.5158643 1.035925
0.08198867 -0.05507231
