2.87569 0.9298073
0.6073374 1.748728
2.195374 0.9261589
1.283464 1.778947
1.979476 0.6984144
1.578554 0.1128299
0.6164743 2.183687
0.9879699 0.9941338
0.525194 0.361175
0.9374436 0.2790251
1.611587 1.921814
2.905183 0.9109414
0.6285067 0.6638544
1.989063 1.712328
0.842484 1.874918
0.1898771 2.74113
-1.77959 0.9862282
-0.04803865 1.631005
0.8610176 -0.9084832
1.206777 -0.4571966
-1.105075 0.7303726
-0.8136252 0.1659273
0.6673702 0.3422304
2.723224 1.524796
1.227698 2.567133
0.3958749 -1.044303
1.897632 0.1848068
2.455084 -1.598299
2.21613 3.790261
1.149292 1.724537
1.868368 1.217599
0.7654806 0.7731972
1.151526 0.5731366
0.79626 0.07430072
0.8217643 0.8235341
1.918241 0.3293931
1.447014 0.5684579
-1.819048 -0.3708365
2.204234 0.8331396
1.670781 1.47582
1.585447 2.503396
-0.7142128 1.215839
0.8030859 -0.09618055
0.0672322 1.123541
1.246343 2.110424
1.479722 1.326665
0.14871 1.898743
0.7140566 0.1990667
0.06062262 1.702188
1.000204 -0.4741883
0.2720479 1.823749
2.330101 -0.8328031
0.8218098 2.044245
0.8547607 -0.7614974
2.549336 -1.575578
0.6967024 1.615797
1.063137 -0.1320537
1.588485 -0.7895
0.4148855 0.5687285
-0.207428 0.8097394
-0.2292684 0.01915953
0.8825468 1.362034
1.193355 -0.5400008
0.1023006 -0.2303309
1.617593 0.9913737
1.113005 0.7364151
0.5903956 2.536769
0.6137263 1.701136
0.292933 1.414717
1.457966 0.281794
0.6783983 1.754206
1.312171 0.7598054
2.147136 0.8990029
-0.1287126 -0.5047254
3.234771 0.7774777
0.4028502 0.2632953
1.233514 -0.5909422
0.8437182 0.2083111
1.483899 -0.7962427
0.151264 0.4481954
0.01585795 0.796959
1.430985 0.6130355
0.03019298 1.873565
2.766798 0.9100473
0.0713169 1.799295
-0.02119547 1.508602
1.11843 -1.619539
0.4028566 2.258768
0.3078799 1.105913
2.700126 1.296605
0.4835661 0.6272574
-0.3358908 1.044348
1.652893 0.2228469
0.5297759 -0.9464137
2.301011 -0.01029138
0.2548642 1.241624
-0.04635974 0.1560848
1.327765 1.007743
1.281895 2.000549
2.105247 1.415074
