1.788883 -0.116647
-1.437894 -0.156808
-1.380862 0.04522345
3.339572 0.001672198
0.545684 1.823954
2.491384 0.2074285
1.076242 0.1716672
0.2227112 1.62907
-0.2911616 -0.6389657
1.844179 0.3926247
2.539554 0.9908739
2.852243 0.2585749
0.8044555 0.7990681
0.3519359 1.111491
0.5384077 -0.3082218
0.6344914 -0.1676829
0.2488244 -0.2777444
1.408405 -0.1310064
1.172926 0.04114116
-1.375085 1.930405
2.140691 -0.6063041
1.173519 0.6839638
-0.8582616 1.282613
1.083786 0.3817765
1.554508 1.410155
1.4142 -0.05827355
1.299389 -0.7532053
1.312239 -0.3126269
0.4456531 2.566298
0.02500248 0.8376461
-0.2523398 -1.685356
0.4411317 -0.1437855
0.09526294 -1.223606
0.1689894 -0.6298386
1.065309 0.1352645
1.312201 -0.09972637
1.160335 0.5662966
0.7779359 -1.43501
1.540282 1.348054
0.3853823 0.2524915
3.583429 0.6596056
-0.1564125 -0.08778415
0.3858786 -0.1309182
1.954699 -0.5604618
0.357264 -0.4827288
1.642699 -0.6016152
0.7602085 -0.3256143
1.185199 1.3193
-0.7509729 1.093463
-1.205387 1.100846
1.578281 1.34288
0.3666953 -0.1763193
0.664325 0.3717603
0.9042202 0.8872574
1.392218 1.324518
2.562544 0.6931355
1.072506 0.7610263
0.8487619 1.143651
1.609495 0.694271
0.9124562 -0.1302203
-0.03830311 0.5456848
1.081827 0.1866959
0.5675617 -1.026035
1.85066 1.005309
1.5061 -0.4390448
0.8820975 0.3419695
1.237973 1.173182
2.85432 3.290169
0.9696792 1.490439
-0.7665235 2.963118
-0.008324685 -0.2196042
0.8274833 2.135467
0.1137881 0.8803233
0.3415449 0.4661956
0.2350252 -0.420814
1.814118 0.3795496
-0.05142679 -0.9502001
0.9058583 0.0922702
0.4907228 0.5888166
1.695839 1.812183
1.318497 1.178209
1.369543 -0.3938561
1.090895 1.729321
2.354184 0.8269742
2.151521 0.8043846
1.381317 1.378412
0.02587896 0.4395719
0.9593392 1.402084
0.6107752 0.9401556
0.7915459 0.3843589
1.803965 -0.7085454
2.240537 1.529984
2.81844 0.2682357
1.526838 -0.07583781
1.165225 -0.1470751
0.1461291 -0.547208
0.936595 1.115982
0.8285465 1.641748
-0.8022928 -0.03824572
1.508349 1.058394
