1.431396 0.8858853
2.135592 -0.7616774
1.867895 0.5367938
1.722234 0.04035744
-0.06810523 0.3979731
0.8323255 1.80705
-0.1738901 1.640304
1.476368 0.6123687
1.239334 2.44608
-0.06423665 2.612804
0.4166149 0.6157707
2.696398 1.442373
0.536803 1.698023
0.248914 2.41541
1.118708 1.338775
2.172112 0.3525708
1.332107 -1.683206
0.7593618 0.8005241
1.648211 0.7112364
1.171291 2.490416
0.143717 0.3860206
-0.4491772 0.2223261
1.95468 -0.7276337
-0.3101351 0.1101525
-0.2307419 1.038427
0.7802067 0.3357197
1.168792 1.180218
0.7284398 1.576759
-0.3002498 1.437819
1.437912 0.2650917
1.971347 -1.247834
-0.479591 0.8793007
1.386712 0.2260946
1.07148 0.5409571
1.048829 2.664034
3.497551 0.5232339
0.8324144 -0.683988
3.453798 1.398638
0.2949778 0.9987707
2.003951 0.4030563
1.034123 -1.469896
1.036854 1.438151
0.2542515 2.070149
0.9196784 0.5526184
1.038702 0.9313752
-0.9026388 -0.4214273
1.757797 3.774357
0.3842447 -0.28275
-0.4459595 0.8054987
-0.7737166 2.338331
1.395754 0.9209582
2.473974 2.756473
0.3981552 2.327253
2.878492 1.572624
0.364035 -1.005392
-0.2902172 2.18454
2.016009 -0.2732259
2.004177 1.049662
-0.1818248 1.022883
0.4484145 1.449659
-0.2403481 1.542319
1.437764 2.738122
-0.3637444 0.8182053
0.07300887 0.9799359
1.34108 1.932957
0.06736883 0.05199292
1.835364 0.7989043
-0.1382958 -0.04075028
-0.5714481 2.242965
1.935601 0.2603789
2.302533 1.726579
1.1852 -0.3381449
0.6292105 0.9066602
-0.07502719 2.779721
1.245163 0.9831425
1.698987 1.877113
0.4097597 2.196179
-0.4138938 -0.2424392
1.225972 0.5755979
1.128955 0.4963169
0.6109973 -0.4801643
-0.2851371 0.8758529
1.073643 0.640456
-0.1938922 0.2405333
1.331423 0.06653713
0.6198189 1.429679
0.6713806 2.939592
0.09430641 1.107288
2.164798 1.73708
-0.03727281 0.6719342
0.1070163 0.2250478
2.296739 0.12707
1.748929 2.967231
0.3739314 1.444731
0.2338327 0.2130555
0.6718481 0.5603998
0.8067755 1.365371
1.267356 1.530863
0.04447937 2.12844
1.952948 2.280905
