1.397772 1.482293
0.6667311 0.595122
-0.2652759 2.012129
1.20255 0.1305805
0.0372865 0.3864343
1.640564 1.571673
1.031338 0.4297456
1.24199 1.099556
2.04908 2.413011
-0.2899017 0.9391289
-0.4910045 1.332902
-0.9211919 1.275196
0.7991516 -0.4659819
1.66362 2.612168
1.260156 1.250046
1.758114 -0.6020436
1.464756 -1.653906
0.5298946 1.540365
-0.0227371 0.66282
1.563733 1.522143
3.887737 -0.3822251
0.9208817 -0.4423699
-0.6105603 0.7422742
0.04978322 1.286957
1.58762 -0.9527141
1.868065 0.598456
2.507698 0.6208647
2.037824 2.055388
2.232464 1.559252
1.620771 3.02033
0.9441928 -0.06930221
0.6811781 0.5784123
1.606918 -1.455003
0.9054886 -0.609995
1.012649 1.533554
-0.5181693 -0.7148507
0.5231556 -1.108578
0.4144096 1.903363
3.37742 2.276807
-0.02427676 0.7069799
1.509144 2.01951
0.2843714 2.840582
0.8493141 -0.02492145
0.1183015 -0.0008690292
2.459802 2.059396
0.3319427 0.3836287
-0.022495 1.281568
0.9875125 0.307602
0.5719844 1.442516
-0.3747997 0.1028948
1.294566 0.3052628
1.383903 0.3055447
1.43278 2.316096
0.1667329 1.351592
3.143921 -0.06433155
1.850117 0.9380691
0.6146208 1.814347
2.882148 2.121981
1.133962 0.2459202
1.241873 0.7228292
1.358 1.280041
1.685084 1.076018
2.014313 -2.142013
0.5315759 -0.860068
-0.4828446 -0.5009261
1.063549 0.3053465
1.664259 0.9217629
-0.4422903 0.4425337
1.121613 1.88066
0.9712247 1.090844
1.48031 2.200937
-0.7228899 0.4313847
1.432191 0.4678557
0.6586742 2.257869
-0.4142464 0.9688135
1.254549 -0.3593684
2.460299 0.4529693
2.231304 0.5451124
1.109285 -0.9711296
0.2452977 1.990056
1.582256 -1.583214
-0.1625343 1.138696
1.611261 2.342724
1.585183 -0.604559
1.688022 -0.5892104
1.965565 0.4566829
2.439938 -0.1033753
1.073552 1.750158
0.972637 0.4640372
1.602987 -0.3625417
0.3209919 0.8391547
0.6291384 0.5617363
1.076415 -1.950115
1.700254 0.5429611
-0.08389055 -0.0388622
1.162396 1.255692
0.7476289 1.084721
0.7120529 -1.286342
1.541527 2.245193
0.8470736 1.625123
