0.1719485 0.08443872
0.4627995 0.7242486
1.634021 0.7055282
0.5977965 0.3410807
1.017674 0.5319044
-0.2320391 -0.5712129
2.739867 0.7846658
2.095717 0.7467464
2.270282 1.261465
0.649359 0.3726564
2.312237 1.345516
1.969623 0.2536112
0.6296178 1.325123
-1.648776 1.078437
0.4341349 1.328766
3.212273 1.639742
1.301171 2.093902
-0.5884577 -0.627891
-0.02145652 -0.59714
1.314666 0.78594
-0.2422265 3.000385
-0.5419258 1.659306
1.804139 1.278476
0.9033671 1.256992
0.2959447 -0.965666
1.750477 0.5705123
1.57859 -0.2142872
-0.5651601 1.893801
1.939743 -0.5144452
1.345671 0.2159117
2.005463 0.9824612
0.3569882 1.703249
1.244128 1.413675
-1.890944 1.376522
1.704764 -0.9503912
-0.003438744 -0.1333383
2.571987 0.1175384
0.0456968 0.62949
1.469226 1.082937
0.4354918 -0.5973066
2.149347 1.224938
-0.158515 1.273862
1.274106 -0.3215483
2.444382 0.9431855
1.989652 0.3588484
1.869648 0.7972861
1.549207 -0.2783148
0.3528369 -0.2190596
1.607875 -1.238807
-1.303424 2.152842
0.4441533 1.328091
1.619206 0.9818678
1.49974 2.42366
0.5330571 1.884598
0.32541 2.681009
1.563877 0.3716336
1.266208 1.696997
1.483846 0.8974232
0.2737906 2.006625
0.4948485 1.828401
0.9564593 0.6075588
2.19999 2.039248
0.155398 -0.3296095
2.335926 1.226415
1.795148 0.3009507
2.412743 1.403835
0.8217328 -0.5794651
1.208496 0.8229647
2.108331 1.398157
1.354597 1.679668
1.43192 1.035464
1.54733 2.101525
0.619983 0.09464421
0.8282006 0.6222183
1.090847 1.109998
1.439864 1.03604
1.952321 -0.2655838
2.024967 -1.216615
0.5193994 1.875305
2.287795 2.284246
2.237523 1.032241
1.280389 1.022185
2.063091 1.185903
0.8699162 0.7298374
2.939244 -0.3027949
-0.376394 1.630036
0.2672588 -0.4350853
0.8098896 1.824779
1.894992 1.947412
0.4796334 1.085878
1.762658 0.5399461
0.4939495 1.748064
0.8807588 0.3117711
0.6441814 0.3810526
2.564322 0.3886146
0.4424803 1.474441
2.542175 -0.6228797
1.526248 1.759803
0.06625561 1.072711
-0.1853509 1.621369
