1.743923 3.445044
1.217973 1.302558
0.6462409 1.620723
3.359022 1.166631
1.925029 0.6802924
0.4862562 0.4937745
1.525953 0.6066031
-0.01307529 1.161888
1.614655 -1.548972
0.1486024 -0.1209098
-0.334294 1.019401
1.222958 1.91627
-0.1194896 0.003412636
1.055791 0.8243287
0.6687355 0.06304627
1.187515 0.8515442
1.481855 0.4522977
-0.04234993 0.494206
-0.03796149 1.596982
0.3402453 2.450335
1.823994 2.439703
-0.579803 0.3783068
1.7277 -0.7716675
0.8411612 -0.3673483
-0.2872094 1.841232
1.630796 -0.6702903
0.7053643 1.411319
2.105553 1.154822
-0.287596 1.181299
1.206041 0.7297741
0.001071392 -1.460305
-0.05238163 0.6831633
-0.2685262 0.3557685
1.393257 0.8555651
1.291087 2.955789
-0.0924113 2.635004
0.2216111 0.9552366
1.072317 1.391466
-0.04003715 0.8102267
1.033315 1.44614
-0.140548 -0.3594453
-1.182995 -0.4295245
1.206649 0.6748641
-1.494073 0.3816217
2.729985 -0.04794268
0.3189551 1.326373
0.7356079 -0.6531904
1.4985 0.8720976
1.815008 -0.01704169
1.907187 1.260903
2.842098 0.8074495
0.747903 0.588258
2.177796 1.700312
1.435509 -0.2042239
0.8431257 1.255583
-0.5431824 -0.5168695
-0.5289259 -0.8146594
0.5209385 1.458145
2.001717 0.83572
1.199097 0.440062
0.8501651 2.761884
-0.1081779 1.276191
1.546813 1.905587
1.386482 -0.2563597
0.05071449 0.9702427
1.6452 1.208126
1.109781 -0.6013043
1.614203 0.3798449
0.7368989 2.242894
-0.2669241 0.7975371
0.3268943 0.6190486
1.414617 2.747867
1.388002 2.478419
1.455004 0.7583312
1.264558 -0.2467259
1.577657 1.4113
1.667274 2.253927
0.9305199 2.671642
0.5359503 1.156703
0.9266319 1.368236
0.2695503 -0.3320646
2.746328 0.1013691
2.419646 1.947702
1.279832 -0.5491324
0.8054284 0.8630651
-0.5630418 0.1153849
2.272298 1.267449
-0.3930349 1.318936
0.0495094 0.7668928
1.162663 0.7311021
0.09178591 0.08569504
0.1604718 -0.6782979
0.6323617 -0.1090022
1.86774 0.9917304
0.5943923 2.033741
2.88096 0.6410456
0.102252 1.773208
1.243673 1.13289
1.365593 1.905991
2.171427 0.7569094
