0.9096065 0.9454946
3.435353 0.1818604
1.336756 1.538591
2.15878 0.6817757
0.8949226 -0.6432809
0.9894477 0.6130573
1.103655 0.5615399
1.962359 0.9625163
1.024837 0.7447648
0.365369 0.8044351
2.257459 1.10843
4.060527 0.9779637
2.388268 -1.428019
0.9339893 0.8933573
3.302153 1.184678
1.887545 1.506139
0.6127643 0.6998362
0.9797928 2.486351
1.957943 -0.5585817
-0.1596784 0.2664307
-0.5231304 2.373751
0.1147204 3.268081
2.411748 0.6380496
0.9845522 1.270518
-1.348503 0.1760181
-0.8075382 1.522542
2.227788 0.4671155
1.235361 1.220321
-0.5624278 -1.097918
0.817939 1.089989
-0.04013478 1.251439
0.2335795 0.851159
1.535945 1.665322
0.7704132 1.042249
2.500646 0.4955701
4.820003 -0.3796555
0.07658358 0.5612425
0.463097 0.290465
0.3234937 1.588478
1.340369 1.926345
2.067425 0.248314
0.2156279 1.165798
-0.3496289 -0.3028186
0.9937275 -1.625777
2.332789 0.9943347
0.8850747 0.381656
1.314459 1.241328
0.9036736 -0.6500541
-0.8000782 2.79604
0.2860462 0.5261528
0.3850039 -0.0452663
2.025255 2.219258
2.492706 -0.2958799
-1.230962 1.152345
2.487906 1.934058
1.007201 0.05172438
2.205972 1.005758
1.000417 2.188825
1.182852 0.3856189
1.004877 -0.4319238
1.437539 2.722843
0.388572 -0.02845539
0.5995783 0.7761445
-0.1347721 1.591369
0.5380269 0.8585841
0.8569069 -0.6793427
-0.05806643 0.8520782
-0.8735701 -0.6602201
-0.1239492 1.953489
0.5830352 1.255834
1.897098 -0.01814729
0.9763691 1.060602
2.060248 0.9374916
0.4570694 2.53917
1.010053 1.881349
0.9630345 0.109212
1.922973 -0.2820155
1.56133 -0.988178
2.099315 -0.5533942
0.8624703 -0.9857089
1.338298 3.667138
0.1844886 0.4734754
0.1070839 0.2444609
1.382818 -0.5037638
3.113192 1.0817
3.880328 0.03299406
3.107485 -0.4298972
2.547252 -0.9637157
2.204642 0.2242887
0.5825223 3.139617
0.4108617 -1.014729
1.225584 0.5478255
2.934033 0.7183178
1.947815 0.4201311
1.952089 0.1479762
1.153051 -0.1341222
-0.6001274 -0.9310871
-0.5927298 0.1683879
1.147734 1.202173
-0.4248642 0.3536267
