-0.3219148 -0.5150341
1.268273 -1.482702
1.432921 -0.03506938
2.584221 0.2832904
2.027485 1.042977
-0.06791789 0.4021815
0.3789435 0.4931961
1.396659 0.7321453
0.05894823 2.106669
1.300431 0.5476366
-0.3868047 -0.6847062
-0.9763582 1.431954
1.463838 2.421962
-0.8173043 1.433692
0.5371343 -0.07878158
0.3355127 1.16055
0.7325848 0.8848905
1.099569 0.7454773
2.378722 0.5988967
0.5792866 1.455601
0.6162489 -0.2915774
1.50592 -1.853348
1.460111 1.079574
1.49549 1.065415
1.726363 0.8667634
1.744989 1.233702
2.11238 0.6443142
0.4994623 0.1504704
1.016749 -0.07911083
0.7081826 -0.3735155
0.1790051 -0.1480066
0.445873 0.681583
1.697655 -0.8234753
-0.2919021 0.4295869
1.460141 -0.05132526
3.110273 1.866279
2.506539 1.513814
-0.1230789 0.6667247
1.854094 1.281104
1.840412 0.1859644
0.7690802 0.2417195
1.276267 1.217939
1.376069 -1.248753
-0.1933666 1.384399
1.963543 0.1493116
0.8577819 1.812137
1.158591 2.464689
2.177991 1.372179
1.95578 1.294118
0.5923283 0.7762904
0.3420845 0.9680786
0.6384424 1.062845
0.3226702 0.7722121
1.232352 0.9274447
1.053005 0.5282456
0.9043422 1.834552
0.3484648 1.636733
1.6511 1.925941
-0.1049478 -0.04218337
1.840465 0.7753845
1.610225 1.119008
-0.4730237 0.364095
-0.432026 1.701929
1.798747 1.516856
-0.02380524 1.716131
2.356086 0.8829682
1.432296 -0.1658615
3.503216 1.290521
2.159663 1.031458
1.841389 0.9800058
-0.7132367 -1.911538
-0.3194947 0.5309387
-0.09673353 0.6586715
1.299787 1.356113
0.7294931 0.1973027
1.692963 -0.2236045
0.8871692 -1.234561
-0.681428 0.3210657
2.297143 -0.1551421
-0.6759659 0.5901618
1.557462 -0.5515083
0.998431 0.2268044
0.006753607 0.6936462
2.91074 0.7517363
1.148305 1.481885
2.107477 1.094285
1.586767 0.5940726
1.197311 0.5746549
-0.5340684 0.6279764
2.349857 -0.2704766
-0.03086278 0.3378256
1.816404 0.6092117
1.645595 0.0007847651
0.8344577 -0.8729005
0.354225 1.182829
1.604724 0.9500828
0.1763064 2.488843
0.3586726 0.2952091
0.6409866 2.185518
-0.8722475 0.3655611
