1.032646 1.103491
1.597229 0.1329541
-0.7298511 0.710856
2.110797 -0.02936394
0.08338697 0.7591335
0.5963384 -0.4490394
1.296504 0.9980623
0.4248914 0.05956896
0.5007978 0.5751139
0.7532774 0.3359471
1.574304 0.6164765
1.509088 0.450123
1.570503 0.5005944
1.365611 0.4275729
2.496973 -0.2790728
0.661033 1.512748
-0.006995862 -0.3288533
1.672725 0.2699715
1.674368 0.5039444
-1.319264 0.9643702
0.2903714 1.1684
-0.2905307 0.7513824
-0.4698456 -0.06703539
0.2307773 1.173451
-0.07294913 -0.3195238
0.06644285 0.1657287
0.3594012 0.8372868
1.489643 1.420086
0.3229412 1.940839
1.893912 -0.786315
-0.2938776 0.3950706
1.41756 -0.2349093
-0.1680134 0.6808047
2.501829 0.2647485
0.0781891 1.314859
1.233843 0.7972189
3.091844 0.106057
1.541743 0.3885874
0.4060157 0.5492534
0.7259533 0.2821442
2.005045 -0.1109225
1.663158 1.809866
1.389681 1.130356
0.1603243 -0.9714008
-0.03038849 1.203276
0.1415849 0.9822482
0.9987979 1.833574
2.4585 1.6262
2.420736 0.4466391
2.108508 -0.3413932
0.5075482 1.425854
1.466581 1.169531
-1.144298 0.6089091
3.271904 -1.632076
-1.337617 -1.151648
0.2950784 0.7848748
1.52701 1.158024
0.1276922 0.1846722
0.2961638 2.851796
-0.1965865 1.794091
0.7606007 -0.1079487
1.169185 -1.557578
2.013729 2.501817
3.88361 -0.5094851
2.077257 0.6664063
-0.2146663 1.641316
0.6445865 1.127908
-0.08886835 -0.9379816
1.290414 0.8832449
-0.2027893 0.5266584
0.1691005 1.103265
0.4691198 0.4775282
-1.136548 0.9451806
-0.5970524 0.5170336
1.753264 0.1618125
-1.580213 1.902644
-0.07349721 -0.6505827
2.49764 0.04181457
0.8027757 1.319254
-0.06087618 2.243156
1.956961 2.146857
0.3554909 1.425784
1.403907 1.542692
-0.565562 0.1808942
1.064002 1.799684
2.336467 1.181851
1.707201 0.6220813
1.107035 1.702848
1.396802 -0.4481303
2.336496 2.483885
1.036807 0.06586033
1.748369 0.6202398
1.82554 0.503627
2.77037 -0.5386041
1.812733 0.3996427
0.8316277 -0.438206
-0.7779304 0.5911318
1.452734 1.773105
-0.4174574 -0.03184558
1.670697 -0.06173903
