-0.674937 0.8134664
0.8483019 1.08291
1.156198 1.429003
1.94133 1.312867
1.001676 2.684817
0.9354534 1.666181
1.086618 1.081546
1.333468 1.906611
3.320798 1.793338
1.647378 0.6533042
1.137279 0.8319568
0.5768359 -1.049284
1.354832 1.408815
-0.308309 0.7370181
2.073085 0.2165359
0.2814443 0.2513458
1.690308 1.323051
0.4777674 -0.539107
1.391169 1.790874
1.64264 1.511976
1.417959 2.255079
0.06811111 -0.4693173
-0.03703389 1.09142
0.3712692 -0.4917315
-0.977586 2.957457
2.893984 2.417308
-0.1219515 0.4897378
1.300051 1.379279
2.42048 1.586994
0.4145449 -1.540603
0.8874848 2.316326
1.39859 0.9264854
0.8689235 0.8791151
2.106175 0.3299682
0.4745197 1.665134
0.8246889 1.2564
0.7133088 0.4834806
1.594197 0.3261895
1.449207 1.782844
4.028726 2.159014
2.424318 1.45877
0.8445362 -0.2718848
0.7941072 1.158691
0.3667765 0.199896
0.9251858 1.058329
1.306218 0.8361969
0.5445236 3.188463
1.32082 0.1415255
0.6483208 1.589163
-0.8245574 -0.04129303
0.5315126 -0.5623663
1.812415 1.263885
1.003831 1.256532
2.398975 0.1477339
1.50561 1.160521
1.215052 2.247216
3.070133 0.2233477
1.029243 0.7975405
1.80256 1.571271
0.446393 0.7782987
1.585909 1.400443
2.701253 0.3033785
0.6199362 -0.03005694
0.7638931 0.9480254
-0.09244503 1.317718
0.1819223 1.581549
0.5318545 0.7050423
0.8226697 3.274807
2.45629 -0.6204213
1.254087 -0.7511734
1.859845 0.07555942
1.514675 1.140654
0.9822447 -0.4820566
2.616899 1.678162
0.5076654 -0.8505171
0.03742082 1.439956
2.90768 0.4305941
1.72267 1.038493
0.3066293 0.5873378
-0.9532385 0.9015801
1.920364 0.603149
2.826935 -0.4193628
1.513925 -0.2611533
0.7558747 0.4510085
0.2009311 1.55952
1.281443 3.048707
-0.6912334 -0.04190136
0.181459 -0.1382757
0.2867769 0.407424
1.548767 -0.3300521
0.4001085 1.234594
0.8091351 0.5042976
0.9346717 2.090394
2.185582 2.023051
-0.1423595 -0.4419354
0.4836558 1.717307
-0.4874295 0.7196031
1.300502 0.5680709
-0.4552989 1.731442
0.5208746 -0.3425492
