0.9503225 1.297337
0.8015331 0.9010612
0.5905204 1.256682
1.561517 0.03211011
0.5167546 0.1982343
-0.7768494 -0.01147286
1.924687 -0.04477193
1.634434 0.4488853
1.756239 0.1093679
-0.5636237 0.6958139
-0.07720093 1.255299
2.388332 1.602407
1.458012 1.337353
1.922334 0.05895327
1.972856 0.5604331
0.5478822 0.2831337
0.9998034 -0.7965212
1.876247 -0.1936001
0.4828652 -0.04198916
0.02607808 -0.0008983072
2.305619 -0.4741631
0.0618525 -1.654901
1.358485 3.163627
-0.2613926 0.1352571
0.7983575 1.117716
0.3166757 1.809681
0.6995992 1.630322
2.121048 1.797104
0.4992595 0.177729
1.704378 1.602178
0.8310034 -1.838796
2.928534 2.125734
-0.1212348 0.2918274
0.855826 -0.9502129
2.077817 1.505895
3.332805 0.7430986
0.3240504 -1.460883
0.9374987 1.042688
1.536917 0.6522566
0.6935906 0.6032139
1.381628 -0.3905714
0.03759276 2.17906
1.408739 0.9997861
1.413926 0.2748248
2.008936 0.2884129
0.321765 0.05528652
0.1201979 -0.1458824
1.311874 1.283765
1.141688 -0.6596773
1.943478 0.2443502
0.6248756 0.2899412
1.542512 1.099757
1.197692 1.17222
2.961118 -0.2313493
2.18141 2.203075
0.2563709 0.9184299
0.806862 0.9902808
2.854028 0.5004221
1.419861 1.19354
-0.04964673 0.9576859
2.483735 1.771912
1.49822 0.8550315
2.030165 -0.08066166
0.6384716 0.2499807
1.206566 1.320435
1.116683 0.7458741
2.021108 1.140921
0.3088631 2.865337
1.052301 -0.8202944
2.622935 0.1597961
1.201396 2.439564
0.06261702 -0.1796319
0.9363969 1.231569
0.868879 -0.499476
-0.9049488 1.788347
3.897256 1.58277
1.83164 0.1717562
0.832256 -0.711522
-0.9960203 1.670866
-0.1932274 1.910545
0.04552396 1.435263
2.738928 -0.5398756
0.7926802 0.6959225
1.169941 0.9715873
1.856069 1.131554
2.234528 0.1193216
0.4531421 -1.466988
0.9322203 1.040252
-0.3136698 0.7953614
0.8171327 0.04044436
1.147694 0.1422889
1.694904 2.13482
2.353821 -0.5850507
0.113108 0.8686167
0.5813107 0.09726543
1.343876 1.039367
1.904063 -0.3575786
-0.0891 0.9355499
0.661746 1.044538
-0.513555 1.322755
