1.786855 -0.1716807
1.283007 -0.796163
0.007752604 0.08952227
0.5081601 2.199921
1.536946 0.6120242
1.578288 1.942002
0.4191113 2.027823
1.281506 1.137634
2.252129 1.56277
1.992688 -0.9503642
0.1040693 0.3749227
2.173542 0.9763864
0.5603068 -0.4932329
3.388533 1.74814
-0.5628845 0.4006473
0.8525713 1.443925
0.8991523 0.8844836
0.2961047 0.4133127
2.783103 1.279687
1.828773 -0.4154422
-0.242547 1.54066
1.845831 0.9234825
1.36543 0.2400428
1.4282 -0.729148
1.144946 0.943966
0.121828 -0.7613504
0.1946921 -0.2584996
0.2917691 0.8140814
2.063824 -0.3807841
0.4565228 -0.3977344
0.3872056 1.997796
-0.2757235 1.438349
-0.1812512 1.182222
0.5193114 0.8302961
1.554645 0.1736648
1.559566 0.3313947
0.217589 0.7635749
0.05223857 1.345268
1.799237 -1.739865
1.086371 -0.7103892
-0.006179537 -0.1211256
0.02704805 0.7000458
1.20313 -1.275607
-0.420469 -1.502453
0.9826556 -0.4635707
2.574737 2.104794
-2.116845 1.097653
2.180925 0.958352
1.052154 1.544457
2.209972 0.8099485
2.363269 -0.4023585
2.106777 1.011702
1.792063 0.2947537
1.478996 -0.1748232
2.43081 2.227572
1.751001 2.262774
0.5707476 1.903313
-0.9034064 0.9342948
0.01881268 2.117172
1.952231 -0.1692656
1.535187 -0.6234119
0.1799969 0.1243835
1.147883 0.921575
1.773535 -0.3711439
-1.529482 0.153763
1.747569 -0.8553036
0.533765 -0.463961
0.1202733 1.213616
-0.5427547 -0.05440713
0.4994507 -0.7384824
1.933762 1.414662
-0.3432086 0.4487321
1.595869 1.596892
1.602149 2.298301
0.6076631 -0.7632873
1.778141 -1.175986
-0.8154371 0.6429865
0.6784047 0.8950962
-0.8504067 1.132094
1.965966 0.6375861
1.930627 2.085323
1.143263 0.3694098
1.952809 0.141476
2.369204 0.6554368
2.673068 0.8012642
1.370995 0.6351074
-0.5445736 -0.8552496
2.465083 -0.3899757
1.691224 1.057367
2.054567 0.4534256
-0.3464792 -0.5318481
0.05675707 -2.250535
1.915513 1.660121
0.8605546 0.2790233
-0.1556897 0.4463315
0.7706724 1.607011
1.528638 0.1673852
0.3116712 -0.1580349
-0.06308956 1.454599
-0.133022 1.315722
