1.850328 1.20665
1.812979 1.253541
1.066013 -0.5478099
-0.2717852 1.744253
2.820359 0.7716182
-0.09641788 0.4756389
1.051117 0.714284
0.1282669 -0.1024503
-0.3225287 0.1548729
1.215514 2.139558
1.657055 1.129867
0.6433389 0.3644614
-0.1735551 0.4171479
-1.139887 -0.5569841
-0.8437549 1.582165
1.957779 -0.027714
-0.1412369 2.218309
0.9908129 2.097098
1.059424 0.4110405
1.961731 0.3941536
-0.7267687 1.512806
1.959604 2.522512
0.9740005 1.15203
0.9763408 1.32754
1.126112 0.1432264
1.70557 1.897449
1.930437 -0.1334198
-0.3649053 0.02792642
0.7150213 0.2950529
2.412609 0.06720586
1.833117 0.2285714
4.411173 1.114632
-0.2369731 1.33912
0.8520445 -0.6294539
-0.0593223 1.942623
-0.2690288 0.6230656
0.7244273 1.478264
0.2328881 0.3184686
-0.007692954 1.099617
1.436768 0.5385202
3.062116 -1.390995
0.3251081 1.101862
2.268018 -0.1179785
0.5411329 2.581864
-0.8909122 -0.3777589
1.935614 -0.1699509
0.8553041 3.245836
0.4047645 -0.7205814
1.000344 -0.7462628
2.800246 0.3043864
2.01388 0.8641828
-0.5886256 1.798234
1.620786 0.5462081
0.2850191 -0.1413039
-0.5272692 1.408228
-1.116382 -0.2348792
2.12674 2.070039
1.782206 -0.3624449
0.3653553 -0.1710517
1.392966 1.953426
1.280204 0.9860827
0.9060528 0.7819211
0.007458851 0.2278688
3.225007 1.236918
2.087322 0.8540789
-1.345859 1.193628
2.622409 -0.2228939
1.282439 -0.1650237
1.760395 1.53238
0.806101 0.8087098
1.191127 0.7639708
-0.07114422 0.2050841
2.291348 0.5965457
0.8484937 1.830385
2.007453 -0.449914
-0.04965623 0.4087654
0.9064655 -0.1883482
-0.01764465 1.10912
0.0994171 0.2932159
0.5274467 -0.8309463
0.3388506 2.467412
3.665195 0.09442048
0.4011213 2.449498
1.276309 2.640655
1.487492 0.1157761
0.176384 1.612779
-0.3107699 1.083461
0.5535055 1.431156
2.577485 -0.09618562
1.912098 0.700486
0.1629561 1.787893
1.668673 2.06465
0.7157148 1.361625
1.508869 0.2906282
0.8686781 0.184869
0.2909333 1.072947
2.57923 2.873769
1.172057 0.3548454
0.3674359 1.218332
-0.1788181 1.585803
