0.1458323 1.266705
1.403875 1.74801
0.9569941 -1.77946
1.213373 -1.08177
-1.533648 -0.6900577
0.6361212 1.595622
1.82991 1.175981
0.8917598 -0.982322
0.7225486 -0.8798481
1.388139 1.115863
0.2856976 1.378599
1.130834 2.305523
1.247813 1.144849
-0.09995027 -0.3876716
0.2619331 -1.785038
1.564983 1.393741
1.840879 0.8489553
0.6833757 0.9302128
1.257229 1.159965
-0.54266 -0.4680792
0.9086821 2.785899
2.990611 0.5421822
0.6709855 0.3970508
-0.1010043 2.488282
-0.06300381 -0.1750393
1.897044 -1.066422
1.123622 0.4388975
0.2567561 0.6264185
1.973752 0.8429317
2.217753 2.1541
0.4850958 -0.9063891
0.6367419 0.09959893
2.021045 0.6360424
0.6913742 0.5792237
1.764415 -1.60542
-0.8478102 2.743512
0.1350914 1.155728
2.189136 2.135666
0.5535293 1.974488
1.276888 0.09365234
-1.101874 0.6297475
3.163434 1.402226
3.567998 1.303902
0.5417759 1.513488
0.8249278 0.2866611
0.0834664 0.1399329
1.129947 2.410239
1.106485 1.520513
-0.1815389 -0.4052237
-2.03043 0.03356299
1.439083 1.471589
2.322525 1.657442
1.263758 1.42831
-1.250732 0.5318184
0.1132713 1.709091
-0.4863575 -0.8131808
0.05322158 0.1260078
-0.07095285 2.196212
1.410789 2.96756
1.791985 0.5560196
2.338911 0.2039695
0.1340463 0.3901311
0.6570585 -0.4079738
0.570939 1.147844
1.092472 1.009554
0.9488947 0.5751002
0.6237593 1.498832
-0.06616639 0.8200944
0.201188 1.945014
-0.05418632 1.594242
-0.004527407 1.797164
1.391375 0.2114555
1.523921 -0.3382481
0.6203221 0.2655807
1.436566 2.111911
1.833253 3.021144
-0.5098844 -0.07853312
-0.04451877 1.717673
1.121915 0.8806578
0.9365578 -0.4869311
0.04714111 1.198588
0.6066709 1.077367
2.882036 1.103231
1.055402 2.55029
0.7188338 1.783079
1.158552 -0.7835081
-0.02049137 1.790084
0.1809961 2.547337
1.584258 1.156311
1.489605 -0.4057242
0.2484484 1.234693
0.8314838 0.8967435
0.8562672 -0.7029297
1.013 -0.3041802
1.711942 -1.218967
0.04735269 -2.017211
-0.3543093 -0.03732183
1.689019 0.0914464
-0.426256 1.192374
1.013933 0.1576383
