2.503031 0.1742267
-1.545111 0.7023443
-0.4037562 0.3962763
1.291491 1.37535
-0.5320169 1.799382
0.4656684 -0.3450073
1.154166 2.513661
1.015316 1.207779
1.233968 -1.448435
0.7437519 2.208858
1.598617 -0.9226986
0.1637661 0.4752256
1.37901 0.5989639
1.462937 -0.7611994
-0.7098016 -0.01028959
2.184826 2.700017
0.3565413 -0.142272
1.363475 -0.4457548
1.785534 -0.2501777
2.541707 0.9656203
0.6299376 2.811678
-0.8181517 0.7406252
-1.298269 2.004177
2.266508 1.657882
0.9878561 0.7431628
0.2022538 -0.6735347
-1.154626 0.3724025
0.5560074 1.41355
2.262009 0.719787
1.942008 0.7269601
0.4113409 1.22253
3.217741 1.502732
0.4723666 -0.3775743
0.4025536 0.080303
0.8143714 -0.5703157
1.000414 1.60905
1.975804 0.05311031
2.009351 2.392763
2.933593 1.609681
1.544006 1.963689
1.16297 0.8055803
-1.016563 2.704983
-1.534908 0.768529
-0.850188 1.854505
1.637434 1.150084
2.371531 1.104942
0.3699265 1.440116
0.6395153 1.280081
1.298263 2.862304
0.2785584 1.495125
1.737349 0.9347529
0.2483128 1.943427
2.101219 0.5998165
2.043055 0.929213
3.474896 1.21479
1.065221 1.127085
0.7018901 1.445543
1.263301 0.07874163
0.1060005 1.436677
1.760644 1.141289
0.9872591 -0.02735367
0.9658491 0.7161386
-1.327437 0.2574643
0.2594643 3.011086
1.723994 0.9125279
1.277275 0.5986627
2.205107 0.6742104
2.51461 1.127545
0.3396461 -1.027855
0.3600925 0.06874066
0.6088856 0.07616013
0.7657451 2.150594
1.442423 1.173989
2.676889 -0.6854617
-0.3969246 0.7216892
-0.5274914 -1.764682
3.234616 0.1175757
1.229436 2.851284
1.499779 1.18561
0.9000446 0.9801831
-0.21383 1.118342
1.43446 2.325509
1.284526 2.20059
1.418184 1.279532
1.161568 0.4377395
1.32126 2.011872
2.923618 0.3542902
0.5202384 1.577605
0.1747899 1.334948
1.92381 0.3059617
2.010083 -0.866998
1.230987 1.143202
1.638478 1.423068
-0.256848 2.007829
1.600935 0.8323984
0.543876 0.8795836
0.4191698 -0.5676586
0.7325966 1.770295
1.685979 0.8629537
0.5276485 1.297593
