0.4425482 -0.2448969
0.8029676 0.5884301
1.095619 -1.649623
1.134448 0.4250818
1.393196 0.2634183
0.5483298 -0.1156516
-0.2090911 -0.3126418
1.698654 0.7140337
0.3301212 0.3199366
0.9140877 0.8036234
1.171237 0.5583512
-0.2415088 1.31351
-0.278037 0.7218514
2.685551 2.004589
0.9469603 -0.2616985
2.139992 0.2761607
1.018351 0.9043835
1.188211 1.392605
0.7412753 1.74516
1.305927 0.4355226
0.2980627 0.2245983
2.043822 0.5250821
0.351546 0.8227227
0.8480316 2.05872
1.373973 -0.7762746
0.172893 0.5137049
3.662651 2.026717
-0.5910717 1.741739
1.345052 0.4930624
-0.6207394 1.032876
1.774652 -0.5467651
0.9290822 -0.08330549
1.233172 0.8218126
1.90898 0.4991381
1.549871 -0.9012025
0.6259874 1.560696
2.402892 -1.019485
1.84129 1.978644
2.010114 1.583768
1.136102 -0.9817538
3.289289 0.9329969
1.975137 1.536765
1.756666 2.237695
3.493076 -0.153183
1.107308 1.435351
-0.7081497 -0.04836403
1.874951 0.223505
1.207741 1.924587
0.9173567 -1.010687
2.120196 1.2632
1.695842 1.757525
0.6017908 -0.9546048
0.3610008 1.77871
0.6322715 0.7083221
1.685341 0.8554291
0.2154119 -0.7349397
0.9941226 0.8589284
0.2342497 1.715207
2.38318 -0.1057264
2.422807 0.4881166
-0.3495324 1.426559
-0.1085219 0.8091336
0.4787547 0.2654941
1.888423 -0.2778601
1.408075 0.5591715
-0.07171485 -0.344646
1.496652 1.082757
2.432613 -0.218389
2.555541 0.271506
1.227629 -0.03615151
0.3102492 0.1139795
1.63725 1.425615
1.96241 2.857078
0.8347069 0.09419356
0.3481012 1.46684
1.015961 0.481974
0.577836 -0.4287523
0.6425898 0.5476841
0.9105901 0.8935023
0.6751882 1.744843
-1.201972 0.736073
1.940769 -0.2142513
0.9252195 1.696578
1.867094 0.1428999
2.19879 0.524407
0.9611586 0.5524266
0.3546138 0.3422917
1.767801 -0.5444618
0.06237017 1.296022
3.298716 0.8279089
2.04655 1.803954
0.5976548 -0.2880125
1.898626 -1.094969
1.601623 0.8144847
2.468407 0.4935369
1.420736 0.09005101
2.347779 -0.624635
3.332254 4.089185
1.133662 0.9259414
0.9211404 1.910833
