0.9556627 2.734769
0.2520128 1.497973
-0.08982269 0.5388094
-0.2296135 2.193037
1.36961 0.5212514
-0.4000075 0.160157
-0.2070575 2.32763
0.8327882 0.2963224
0.4898175 0.4382872
-0.8512211 1.710077
0.9008313 0.4219501
2.040137 2.649089
1.648328 -0.1518856
-0.6962276 1.641093
-0.05928728 0.3250134
0.9192066 0.8394391
1.93251 -0.4170997
0.6792084 0.6617248
0.8029479 -0.6408889
0.7427268 2.350636
-0.814584 1.073168
-0.2096952 0.03863931
2.466488 1.597251
0.1760505 1.000148
3.558285 0.02061181
1.551138 -0.2829382
-0.2409325 0.08700089
1.369117 -0.2523945
0.05387518 -0.1956907
-0.5193308 0.5492239
0.04876497 0.1024348
0.9556881 1.681457
1.18346 0.04314596
2.100866 1.101154
4.12955 2.783344
-0.901932 2.854896
1.433124 -1.608295
0.4623754 1.377909
0.625337 2.498938
0.9085957 -0.05537769
2.344415 1.299918
0.4311182 0.5939468
0.4764897 1.70744
0.708839 -0.2959993
-0.3978504 1.812774
1.209283 2.235499
1.504784 1.668968
1.256729 -0.4264334
-0.1518835 0.4307401
-0.4087971 1.48892
1.097976 1.159176
1.641329 2.77755
1.069124 1.25815
0.5353741 -0.29377
0.4171915 1.037286
2.092013 0.6402187
1.896336 -0.2973219
-0.07275671 2.155738
1.607565 1.143686
0.9573111 0.6663141
0.2563862 0.1463617
0.268247 -0.3393066
-0.1347835 1.171465
-0.06918783 0.8060817
-0.01084556 1.811223
0.4956879 2.594175
0.4665246 2.754889
2.312916 1.053793
0.8052051 1.231144
2.157536 0.4567953
0.2989042 0.7576404
-0.3229103 2.876328
1.383443 2.699196
0.8452255 1.508142
0.371473 -0.2921349
2.265343 1.133604
1.292849 1.362501
0.5901153 1.723895
3.371679 2.140718
1.672161 1.053003
3.348854 -0.1482134
2.030044 1.383776
-0.5536676 0.5072237
0.6155445 -0.3449364
0.7063348 0.2058384
0.9319609 1.35716
1.10979 1.014771
0.366049 -0.3844885
0.6716957 -1.008083
0.8024766 -0.1403313
1.028057 0.8011412
0.9251549 0.426906
0.9916077 0.6739048
1.781871 -0.6588367
-0.4128488 0.3804012
0.7129845 1.178514
0.3606823 1.541549
1.211529 0.9570968
0.1142879 1.804493
1.126872 1.341208
