1.532462 0.7195958
0.3000076 0.6536174
1.905462 0.343753
0.425141 -0.6488151
0.3156855 1.205146
-0.3371578 0.7794013
-0.1494104 1.164727
2.156731 0.5587088
0.5990338 1.316359
-0.2346423 0.7024424
1.934296 2.293909
1.029889 0.9210482
-0.4201994 0.5270691
0.8176728 2.261517
0.860988 0.4849691
-0.2979539 0.5048513
0.3608387 -0.2267142
1.153722 1.78055
1.486073 2.468954
2.295465 1.094234
-0.6560118 0.8595469
0.7481809 0.8180583
1.914183 2.008591
0.02029567 1.195239
2.341604 1.001818
-0.2862653 1.918158
0.7913827 -0.6994622
-0.6806057 0.7156378
0.7840309 -0.5624974
2.665826 1.327381
0.274464 0.9465749
0.8505674 -0.6840346
-0.0108792 0.8952079
0.2573395 1.22555
0.9478598 0.584688
-0.6124816 0.8056329
0.3492825 1.790685
1.949327 0.9210831
1.244291 0.8648964
1.302174 2.658476
0.8317216 1.767761
0.7691027 1.369146
1.136719 0.8988897
0.6854651 -0.1952103
1.114253 1.288123
1.380687 1.002077
1.068356 0.407169
-0.09682996 0.9179457
1.894607 0.3584743
0.7310727 1.011528
0.05513455 0.8397696
-0.1653079 0.5019422
1.900143 1.23949
0.4438096 0.3989393
2.912736 -0.6799403
3.15272 2.487941
2.279396 1.942554
1.9688 0.01736306
2.018576 0.2114647
-0.5949731 0.9870083
-0.443545 -0.1460659
-0.5589829 1.38661
0.4568924 1.479762
0.9902064 -0.2489608
0.4409114 -0.03569437
2.306975 0.6982271
2.208507 0.9761829
0.8821448 0.333885
0.4298736 3.16956
0.9394435 1.255402
0.08499915 2.437987
1.206108 1.160758
1.621089 1.91103
1.276693 -0.1009685
1.430137 -0.01221628
2.759758 1.693496
-0.12075 0.7067337
3.097899 0.3754446
-0.1683676 0.8697912
0.5312738 1.367232
0.3344856 0.5916036
0.3542727 0.8998094
2.064311 -0.4958297
0.8142307 2.474676
1.327069 0.4282098
2.097871 0.2841763
0.8164513 2.295158
-1.514618 1.761623
3.2495 0.008972461
0.3189618 0.5285709
1.642588 -0.1846438
2.477676 -0.9759535
1.291486 1.309307
0.004283029 -0.09780827
-0.5364682 3.251826
1.646358 0.8582017
2.016116 0.009007767
0.9380136 -0.03304256
-0.1004204 2.856665
0.2565737 -0.01312023
