2.21991 1.752455
3.248782 1.072713
0.4522961 2.324495
1.187092 2.338456
1.380458 2.475301
0.3093788 1.752533
1.54813 1.483554
-0.4414412 0.9847443
1.100989 0.1208705
0.7962566 0.6823749
0.6911252 -0.1657862
0.3499869 1.043722
1.695158 1.177595
1.986195 0.6692289
1.59734 0.3057132
-2.692018 -0.9402436
-0.1088928 0.2341982
1.358845 2.113929
1.463907 0.712106
3.364973 0.00150693
2.515022 0.2463078
4.508697 0.9937252
1.834704 0.7135312
-0.4722148 0.6057259
0.270586 0.129916
1.911571 1.419572
2.152859 0.9551926
0.6064917 0.4908488
0.6960615 1.362494
-0.6385452 -0.321256
1.74399 0.9638521
-0.814424 0.7149569
0.02784695 1.009562
2.03143 0.8109617
1.646038 -0.3494381
-2.234827 1.438302
0.115746 1.971297
2.158613 1.949827
1.982297 -0.5177743
2.482121 0.2646943
1.43827 -0.1239542
2.745456 2.110636
0.211063 0.5743413
2.766053 0.9672912
-1.828895 0.894594
0.6829346 -0.3592352
1.061086 0.2450031
-0.6595139 -0.5852172
-0.1179469 0.605883
-0.6534065 1.127076
1.613942 0.01447868
-0.5803514 1.85114
1.622294 0.5860212
0.3896843 -0.7450102
1.423373 -1.120966
0.9512024 2.687876
0.4373625 0.1299663
-0.09629846 3.10279
-0.6864267 -0.1977957
-0.274922 -1.888683
2.216098 0.6568856
-0.1749321 0.8629796
3.269394 -1.211913
0.4951228 1.888032
-0.2322926 -1.066067
0.6594786 1.93418
1.503478 1.158594
-0.3020482 0.9855557
1.042235 2.075899
0.007733819 1.546328
0.8606404 0.0364678
1.074922 0.97522
1.848098 0.4924195
-0.5212645 1.845051
-1.306236 0.1003356
0.9433395 0.9054849
2.050823 0.7194332
1.935648 0.4007256
2.477635 -0.03260146
0.9356013 0.9653664
-1.199931 1.802752
1.594284 0.6116838
1.180066 0.9317594
2.910007 1.817657
-0.2150442 -0.2098552
0.5285765 1.162774
0.7122544 1.415452
1.395242 -0.3367234
0.5410958 0.1853658
1.256267 0.0956541
0.4005616 1.549273
1.172397 2.585159
1.120479 1.084967
0.1026397 1.484496
0.4636948 0.9982995
0.2131946 -0.1381349
-0.2419317 -0.2378957
0.788366 2.36422
-0.7003517 1.56199
0.9031518 -0.0691355
