-0.8290892 2.10355
-0.4492666 0.03839696
1.149442 1.10527
1.626019 1.04359
0.806134 0.1883183
1.265766 0.8694605
1.175633 0.7544192
1.812595 0.02473956
1.45752 0.8162475
0.8222582 1.069476
0.6280407 0.9072542
2.087842 2.080003
-0.4277717 2.735749
2.355677 1.44931
2.903276 0.2403412
3.085394 0.1552384
1.869785 2.105146
1.18894 0.9316399
0.3305384 1.247967
0.4566058 -0.04996113
0.904211 0.06008739
1.48129 0.06665482
2.097544 -0.968808
-0.08126187 -1.776048
0.2267796 0.9414014
1.183324 1.70573
1.590192 1.19129
1.286053 1.174767
-1.333526 0.5337329
1.087878 0.3936355
0.8477654 0.2534895
2.20623 2.364961
-0.09112286 2.144435
-0.5325566 -0.4614214
-0.7023914 0.4562406
1.582363 -0.5735397
2.036362 0.7701587
2.012645 1.684249
-1.656855 2.44576
0.6478526 0.9571284
1.199414 1.373956
0.6008099 1.572891
0.7986683 0.5517405
1.10145 3.028612
0.5927948 0.6279725
1.981632 -0.08461399
0.3804627 0.1066153
0.9064463 0.2527217
2.805571 0.6903218
1.075906 2.587716
1.480315 0.08536701
1.129878 1.012818
2.465442 2.420498
1.725413 0.1443252
2.294022 0.3793676
0.6156778 1.394921
-0.5071003 1.190968
2.121949 0.8538668
0.3056282 1.009196
0.3352339 0.8288082
1.426652 -0.4731625
1.820074 1.709551
1.308311 1.413154
0.3898441 1.802276
2.321065 0.5239435
1.641493 1.429355
0.728204 1.902366
0.2459059 2.664308
1.88734 0.6861544
-0.0900084 1.537494
-0.4936184 0.6130946
0.8283929 0.774376
-0.09528373 1.165472
-0.1610269 0.3077768
0.276398 2.400926
2.235333 -0.4804703
1.465806 1.037394
1.52159 0.7934769
1.241607 -0.321704
1.641681 0.8252886
1.382618 1.268144
2.356218 0.2900705
-1.321107 -0.6998252
1.927597 0.04058345
2.488022 -0.8780049
2.378171 -0.234295
-0.3775466 1.54104
0.8664136 0.8310835
0.940863 0.7692925
0.857606 0.504943
-0.3304845 0.1326726
-0.250388 1.010305
1.297945 1.184032
1.416175 -2.52637
2.247304 0.2463731
-0.6437671 2.116244
0.413189 0.6931007
1.275487 -1.390169
0.9619273 -0.1059337
2.371784 1.41889
