0.3518621 -0.4803444
1.410519 0.986691
0.7362471 0.2604014
0.5537098 0.872781
1.827461 1.37277
-0.3335602 0.452899
0.5912482 -0.3870492
0.8947516 0.983161
-0.4350219 0.7705855
2.145074 0.6042796
2.358542 -0.4506226
1.774189 2.295213
-0.7379496 0.3714646
1.65 0.6560411
-0.516525 0.4842422
0.2882653 0.5651232
1.495056 1.967561
0.05955241 1.822345
-0.3126943 0.5524527
1.180174 1.141269
1.78441 1.230969
1.818591 1.346929
0.1018076 0.333249
1.400276 -0.3046357
0.2178003 0.2684291
2.899949 1.796042
-0.3782138 1.370728
1.722364 0.7456327
0.05299283 0.6162653
2.238749 0.7396508
0.4018763 1.244906
1.177313 1.621866
-0.2027282 1.975291
0.2446358 -0.7661247
0.5976247 -1.35397
2.066753 0.5986391
-0.1309548 1.435907
0.3127187 1.426524
1.96112 1.910339
-0.5257519 1.960925
1.890177 0.3935133
2.148239 3.18574
0.6043695 1.573136
-0.7392772 0.862968
1.035754 0.6013039
0.8354625 -0.001435611
0.3941231 2.478763
0.6382766 -0.6921586
0.3581633 0.3133368
-0.3290346 1.931011
2.916056 0.9542433
2.622138 -0.1891624
1.299969 1.582939
1.652288 1.068225
1.361855 -1.977254
4.166539 -0.908025
-0.4068383 -0.700483
1.390171 3.021591
1.497645 -0.1792625
0.4324575 -0.3255243
1.529754 0.713576
0.2919531 1.0555
-1.163976 1.255653
1.836466 0.3854925
0.2153186 0.1172675
0.3753646 0.8730442
2.3584 0.08639848
0.1801535 1.049238
0.1658911 1.347577
-0.9722462 0.912853
1.094909 2.159599
-0.6642665 -0.8808554
-0.4397188 -0.6663825
1.220336 0.3223493
-0.4097298 0.9129122
1.50518 2.142938
1.62547 -1.297798
0.37285 -0.1508142
-0.1543908 0.3959928
-0.09313704 2.234453
1.690714 1.151559
-0.8515446 2.58698
2.20895 -0.2749817
0.5913046 0.5638601
-2.427004 0.7346085
0.0005336171 1.599007
2.261498 1.0059
0.3748254 1.444672
1.788794 1.626388
1.093054 2.282358
1.355786 1.555377
0.9784617 1.208854
0.462241 -1.155588
1.966844 -0.1239654
-0.4793708 0.3428434
0.2555534 2.711907
0.520957 -0.6910266
0.3120479 1.155631
0.9526046 1.386572
0.760357 0.8490682
