-0.007388991 1.505004
-0.1175659 0.4348258
-0.3495063 1.680309
1.699195 1.061249
0.2566571 0.4068844
0.04216676 1.229224
1.260865 -0.7571666
-0.01965121 2.102227
0.2115284 0.3931334
1.803271 2.287979
2.118738 0.4083285
0.7168186 1.607785
1.259646 1.378323
0.4699547 0.6619249
0.9882165 1.304491
0.4455872 1.244023
0.359138 1.361152
1.43612 0.4419128
-0.1476086 -0.990478
1.831653 2.252402
-0.03747941 2.542799
0.9202085 2.170125
2.05713 0.6830634
0.8784838 1.008522
0.7978993 0.4005575
0.7229233 1.209121
0.2565012 0.574669
1.089221 1.535438
0.3347065 -0.4138494
0.7182465 -0.5126752
0.5202966 1.626707
1.144301 1.418494
-0.7340616 -1.763764
0.57992 -0.66169
-0.5132009 3.47465
0.9291617 1.354008
0.9746893 2.006234
2.131102 1.921503
2.110672 -0.06686996
0.8737955 0.03663265
0.8000086 1.718725
1.860363 1.095451
1.016041 0.9615617
0.1659607 2.642884
0.1932604 -0.144584
1.711261 0.7866355
-0.9509485 0.3194125
0.1199318 1.279087
-0.1079213 -1.655644
1.373072 -0.905187
-0.7102513 -0.02612664
2.373941 1.362759
-0.7567253 0.8513908
1.097416 -1.203469
0.8131091 1.113803
0.5365769 1.247288
0.9696749 0.5137158
1.916697 1.188707
0.3853611 1.734751
0.07402599 -1.108382
0.2017869 0.7126249
1.247279 0.6692737
0.9229026 -0.8139928
0.7920722 0.4731251
-0.7002072 -0.1805913
0.9169799 1.956723
-0.1567719 1.616389
0.7721535 1.542176
0.4803877 0.7393576
-0.2029073 1.069117
2.148918 -0.1066853
-0.3422508 0.6513775
3.063189 0.6550724
-0.1496351 2.221872
1.436884 1.367805
0.844287 0.9507229
1.177799 0.4585453
0.7030648 0.1098941
0.2757148 3.734409
-0.2926571 -1.030813
-0.3959561 1.619099
0.2728247 0.7672799
0.8175992 0.2664061
0.9606229 1.700192
0.6662355 2.487701
0.7243113 -0.5143181
1.49428 1.232297
0.3548484 -0.009837158
1.869852 3.314793
-0.2194626 1.289985
2.199839 1.183888
1.82632 0.4241281
0.05958716 -0.5784927
-0.838302 0.6679518
0.6518894 1.526173
2.082055 2.861868
1.019036 2.182171
2.357941 1.372667
1.559755 -0.06421303
1.064112 -0.5042248
