0.3664791 1.075934
0.3678643 -1.319182
1.506957 -0.4382377
2.766366 1.004457
2.269223 0.6899345
1.38032 -1.421129
0.4531985 1.70488
2.700487 2.319027
0.2229778 1.161306
-0.2053332 1.587202
0.06392053 -0.6452702
1.351381 1.460587
2.188795 0.3220062
1.833264 0.07004617
1.053177 1.865506
2.433331 -0.02228869
2.069145 1.485388
0.4704018 1.416183
1.17423 2.221473
1.342887 0.835822
2.425134 -0.4410293
1.345102 1.052711
0.7889422 -1.619106
1.046813 1.870731
3.453003 -1.65482
1.953241 1.424058
0.5598573 0.4610893
1.979918 0.201759
1.47492 1.882693
0.006534545 0.7020629
2.130658 2.725942
1.172505 0.5074422
1.695316 0.3696368
0.7881395 -1.158487
0.698444 1.900824
1.752069 1.357793
1.003835 2.164075
1.916359 0.6018264
-0.1733544 1.874022
3.06657 1.105532
1.606565 0.4530439
-0.07915179 0.1726665
0.5312449 1.199625
1.181774 -0.890903
0.8851827 0.513764
1.585972 1.728671
0.1016495 -0.5263294
1.446581 0.005368868
1.322255 -0.585831
-1.885176 0.6975323
0.7950604 0.6512703
2.101774 2.742339
2.501658 -0.5098191
0.7276884 1.058034
0.2655433 0.4598648
-0.135 0.9525544
2.154452 2.341879
0.8678925 1.128674
3.087677 1.742263
-0.926745 1.267266
-0.02683581 0.5147868
2.349397 1.75995
-0.5075808 0.2453513
0.1673325 0.9380138
1.81039 1.933348
0.6699694 1.173484
0.09367627 -0.4116728
2.259761 0.9168839
2.64922 0.1045457
1.901293 0.5668694
1.648285 0.7040303
1.925159 -0.3557251
0.6019925 -0.1116184
0.3513097 0.09812803
1.675591 -1.127623
0.8812934 1.527592
2.013482 -0.8810906
1.811546 -0.5738391
0.368433 0.3145174
0.1370034 2.052853
0.5822643 2.212418
1.126758 1.215969
0.09123216 1.177723
1.255159 0.2794298
0.7124404 3.221649
1.119596 1.65453
1.359006 -0.05814202
0.3911705 3.016235
0.6331747 0.8160926
1.017509 -0.5591438
0.1215133 1.367961
2.681769 0.03634736
-0.2301257 -0.7428218
0.0616873 1.528834
0.8141723 0.8310009
0.2244712 -0.9029538
1.47219 1.997241
0.9568049 0.8441
0.5761523 -0.1727451
2.20328 0.7108488
