0.01456774 0.6896084
2.138976 1.738472
1.373561 1.13784
1.396244 0.9598708
2.983954 -0.2584097
0.1838745 2.382737
-0.9165929 1.381337
1.241169 1.350059
0.7936668 1.094433
1.599886 3.334136
-0.1168235 1.914633
0.2123412 0.4764423
0.8828536 1.190618
1.644737 -0.435795
2.172528 2.89205
1.150458 -0.678113
1.748093 0.1519467
1.247403 -0.6554896
0.9428077 0.5907511
-0.8967093 -0.109701
0.2061679 1.750836
-1.593471 1.327786
1.599118 -0.4142455
2.217655 1.648864
1.238788 1.769454
0.1010863 0.4211334
1.197808 0.495091
2.371374 1.074574
3.600371 0.2649511
1.125354 1.606837
2.436688 1.497874
0.194465 3.251412
0.0357474 -0.1590532
1.312107 1.810465
-0.5515335 0.4787733
0.660482 -0.3116641
-0.08168212 2.948468
0.1515932 -0.05200005
1.192066 -0.5291065
-0.1258299 0.9890589
0.7346197 0.4772539
0.3900933 1.649741
0.08677717 0.9202921
1.846596 0.481731
0.7912942 -0.06431414
1.952172 0.7226449
0.2395881 2.86169
0.8141885 0.9344939
-0.0008693992 1.25631
0.9204711 1.674615
-0.02162384 1.747316
0.4665083 0.4211223
-0.06730087 0.4089883
0.9748387 1.740786
0.1663949 0.2915162
0.06174226 0.7245904
-0.6238502 1.182585
0.231488 1.272845
1.322474 0.9475316
1.509161 0.695669
-0.1988827 0.8102058
0.1948404 1.110118
-1.403712 -1.892431
1.128695 1.230119
2.465865 2.792757
2.020024 2.154367
0.9258985 2.290854
-0.0784184 0.8508651
1.805337 1.943694
1.023149 0.6339196
0.3275766 1.315476
2.230454 1.706914
-0.06719957 0.1677196
2.064273 1.540608
1.940405 1.436502
-0.9624011 2.646196
1.754567 1.142386
-0.1986261 1.163248
2.28796 0.4998408
1.66469 2.496844
1.712215 1.231774
1.591578 1.275066
0.9063326 0.9001673
0.1520344 1.315038
1.878116 -0.7640209
0.665321 0.8254993
0.8115439 -1.283292
0.3403377 1.142261
0.5563764 2.514171
-0.1808829 1.660885
-0.628332 0.2624464
-0.005095091 0.492107
0.999521 0.07765889
-0.999464 -0.1101997
-1.240624 1.035628
-0.2149294 1.068597
-0.09850535 1.136649
-0.77655 -1.216353
2.108913 0.3028762
-0.9599055 0.4902074
