1.868858 -1.166293
0.8079729 0.2821669
1.591232 1.865113
0.4527895 -0.2264256
1.897709 3.557873
0.486978 1.108435
-0.1410268 -1.037937
-0.474304 1.130502
1.555587 0.5335805
-0.01832416 0.9904104
1.167459 0.8284293
0.008643451 1.204114
-1.36811 0.4645842
-0.8848888 1.048518
3.131558 0.9723624
1.816621 2.50608
0.6330744 3.000374
0.8068601 0.3654656
1.499281 -0.04052621
1.025387 0.02870147
0.2020116 2.319852
1.346764 0.5204732
0.3224057 1.972968
-0.07689172 0.944852
1.997008 -0.006893969
0.07905373 1.242179
-0.318131 1.320726
1.983283 1.447052
0.194936 0.174675
1.114745 2.702736
2.27394 0.4438871
0.0439984 0.4971083
0.8616641 0.3382884
0.3808377 2.052189
0.1506662 1.161331
-0.6004107 0.0566257
-1.159545 -0.7803567
0.7912353 -0.6686933
1.149781 2.362538
0.3034306 1.744583
0.3737089 1.958362
-0.3473911 0.4947371
0.5787133 2.101137
0.6353341 2.664066
1.48861 1.329225
0.7779057 0.6590004
0.8662094 0.6949596
3.122521 -0.3796069
1.544062 0.2412191
0.1705829 1.008815
1.33538 3.461456
2.227343 1.090679
0.9883599 -0.05542413
1.827583 -1.056546
-0.2361581 1.199909
1.339886 0.4129665
-0.7224165 1.24972
2.101139 1.685571
1.589757 -0.04039429
0.9463215 -0.3970784
0.08926712 -0.3283023
1.920516 1.156878
-1.318663 1.172158
0.9741368 1.708243
1.000222 0.2936596
-0.1382152 1.224428
1.183442 0.9582858
1.640287 0.1014907
2.619734 0.3765555
0.07968468 1.023113
0.7484525 1.286764
-0.2501003 3.29099
1.951166 -0.2722882
1.983212 0.8726961
0.6359077 -0.5062595
0.09602552 1.140315
2.120208 0.8688354
0.6282489 -0.4633532
-0.4591732 0.1159275
0.7640591 -0.3149172
0.8495145 1.255437
0.7234274 2.105794
2.223491 -0.5058187
1.33904 0.8200343
1.960669 1.028827
0.2976155 1.16961
0.9232696 0.4089996
1.12385 1.055816
1.958128 0.1120412
-0.2743392 0.5389246
0.5328621 1.742425
-0.6352663 0.3591015
0.7099411 1.441694
1.159446 1.568015
2.526051 1.066386
0.502207 -0.9637043
1.151607 0.9441619
0.165362 0.922371
2.323783 1.037277
1.832918 1.75899
