1.152833 1.68244
0.3546766 0.7541442
-0.3944151 2.298116
0.5650565 3.536811
0.104316 0.5348504
1.81334 0.9396571
2.625173 0.2457515
0.243362 2.165122
1.120971 -0.3678662
2.922918 1.421484
1.472261 -0.9490268
2.82585 0.02808517
0.1617635 1.398867
1.13914 0.954127
-0.1600241 0.9120586
0.799701 0.2583373
2.152519 1.145334
1.095309 0.1502307
1.150613 3.045337
2.253759 0.8610819
0.1980589 0.4017969
0.5133537 1.412956
1.106493 1.105428
0.8748714 -1.219428
0.1765806 0.6951655
3.598906 -1.179656
1.622081 -0.5493745
1.664044 1.67913
2.019746 1.508306
1.225428 0.6988934
1.7729 0.5811911
-0.1730222 1.287783
-0.06299976 1.487029
0.6123436 0.2656444
0.6611987 0.7376313
2.103687 0.7381687
0.7193673 0.6421685
1.510152 2.686181
1.578069 -0.259604
0.5263292 3.622255
0.399758 0.3745545
2.142963 1.225106
0.2528598 0.6156686
0.6168442 2.008153
-0.394272 2.668519
2.140744 0.2105867
2.235571 3.035381
0.7912019 1.227489
1.646751 0.4754629
0.5594305 1.325383
0.4926617 1.237951
0.1389082 -0.05011783
1.883158 0.4223625
2.399322 1.417719
1.010336 0.8258631
1.066561 -0.3340302
1.001252 -0.6314137
0.4680356 0.5284052
1.305293 -0.1001256
2.278442 -0.432341
-0.04667491 0.6216988
1.584818 0.3308141
0.9676295 0.04974264
2.198671 -1.146103
1.589814 -0.759031
2.208978 -1.546861
-0.3425081 0.3849179
0.0198611 0.8831055
1.809402 1.450197
0.02155636 0.5130667
-0.3299938 1.10935
2.877387 1.424538
0.6557628 0.7211726
1.874869 1.559093
1.808842 -0.1333796
0.6700642 -0.2637752
0.3318819 -1.627425
1.076654 -2.734101
2.249631 1.10497
1.144296 0.2498726
1.314585 1.244001
1.296481 3.235949
-0.06873313 -1.45124
-1.439816 0.9384946
-0.06744592 1.312211
0.6920905 1.510966
-0.1350409 1.88198
-0.2464418 0.2285963
2.055997 0.01812547
2.086251 0.8163349
0.7571227 1.913695
1.993413 -1.336836
0.2855078 2.66244
0.7258999 -0.9097038
0.9060133 0.1340682
1.271479 -0.3039462
0.9418233 1.534509
0.9397954 1.418929
2.405113 -1.357738
1.964267 1.038022
