0.5467118 -0.6457563
1.964921 0.9397984
1.016305 1.911521
-0.07093875 -0.5331997
0.4089627 1.857749
1.154991 1.110073
3.403963 0.09114191
0.1587866 1.129823
-0.1443822 1.983545
0.8223184 -1.346801
1.133528 0.410535
-0.2151431 1.046331
1.531021 2.077287
1.257765 0.2344649
0.1075465 0.6971331
1.004534 0.664422
-0.6661874 0.907305
1.527132 0.8379425
0.07457102 2.164881
1.532202 1.540033
-0.3108722 1.720375
1.263968 1.319079
3.144872 1.067444
1.396664 0.3127852
0.7334515 -0.2906134
0.6742258 0.9813394
-0.4197063 0.9581506
-0.3512206 1.233368
1.509558 0.5507296
0.550669 -0.3207197
2.976286 -0.5799082
0.9072087 0.9750969
3.380034 1.247095
1.499259 1.723466
-1.100331 2.070211
1.371993 -1.175367
-0.08145414 -0.3437881
1.780737 2.521993
1.751577 2.052048
1.078184 -0.6360863
0.8759159 0.4977447
1.896137 0.4929685
0.8297281 -0.07788123
0.6130287 0.03111511
1.350097 0.02773851
1.009532 2.917894
0.7338944 0.5596002
3.50661 2.364631
0.6614191 1.764535
1.438118 0.8126962
0.3005147 1.666291
-0.2465991 0.272643
0.9323568 0.7293039
0.4342047 1.17503
0.4167208 2.112013
1.307969 1.167521
0.08820731 1.824756
1.779705 -0.5544611
0.8260961 0.3108793
1.319633 0.2696922
0.4797426 1.724718
1.675224 1.212897
-0.001526437 1.032282
0.7421059 1.628449
0.6241079 -0.1399078
0.9574685 0.2617828
0.3629899 0.2860412
1.191031 -1.121663
1.848095 0.4233546
0.1689416 0.3494906
1.130625 2.192586
1.666439 -0.4118141
0.7831241 0.8319595
-0.1724955 0.6751705
1.979058 0.4326144
1.773093 0.1670899
1.369588 1.366038
1.82251 0.02705023
0.2014917 -0.5303099
1.223938 -0.3008158
-0.2408567 1.21634
0.2664183 1.401951
1.762438 0.3084086
0.6470111 -0.4325159
1.080274 1.010261
1.643436 1.49786
1.905618 0.6839287
1.608503 0.4409924
0.1059334 2.00265
0.288221 0.9495507
1.317894 -1.202905
1.511736 0.9521772
-0.7881709 -0.2298102
-1.237179 -0.1191991
0.7975162 -1.312375
1.017414 -0.6775923
2.08939 -0.8981205
0.3058937 1.861648
1.057637 -0.5074119
0.9927387 1.548397
