0.6919576 0.1231506
1.573562 0.4790592
0.4954999 2.364035
1.426044 0.9809156
1.865194 2.693713
2.087114 0.1329876
1.171023 1.047061
-0.4920345 0.352528
-0.8756926 1.448359
0.9844205 3.284852
-0.2345985 2.251541
1.609925 1.135568
1.268279 -0.08841334
1.487146 -0.5780352
1.232548 -0.11003
0.6769887 -0.6376938
1.288709 0.863718
0.424073 0.4049904
1.004967 2.07458
0.1992613 0.6390494
1.936926 2.538317
2.453486 2.350706
0.9315922 1.924864
1.391847 -0.3495399
0.9503151 1.513522
3.259929 -0.2637315
0.1579221 0.5515084
0.0006979621 0.4920466
0.8291592 -0.6351109
0.1602973 2.663889
2.178224 0.672404
2.165818 2.141386
1.383834 -1.029709
1.592793 1.91845
1.585881 1.676565
1.944977 2.061412
-0.09109493 0.4197213
2.545449 -0.2325085
-0.08900706 1.556507
0.3862315 1.11914
0.2745255 1.323866
-0.2875629 1.613823
1.501449 0.05558035
1.68076 2.090686
1.031305 -0.6751621
1.78322 0.9501168
-0.4831599 0.8492991
1.098582 1.953396
1.245055 -1.945839
0.1718347 0.04706812
1.361999 1.302624
1.045032 -0.5371304
0.5522059 -0.4790765
0.8985126 0.3369973
1.554373 1.282845
-1.932337 1.372693
-0.2311846 1.369247
0.002911804 2.026953
1.460595 0.420069
1.944752 0.8039746
0.6986582 1.547753
2.048458 0.4045299
0.5361847 1.526843
-0.5808763 0.8007319
0.3594516 0.5475059
1.460213 3.590605
1.058956 1.083775
-0.6993509 2.309549
1.975215 1.079494
0.3608299 -0.09832678
1.677403 2.190751
0.4994319 1.348776
0.5694146 0.9661312
1.263466 2.291466
0.9938209 -0.459947
2.80598 2.512732
1.28846 0.201822
0.6264666 1.631121
1.224222 -0.08688752
2.788394 2.946615
-0.8486409 0.3804952
0.7577826 0.7727837
0.9614482 1.338337
0.9247227 -0.8238215
0.3675526 1.743286
1.491069 0.468363
0.3475562 1.164057
0.7370675 1.645265
0.08731343 -2.242211
-0.2928956 0.4671822
1.608973 -0.3197904
0.3209364 0.09147662
0.7013461 -0.2265946
2.188262 1.732522
0.3654194 -0.6990414
0.8724497 0.4216711
-1.565232 -0.5710081
-1.143914 -0.3192022
0.8976135 0.1290401
1.245291 1.704673
