1.08654 1.10638
2.041843 1.349156
0.9953016 0.08991624
0.7169875 2.314875
1.509823 -0.002287632
-0.408908 -0.2749288
1.433444 0.97637
-0.00389748 0.5013184
0.1517814 0.4428378
-0.5198203 0.8431811
1.677054 -0.5523995
1.946477 0.195923
2.63756 0.5821303
0.5164896 -0.3571976
2.224514 1.98132
-0.6149244 -0.2350162
0.1471489 2.129138
-0.1457533 0.3615917
2.08438 2.07585
1.965284 -1.488822
-0.6707284 0.191794
0.4464028 2.05503
-0.33893 1.400784
4.381495 0.5886258
0.9597092 -1.842825
1.069542 1.320289
2.106323 1.187204
0.195208 2.072996
2.659329 0.4762528
-0.5647459 0.6650279
0.3727108 0.4706227
0.7631768 0.2119436
3.1818 2.622984
0.399295 -0.7072061
2.047797 -1.310858
0.2083629 -0.1362842
0.9716986 0.5329319
1.599043 0.2203355
0.1214086 2.257387
0.818458 0.4233773
2.437191 0.3430033
1.717687 0.382424
0.5536968 0.59997
-1.04973 -1.378701
1.534269 0.7788006
1.923541 0.05442831
0.8308772 0.8868255
1.616183 1.506087
-0.152298 1.334637
0.8469325 0.7948833
0.3659827 0.6329216
-0.4120472 1.355729
0.1225992 -0.3958204
3.328936 0.382435
1.478687 0.9133561
3.246896 0.6973146
2.053459 0.9593573
2.201037 1.274064
0.9433073 2.397093
0.4673647 1.939897
-0.1698031 1.655245
1.071138 1.548094
1.861309 -0.3532227
2.199837 1.375584
2.684491 2.547354
-0.1759882 0.35002
1.284006 -1.168619
0.5858446 -0.3488439
0.8583197 -0.4214164
0.9666518 1.057219
-0.4552664 2.166987
1.261031 -0.2589779
1.468638 1.625616
-0.2769307 0.559493
0.3835247 2.461664
-0.2680687 1.164076
0.06028337 0.4427654
-0.4781169 1.337334
0.6055575 0.2312699
1.506397 0.7798834
1.401858 2.189884
0.8464073 1.50681
1.479601 0.8626623
2.194705 0.4807377
1.994575 0.1449446
1.325554 3.310874
3.252262 1.386553
-0.3468936 0.07797313
0.2386032 1.778625
2.434634 0.6941707
-0.6963218 0.585412
2.453688 0.8221006
0.2777036 -1.117865
0.7172001 1.426402
1.480687 2.276112
0.9149651 1.584261
0.3364597 1.853655
1.149792 0.2727186
0.9570664 0.4866495
0.4700081 1.912448
