1.383798 1.53497
-0.138465 1.560822
-1.227201 1.587774
0.4961887 -0.3730972
-0.07926254 1.336919
1.466284 -1.904034
1.234583 -0.264548
-0.686767 0.3388873
0.1973953 0.6973287
2.499496 1.926371
0.4570925 0.6384886
0.7151394 0.9046885
1.489388 -0.1069061
1.833135 1.041913
1.689795 0.1889922
1.276238 2.096698
0.8682858 -0.05417551
1.547185 1.828191
0.4304776 0.08513822
-1.182142 0.266161
1.315927 0.5493928
-0.01937537 0.992475
0.926524 0.2265344
1.685859 2.851374
0.884107 1.677994
0.2483032 1.914683
0.1466392 3.407478
0.2062312 -0.6844777
1.514224 1.254069
0.6337342 1.41883
-0.002827364 0.1340699
-0.6409943 0.6660199
1.59801 2.380063
0.9270221 0.3350304
1.147894 0.1745635
0.9422442 0.9733842
3.140554 0.4047189
0.3564861 -0.003493965
2.118441 0.2967125
-0.01167366 0.4251567
0.07885071 -0.2334102
2.530986 2.089466
1.840411 1.496955
0.8247699 -0.3672356
0.9375456 3.087158
0.5116889 1.13637
0.1901774 1.100567
1.769405 0.4860398
2.173444 0.5618123
1.321014 -0.701655
0.6446033 -0.1760136
-0.8209716 -0.0169108
0.9175501 2.119322
-1.594014 -0.1801243
2.570896 0.8081215
1.068526 0.9437446
1.483669 1.806747
1.826047 1.13818
0.2239077 -0.7021012
0.7313112 1.846424
2.0718 -0.4958248
0.7471615 0.6557619
-0.2912251 1.994004
0.4561455 1.12594
0.4567054 -0.01373455
0.366401 1.616907
1.380641 2.914838
-0.2843386 1.236415
-0.08132414 0.5110189
1.725381 -0.08915485
0.9774857 0.5597135
1.458554 2.137094
0.9422449 1.103459
0.90888 1.010474
-1.248479 -0.4037308
2.388008 1.728227
0.7444752 0.0811563
1.422425 -0.4550666
1.826091 2.735314
2.263931 2.62295
1.986281 0.1338482
2.604768 0.4938005
3.182756 1.619257
2.53928 -0.02802231
1.648291 -0.08889077
1.718881 -0.68684
0.3858055 1.612558
-1.954202 -0.3922545
1.543032 1.522415
0.8878669 0.1563768
0.8805452 0.01894765
-0.4970283 1.112444
0.5245739 0.7004867
1.514266 1.216749
0.671666 0.9664274
0.2146526 0.718203
1.896815 2.578103
2.887061 0.9756383
-0.8165142 1.084458
1.787263 1.650942
