0.02476629 0.05215279
2.401649 1.25819
0.4509964 1.19617
2.605129 0.1550922
0.9936092 1.032744
0.6778528 3.03374
-0.3873091 2.368543
2.77997 1.16541
0.7074267 -0.2799975
0.3916607 0.02562519
0.9106805 0.04877422
1.392118 0.9621156
3.361194 1.359016
1.427372 0.1200594
0.05393187 -1.642659
0.9546432 -1.175614
-0.7143094 1.288474
1.001956 -0.2273154
0.8501102 0.2641622
-0.1603676 1.295205
0.591004 0.9916053
0.4222964 0.9502905
0.5384752 1.468928
1.218575 2.862321
1.00539 1.496279
1.080642 0.2316179
2.207417 2.160897
0.4365125 0.250777
0.2821907 -1.007517
2.746393 2.411699
1.099022 1.364251
1.759567 0.7778537
0.5730985 1.771855
2.826777 -0.8011457
-0.704937 1.891043
0.9923905 -0.07706472
2.619056 1.177636
1.641922 0.5923812
2.072291 1.850828
-0.1258501 0.6025449
2.538471 0.8707546
0.2841697 -0.79845
1.838281 -0.01466539
1.05167 0.2497064
0.2266441 1.078779
0.9917084 1.629374
2.618104 1.550916
1.313769 1.091972
0.1405572 2.252665
2.713531 2.160725
2.494761 2.538687
0.5649708 -0.3226023
0.1677962 -0.7207697
2.363717 -0.1443351
0.8775748 2.219505
0.6265847 1.269411
-0.1710821 0.7921788
-0.9356943 2.018921
0.7658521 -0.08909309
0.2689075 1.606118
2.844034 0.9945312
0.4848527 1.803944
0.04139817 1.392141
1.637221 0.6608171
0.4147249 1.656202
0.8740703 2.197068
1.283102 0.53478
1.313058 1.34771
0.2549805 1.858344
1.818908 0.7879157
2.837019 1.923452
0.1175562 1.068758
2.287898 1.271428
0.9467314 1.1158
1.017525 0.4999448
1.178938 3.176489
2.577702 1.983861
-1.113447 2.52716
1.34383 0.4990621
-0.7638543 1.886113
1.028175 2.079546
1.916889 3.707358
-0.5736589 1.158069
0.5895299 0.3579091
2.793992 1.1634
1.500275 0.08847126
0.791065 -0.6659675
0.3828361 -1.207752
1.050475 -0.307242
1.155503 0.6345104
1.186289 1.665059
0.9819203 0.6121737
0.2255819 0.4119324
-0.04671451 1.593873
0.3521244 -0.9051193
2.694551 2.669996
1.426377 1.312679
2.467676 -0.887699
0.1832337 2.328417
1.613282 -0.02411594
