-0.085785 0.4934578
1.383443 1.106012
1.573252 -0.4174977
0.004838931 0.5399285
1.76805 0.9528925
0.1413902 0.3739095
2.076747 2.875849
-0.1830409 0.7568711
0.8846984 0.9946711
1.548975 1.683035
0.4390052 2.301853
0.3299566 -0.2061201
0.3631915 0.7814634
0.7759393 1.112992
0.2409394 0.8990489
2.011451 0.8101051
1.680177 -0.814096
1.301637 0.07473755
0.4721002 1.312582
2.848911 -0.2631504
2.614491 0.7869439
0.03420478 0.6861948
0.2510098 0.8985855
0.4835778 1.231932
0.9151391 0.940931
1.772427 -0.239775
1.199429 -0.1781398
1.311836 0.6246101
1.870052 -0.08593698
3.677224 0.7717303
0.004702487 1.232588
0.04445429 0.1371788
1.7013 0.8804284
1.040388 -1.224596
1.051152 0.8005681
1.01714 0.60839
1.149328 0.06343293
-0.5673969 -0.2584961
2.089361 1.918189
0.8236742 0.1275185
-0.7392918 1.548478
2.013628 0.1608773
2.054322 1.441424
1.044824 2.231477
0.1946126 0.8973695
1.036928 0.2535621
1.508858 0.3262491
1.249518 1.190896
1.631991 -1.543602
0.5552766 1.791498
1.092561 1.830037
0.01571031 0.2413922
1.711211 1.520519
2.507393 1.713544
2.14872 2.590823
2.157929 -0.2521134
0.9713885 0.4112218
1.402313 2.654539
0.8927027 1.638984
0.7949259 -0.1075115
1.434227 0.6248133
1.633916 0.9230054
2.035612 -0.02239794
0.2500013 1.122256
2.783911 2.61605
1.113602 -0.1244984
0.277057 0.6175216
-0.2436671 0.2720338
-1.223052 1.194224
0.7718097 1.32164
0.5362773 1.489627
0.6308524 0.05894323
-0.7001569 -0.6121903
0.863466 2.095191
0.2409094 0.7102514
0.7596874 0.182956
1.354875 1.435966
-0.0756721 0.1517489
1.651045 1.145457
0.1065531 -2.248498
-0.6365134 0.8837222
0.2538542 2.103702
1.886754 -0.4875959
1.056794 0.3959792
1.001202 -0.4024845
1.332226 0.04073274
2.111759 0.3148289
1.194825 0.8096104
0.8344707 -0.434093
1.876963 1.460821
0.8731754 1.432091
2.167983 1.406205
0.6354996 0.840014
0.2619111 0.1268517
1.909492 -0.6137778
2.116382 1.22146
1.899488 0.8925975
0.6258256 -0.2102787
0.08244043 -0.1719401
0.6507925 1.024689
