0.7480338 1.648689
0.4646111 0.2765571
0.1405327 1.245568
1.762316 1.862001
0.4461517 1.949975
0.2651398 0.8310488
0.06497366 1.580148
1.14579 1.613017
3.305013 0.4258064
1.795304 -0.1960768
1.192255 0.9774742
0.7435426 -0.2227913
1.577262 -0.9271252
3.206351 1.412324
2.39686 -0.8638873
1.997687 1.213973
0.1894944 0.1565883
1.299749 2.491326
-0.8656596 -0.9703891
1.509875 1.768831
1.632995 -0.3539014
1.949943 1.95073
0.9899914 0.8297701
0.2192603 1.563035
0.05945111 -1.008415
-0.4009213 0.2476071
-0.9148845 0.9317275
3.764675 1.859394
1.115209 0.6940016
0.6979705 0.6188022
2.360975 1.387136
0.9195143 -0.1929939
2.252024 0.7028541
1.819407 2.205693
1.451223 3.445099
1.212296 0.09180063
0.01721453 0.6929759
1.840785 0.7651416
2.246441 1.071026
0.1836857 1.002675
0.2863076 1.857738
1.257678 0.7016967
1.000981 -0.4541866
2.525149 0.267444
-0.1435667 2.02394
2.433847 0.4925327
1.155668 -1.653299
1.227216 -0.1664667
0.1757388 2.610336
1.012335 0.06123072
0.5299701 0.9865435
1.869248 -0.5281656
0.4642083 0.6380179
0.8739277 -0.08512342
0.5503007 0.6554108
0.03680174 1.652841
0.5381622 -0.2960418
-0.7871279 -0.08686472
-0.1203138 0.1260868
0.09164261 0.416797
0.2113883 -0.5495789
1.450128 1.067014
-1.012148 0.4018983
1.849072 2.81059
1.814963 2.053044
3.955223 1.664564
2.975436 1.596916
0.3150465 0.6587469
0.4065252 -0.2700558
-0.2844803 1.668529
0.3430204 0.148322
1.553889 0.4322977
0.7649476 0.7554896
1.663485 0.265825
2.980217 0.2185179
0.1065104 2.548054
-0.7591127 -0.1249767
1.681621 1.137659
-0.2219188 1.342448
1.541369 0.5406786
1.389712 -0.176678
1.490713 0.9190742
-0.4609837 1.363158
2.349629 0.8920925
0.726561 1.017969
0.7634723 0.2734091
3.829936 -0.3310267
2.065298 0.1894206
-0.9246935 0.6322836
0.3801192 0.405571
0.165778 0.3781194
0.8127087 -0.2462583
1.340979 1.297924
1.339767 1.21337
1.058786 0.8824091
2.92628 -0.5134579
1.464746 1.049072
1.29695 -0.5858854
1.153536 2.64962
0.7519823 2.566414
