1.384779 0.7119939
1.155943 0.006316773
0.2002986 -1.781934
1.624704 2.187794
1.319855 0.8786799
1.345475 1.683604
0.2232035 1.360652
0.09233764 -1.270258
1.50967 0.3561445
1.802623 0.4782977
0.7599691 0.5818795
1.314687 3.161407
-0.6563844 1.701471
1.484625 -0.5157531
0.6804391 0.2716535
0.1059859 0.8696949
1.483529 1.245697
2.794073 1.343975
1.442063 0.8645085
0.4698108 0.8799238
1.659475 -0.05020169
-0.08978122 0.52265
1.781947 1.135017
2.06846 -0.121628
0.5874108 2.552661
0.2822209 0.08197412
0.519712 0.1553823
-0.2709274 0.8603874
-0.5757962 0.763743
0.5711491 -1.549514
1.062203 0.7092697
1.747406 -0.8013489
-0.2522502 0.4837541
0.3360056 -0.8879266
0.9631616 1.161321
0.08330146 -0.8938037
1.430613 0.01181801
-0.7434455 0.1126712
0.2914355 2.121609
1.031597 0.0971706
2.456071 0.6147093
-0.2892627 0.4018977
0.4729228 0.4412425
-0.0325677 1.395571
1.325554 1.212923
0.3633187 0.42972
2.415721 0.298446
-1.954334 0.7764204
1.678028 3.127605
0.4962746 0.3269878
3.269517 0.6049627
1.936021 -0.07441113
1.913338 2.046692
2.792105 1.2014
1.210957 -0.5149804
2.455935 0.9464286
0.6513564 1.333212
-0.2428074 2.88069
-0.173635 1.782465
1.392329 0.08092179
-0.6463468 0.1675234
1.738377 1.979539
2.451357 -0.2373992
0.4698173 -0.04443552
1.798725 0.6942449
0.2888425 1.276279
1.473757 -0.3385562
1.383881 0.3901853
-0.7964212 1.907665
-0.6500842 0.4942762
3.372596 0.5734575
2.407864 -0.5740906
1.797371 1.342815
1.08566 0.03680727
1.104665 0.6083217
0.8260705 1.946506
2.05501 0.8694489
0.3071961 1.300518
1.083481 -0.004327179
0.134559 -0.1530369
1.441724 -0.25866
1.296972 2.168522
1.870061 -0.4463726
2.610027 0.3169416
1.948729 0.2560575
0.2493783 0.443822
1.852425 0.8232482
1.18517 3.333633
1.177135 1.377907
1.12657 0.7121275
0.6302904 1.76409
1.411331 0.5576956
0.8023357 0.6194308
1.88445 1.583697
1.773595 1.246997
2.101403 0.8185161
0.2016549 0.862465
0.444829 1.310166
1.785144 -1.618135
-0.05124086 0.8317635
