-0.3249026 0.9033977
-0.7041746 -0.2085136
2.963137 0.9126459
1.278618 0.417403
2.01054 1.118466
0.2664207 0.8286578
2.668735 1.544767
0.4082015 2.112555
-0.5800833 -1.103667
-0.07563075 0.2369241
0.8338815 1.021418
1.966054 -0.176307
2.881637 3.023481
-0.04220525 0.09659155
2.245662 1.823438
0.7272061 -0.2377463
2.911377 0.84859
0.1874725 0.04105281
0.395551 -0.3334611
1.288068 0.5799868
0.5119363 0.3657333
1.668519 0.6463043
-0.5629359 1.933996
1.067936 2.448169
-0.2976308 2.377156
-1.237728 0.7859044
1.523249 2.864314
1.055318 0.03930942
2.779397 -0.005462769
2.264716 0.06740026
0.2482163 0.1490252
1.707495 -0.7276023
1.340404 0.8481781
0.1936632 0.04317523
0.3860786 1.59554
0.837523 -0.2330293
1.761888 2.065571
0.9355371 0.1031736
0.5945026 1.590691
0.7379176 1.429392
0.264309 2.091921
1.227553 1.673243
1.171701 0.6941749
2.127848 1.030725
0.8652487 2.6285
1.780828 -0.2540252
1.413506 1.590546
2.052032 -0.5387831
1.676 0.3367252
1.302557 0.8139148
1.353109 2.694232
0.6223387 0.2032684
1.156042 0.003194433
1.512643 1.538261
0.1538081 -0.4510559
-0.1391833 0.8392263
0.5711488 2.130114
0.5228212 1.381478
2.049606 1.457964
-1.080185 -1.063714
1.614872 1.286647
1.567087 0.6593994
0.9817686 0.9316499
0.8478142 -0.3958602
2.197227 0.1168384
0.3994842 1.685301
1.80986 0.01557301
1.049004 1.198714
2.198149 2.278189
1.1446 1.566092
0.5786471 2.059317
0.2366073 1.779444
2.925112 0.9715812
1.254728 1.953085
0.8941518 1.462533
2.178814 -0.5283153
1.574195 1.624613
1.440003 1.052176
2.770889 -0.005449724
1.588027 0.9647422
0.03324326 1.307611
0.4742774 0.7630484
1.513175 0.8846374
0.9148438 1.018481
-0.2050877 -0.02883317
1.05909 0.8949487
1.444295 1.937276
-0.2714795 0.302964
2.69188 1.490497
0.4761963 -0.7784922
1.383347 -0.5839247
2.397351 1.177844
2.163941 1.703645
-0.5027984 0.9297599
1.389632 0.8864349
1.624825 -0.6060877
2.30119 1.344707
1.578805 2.657196
1.985386 1.060001
2.169498 -0.4511546
