-0.7890014 0.2154912
1.448169 1.383897
1.156315 1.72717
1.247612 1.048303
1.289496 1.14011
0.8774617 -0.386667
0.7442744 1.743702
-0.2341283 0.8897075
0.3096609 0.7016482
1.872437 0.5137012
0.7263111 1.888384
2.342194 0.01195629
0.005180234 1.967401
-1.423084 1.714253
1.156104 0.8573987
1.552136 3.344694
0.2137173 0.5628913
0.7975279 2.074198
2.277677 -0.5768543
0.4929421 1.894115
1.361803 0.5422368
1.60588 0.3824326
0.8861136 0.409604
1.285831 1.621286
0.08862143 0.01126447
0.8003364 0.8043645
-0.008640251 1.551937
2.036454 0.1112518
-0.1636552 0.1998193
2.551603 1.185207
2.056837 0.8372692
1.123011 -0.1756224
2.193788 1.665109
1.243153 -0.4977311
-2.394633 -0.1096166
0.9953096 2.676823
1.799926 0.2889453
1.597062 0.602152
0.5450283 -0.7738537
3.402216 -0.3110655
0.1978634 -0.3618189
0.59024 2.744273
1.354855 -0.005948857
0.9794246 0.1639855
-0.06914041 0.7490466
1.916614 -0.8122282
-0.02804161 1.666583
0.5165121 -0.2016292
0.1765831 2.456746
4.092512 -0.6290957
0.7661489 1.401752
0.7246956 0.727232
-0.1127752 0.0570248
2.083737 0.2056375
0.2732896 1.728324
1.222227 -1.236836
1.650244 0.4090828
1.456621 0.5402687
1.248119 0.1086687
0.2305518 1.597465
-0.7994174 1.468909
1.165973 -0.6777557
0.9957445 0.3622914
-0.5581061 -0.1649645
2.148259 2.530261
0.6560169 -0.4055612
0.663589 0.3396032
1.485188 1.6016
2.695575 1.776108
1.78393 1.266774
1.603929 -0.3018796
1.280197 -0.09372323
2.854379 1.65602
0.2939502 0.1435742
1.638074 0.4817467
0.08751572 2.043019
1.379417 0.8517928
1.055837 1.475313
0.2673592 -0.1483158
0.616973 -0.1748347
-0.06894484 0.5421936
2.342598 1.164065
1.272251 1.415652
1.487087 -0.04474302
0.5597917 0.854225
0.6757768 0.2625117
0.3692097 -0.3456141
0.8457532 -0.5627252
1.357632 2.129496
1.733866 0.6506246
-0.003172826 1.849444
0.4926422 -0.05840831
-0.05688863 3.216002
1.377069 1.915895
1.868755 1.047617
-0.1346748 1.067676
-1.576522 1.141769
2.363902 0.5405991
0.5259896 0.4457874
0.970328 0.6499943
