0.1356598 0.900931
1.829394 -0.3955137
0.5479258 1.184079
1.519807 1.596061
3.132312 1.143578
0.06375927 -0.3305693
3.410588 2.276436
0.6859987 0.3269393
0.8780836 -0.3216741
0.5340201 0.1485143
0.2771356 1.919745
1.664478 0.6447994
0.2674457 0.7706096
1.200288 1.134466
1.352699 -0.8493588
0.4975727 0.04833094
-0.1888534 -0.4600327
1.514189 0.8632774
-0.2776015 2.579108
-1.095122 1.364211
1.033836 0.6840212
0.5336784 1.220397
1.051405 0.5798562
2.346078 2.350191
0.1336744 1.778343
2.497308 2.455293
-0.1998963 1.663729
0.05189649 -0.07729023
0.2269506 1.033347
0.2706499 -0.1268042
-1.220457 -0.4632344
1.212833 0.8310292
0.1151983 -0.01207092
-0.7924047 -0.181819
-0.0727901 -1.394778
3.477494 0.002265188
2.905311 2.020785
1.071812 -0.09293819
2.350423 -0.09351396
1.44899 2.006702
2.056381 0.5225042
-0.07456466 -1.136646
-0.2168326 2.308096
0.912994 0.0633508
0.8841511 0.4589648
1.171192 -0.3269429
1.810423 2.27668
1.378453 0.8377949
0.646947 0.1363611
1.462352 -0.4973759
2.585247 1.042059
0.7930258 -1.151852
0.3523739 1.570951
0.6709985 -0.4825895
-0.02284349 2.82225
0.8029226 2.562572
0.7017485 2.341701
-0.02625492 1.242186
0.7694808 1.111282
1.419092 1.845703
0.3905712 2.229933
0.1529384 0.8718202
1.280318 0.910482
-0.3308179 -0.02631196
1.059101 -0.8843915
0.3583936 0.006131116
1.527798 1.778349
2.570074 0.7578583
-0.115227 0.9132729
0.8574363 0.4466152
1.363232 0.2595761
-0.390168 0.6483248
1.667944 -0.2317935
1.030931 0.4539594
1.657458 0.8644506
-0.2560508 0.4604527
-0.4065203 0.4007669
0.6109799 1.297144
1.690404 0.198584
1.380417 -0.2800747
-0.4628303 -0.2820134
1.523932 0.9708239
-0.2979762 0.4267124
1.325528 -0.5360278
3.117884 -0.5865631
1.75389 1.160066
1.615039 -0.193119
0.4831218 1.431934
0.7317729 0.06707833
2.317838 1.678964
-0.0198727 2.012827
0.5514443 1.057502
0.4910699 2.412018
2.125974 1.285851
1.680569 -0.04089566
0.2875729 1.126583
0.6256138 1.095035
1.666339 0.6178145
0.7367858 1.282895
-0.9178126 -0.2396222
