1.429266 0.2923724
1.353067 -1.418985
-0.8815489 -0.2560817
-1.348087 0.4790827
0.4920216 -0.4210404
-0.4659167 0.885019
2.536034 1.588992
-0.3644006 0.8241574
1.361287 -1.093709
2.617124 1.618398
0.8627973 0.6194404
1.316586 3.365353
0.5527299 1.675106
-0.02692033 0.5565416
0.7745249 1.576218
2.659242 0.6359741
1.079323 2.126125
0.4757579 1.113514
3.096969 2.726125
1.106595 -0.6795919
1.537459 -0.2874895
-1.015682 0.9907595
0.007094176 -0.04516972
3.219741 0.7976343
1.449568 -0.4160699
-1.083109 -0.1011259
0.9149441 1.145995
0.8037048 1.613521
1.128569 0.2580844
1.181294 0.4539967
0.6111322 3.63139
0.2240072 1.673131
-0.8304864 1.58242
-0.3523742 2.001483
1.366016 0.1057933
2.462473 1.896968
0.2072323 1.811832
1.119133 1.490709
-0.1954624 1.79452
0.7828339 1.767641
2.048155 -0.470662
2.107694 0.7088988
0.9917205 1.051383
-0.0724866 0.3566622
0.3508019 1.291876
0.5781123 1.884987
2.151096 0.04283795
-0.1217609 0.5660871
-0.3122697 0.3276148
2.874973 0.08782759
-0.1662894 0.7489854
-0.7345162 0.963445
1.46288 0.906202
-0.02887831 1.525989
0.8427521 -0.1878721
1.110114 -0.2368095
3.198152 1.317348
1.347342 0.9210421
0.1732161 0.3293136
0.09655488 1.242516
1.080606 0.6287453
0.315892 1.910765
0.8250888 0.1557135
-0.01502405 1.071072
0.8443996 1.122241
-0.4927349 1.317272
0.6899908 1.547739
0.2330247 2.269602
1.842769 0.6850608
-0.0928914 -0.333694
0.4435028 -0.3925447
0.4819616 0.6633628
0.5961077 0.3955341
0.9444189 1.869583
-1.248638 1.071111
2.392167 1.137225
2.225259 0.2490194
-0.2621837 0.8302222
0.4051095 1.553082
0.3802986 1.592226
1.242174 -0.05704974
1.598172 -1.513497
2.97134 -0.7916498
0.6571115 1.296216
-0.6608693 1.72272
-0.3831286 -0.985872
1.823526 -0.4569158
0.5446586 0.9958804
0.7400476 0.2108587
1.651305 1.125084
2.524132 0.7688726
-0.8700401 2.132514
4.056043 1.274077
-0.2182907 0.2793963
0.8496887 -1.165987
0.1098225 2.535749
2.077093 1.333232
0.9930283 1.704105
0.5158643 1.135925
0.08198867 0.04492769
