0.7866422 0.1884787
-0.4040845 0.1210349
1.790442 1.360934
0.8674122 2.256671
1.336227 0.7246328
1.246411 0.6866385
2.505484 -0.3768387
0.6489758 1.875802
-0.6496337 0.6840881
1.582937 -0.996422
2.157735 2.706227
0.9938143 0.04598897
2.891734 1.235157
1.127003 0.2261966
0.5805519 -1.23767
0.5107428 -1.639429
2.049729 1.277778
0.7914871 1.549618
0.9685504 1.202616
0.1020164 -0.03879215
0.6052963 -0.389417
1.068508 1.35191
2.147325 -0.4819288
2.195226 1.595275
0.9127139 0.8863701
0.05694477 2.15554
0.04366318 0.3856832
1.748155 1.157533
2.015329 1.458985
0.6059326 0.7180348
-0.03059482 2.258151
0.5036631 1.570143
1.685734 1.306329
0.08052836 0.4714073
1.073638 0.1326592
0.8013992 -1.673473
-0.670069 -0.1057407
-0.4845632 1.019082
0.6275261 0.3635038
0.5746954 0.728075
0.7662812 0.8722019
1.175879 1.454439
0.009797421 0.6586566
1.847218 1.220309
2.42957 0.223529
1.465904 -0.9934315
-1.29274 -0.1057284
1.742642 1.092769
0.9769869 1.405858
0.8651331 1.454002
1.047425 -0.784543
1.605928 0.7028651
1.356174 2.5963
1.090378 0.7854491
3.139357 1.102366
0.8466184 0.1429693
1.083804 2.767518
0.3876171 1.736035
2.476132 3.271972
1.860597 1.424508
2.461813 2.051639
0.1535694 0.6623211
0.6094312 1.208583
2.102675 0.7839513
0.1806678 0.0725527
2.893182 2.431165
0.8923154 2.741939
0.1224121 2.643053
2.328455 0.9830963
-0.9795364 3.68482
-0.5997223 2.215491
2.061384 0.9173325
0.3565874 0.6160138
-0.02469129 1.007943
2.435063 2.437586
1.051913 1.130399
0.2017201 -0.4811089
-0.1077189 1.324765
-0.001270805 2.448108
0.4509065 0.6744943
-0.7695208 -0.872085
1.591046 0.6248351
-1.201747 -1.002499
1.109455 -0.476557
0.1316528 0.8093817
-0.03384268 -0.5345063
2.40727 0.07313384
0.1701963 2.326021
0.1622347 -0.3378999
0.5341018 -0.3119805
0.9871028 1.964313
1.218563 0.4856957
2.444029 -0.5589226
2.279317 1.489325
1.915506 1.387553
1.809315 0.8210211
1.530299 1.251751
-0.08453009 -2.00669
-0.4261175 -0.6488209
-1.085312 1.03813
