-0.7368721 1.602941
-0.3328258 2.720349
-0.1216399 1.132632
1.962115 -1.519846
-0.1827671 0.6155308
0.9530081 -1.379599
-0.706083 1.754658
1.39294 1.017832
1.213875 0.6795607
1.935968 1.110171
2.004848 1.015613
0.6543597 0.1719716
0.3085132 -0.1231623
0.4131522 0.4716565
2.666383 2.858413
0.7872353 0.3174169
1.398034 1.462498
1.435327 0.2227365
-0.2667985 -0.1092252
1.275716 0.5106896
0.4828651 0.9233101
2.104349 0.6069866
1.854123 0.8389609
2.735024 -0.6267477
0.286424 0.8981826
-0.2625061 0.3836941
-0.9503316 0.5509089
-0.1527287 1.037732
-0.7940394 1.391683
1.784041 1.145944
-0.1433651 0.06661575
1.830221 1.24192
1.787859 1.407661
1.81351 -0.294221
-0.2840757 0.06350568
2.420756 -0.3427414
1.135494 -0.3970586
0.9744738 2.555435
2.092202 1.807915
0.1596914 1.242903
-0.1397286 2.772442
-0.955849 1.501387
0.5784766 0.3390703
1.729408 0.9494054
0.8905698 1.256188
1.412987 -0.522734
0.7223431 0.5379779
1.318703 0.4843211
1.803315 0.6831476
0.2719158 0.6708023
0.426057 0.7530178
0.1785487 1.58201
1.396532 -0.7752771
0.8969757 1.678157
0.7879059 0.8976899
3.433159 1.234361
1.516357 1.110961
1.045462 0.3892067
-0.4011825 1.60738
0.4555656 0.03187107
1.322225 -1.411458
1.573294 0.9822912
1.968793 0.8430021
0.5364595 1.103985
0.2305913 -0.7135798
2.438478 2.060731
2.636583 1.377912
0.0100684 1.442376
1.770668 1.085074
1.061427 -0.57751
0.9164016 0.7375069
1.653119 -0.1642658
1.93677 -0.4339379
1.166085 1.1532
0.7157422 2.358028
3.130095 0.2676449
-1.067246 0.6214356
-0.06875123 1.64167
0.9388248 -0.2851601
0.6623307 1.488676
0.3495706 1.514284
0.6220669 -0.1572176
1.283992 1.578858
1.213493 -0.8495437
0.1234415 -1.03497
1.048534 1.589278
0.7904059 -1.083223
1.556642 0.1816173
1.818183 -0.3353398
0.7782645 0.7705741
1.711458 2.136865
2.588014 1.885408
-0.2903179 -0.04318142
-0.1263317 1.342049
2.558178 1.141443
2.156397 1.517946
1.115412 1.553799
0.3767611 1.192949
0.2750945 1.510513
0.6304636 0.004973973
