1.057968 2.112468
2.31536 0.4339889
0.06132582 1.669609
-0.8131395 -1.196267
1.783036 -0.7576628
1.571254 3.36117
1.69482 1.515329
1.102471 2.474383
0.06197689 1.583775
0.611298 1.342958
0.2021862 1.831128
1.327854 1.820862
1.316641 1.954232
3.235919 -1.17335
0.5402789 0.08048795
0.5375426 0.69262
1.79233 -0.1214276
0.9902029 2.657932
1.34559 1.568107
1.507856 1.11411
0.8274561 1.764767
0.3632785 1.744584
0.573094 1.235454
1.992404 0.4507492
0.6330377 1.555649
0.6349239 0.1352179
2.825829 -0.4177524
1.863551 1.6669
2.59664 1.253161
1.363289 1.811336
1.916689 2.657229
1.079138 2.048107
0.4691382 0.9261912
0.8128528 0.5840397
-0.746534 1.150437
1.09914 1.205073
1.605627 1.690018
1.297774 0.9878439
-0.1914632 0.3335511
0.5403191 0.2870803
1.203166 0.2703212
2.723543 -0.08312398
0.470114 1.234184
1.28209 -0.2627269
2.462093 0.5914728
2.417036 0.6780816
1.791059 0.6259667
2.244549 0.6992675
0.4149827 0.1445624
2.006799 0.5737679
-0.2922719 2.633451
0.5526799 2.147506
1.593289 -0.1924922
0.4077061 4.172749
1.521686 0.9027366
-0.2212551 1.294125
1.036253 0.5182906
0.6284901 0.6512141
-0.1933391 2.408587
0.5248892 0.5368994
1.285708 1.515433
2.910629 0.07585401
-0.1586355 -0.672547
1.324794 1.971265
-0.3212383 2.187448
0.6391082 0.8664153
1.730768 0.09348902
0.2524382 1.676165
1.366018 1.529316
1.855085 0.5977221
-0.4050826 0.3860886
0.19063 -0.9349043
0.1180032 -0.2895434
1.775998 1.733501
2.038948 -0.2028144
-0.5594324 1.146426
-0.2010088 1.372911
0.8569705 1.078157
-1.134728 -0.4130987
0.3890944 0.3519835
0.7433366 0.7721628
-0.3943528 -0.3795359
0.7751008 1.678233
1.46101 -1.10568
0.667692 1.688444
1.33238 1.108867
1.101063 0.7918653
0.3700816 1.74055
0.5624617 0.06719015
1.298059 2.22638
-0.006761734 0.2882394
1.399525 0.0147647
1.197793 0.3774308
1.579303 -0.1448846
0.1783607 0.8266257
-0.587619 -0.262378
-0.2660568 0.0630657
2.02918 1.893135
0.9365754 0.09115072
0.3433055 1.155477
