0.9056544 2.835966
-0.5081739 0.02479407
1.571942 1.143033
0.6047497 0.9225903
1.588404 1.255559
0.4807441 0.002946738
0.2024903 0.01010974
0.4218806 -0.368116
1.052044 2.138485
2.636602 1.758722
1.146388 1.588546
-0.312427 0.7081666
0.9747097 0.9891918
2.288983 1.779569
1.189442 0.4078846
1.106155 0.9920826
0.7010103 2.16204
0.1805945 2.941754
1.632019 -0.5854795
0.8307683 0.6349525
1.579346 0.3802589
0.8030838 -0.1278805
0.6699896 2.265032
0.9884997 0.834326
-0.1606356 0.07418732
0.4374574 0.5139685
2.139687 0.3393046
-0.2790981 -0.5745296
0.6900666 -0.7972289
-0.4694123 0.1796095
1.975308 0.1427724
1.619304 0.7164448
0.3540241 0.7268638
0.9000364 1.794542
2.717715 -1.297305
1.445259 0.4511441
1.688255 0.1685776
1.29835 1.676323
2.463374 0.764238
0.373191 1.674951
1.411447 1.003691
0.955275 2.231369
0.133384 0.838265
0.2782956 2.773993
-0.4486831 0.7329848
-0.5576763 0.2309531
2.459155 -0.7982201
0.8852772 1.517179
1.3795 1.193872
0.8349017 0.9645831
0.5249236 0.1390317
1.117042 -0.6858057
0.1967562 1.655481
2.214131 -0.3482995
1.343903 0.201519
1.382209 0.154001
-0.662485 0.7889847
0.5592911 1.716325
1.240474 -0.3044312
1.979614 0.6904705
0.7181241 0.3244714
1.821723 -0.3844872
1.02362 -1.041832
1.071311 1.745334
0.137462 0.6270149
1.848902 -1.215894
1.982545 0.4440263
0.856274 0.05326889
-0.8819914 1.102923
1.65133 0.6639521
2.739978 0.9003505
3.234063 -0.5033616
1.027376 1.411181
1.165538 0.8852662
0.9761611 0.8706334
1.272702 -1.165876
0.6245093 1.007645
1.141223 1.665664
2.049376 1.011317
-0.05803054 2.905827
0.6285914 1.332188
0.597024 2.22698
1.180418 1.982144
1.876061 0.4465604
0.7727025 1.323116
-0.3086239 -0.6772127
1.44468 1.511563
0.1882788 1.419739
0.9261515 0.9955192
0.3536138 1.814236
0.3479858 1.187947
2.769085 -0.5445844
0.450699 1.814995
1.372764 0.9168593
2.572208 1.811981
2.193187 -0.588448
0.3299203 0.7030134
0.9007203 0.7803013
0.8586491 0.1062242
0.5483181 0.2314757
