0.1633554 1.808871
-0.1600988 2.524445
2.007319 -0.04794236
-1.548039 0.7999209
-0.03090219 1.973929
1.787411 1.337033
1.238541 0.3659732
1.515037 1.347025
1.169068 -0.23552
0.9913852 1.289086
0.7022702 0.9027928
1.125236 1.586042
-0.1093214 0.1196939
0.5884467 1.418546
1.351021 0.1912108
1.168354 1.486803
2.660909 0.7520028
4.245375 -0.09192176
-0.3212808 1.796889
0.4505989 1.094043
2.065074 -0.9760891
2.874998 0.6244127
2.231934 0.8711131
1.368405 0.9084606
1.538328 1.920328
0.9131456 0.2894613
1.240506 0.1237943
0.2028177 0.08594289
1.98607 1.155755
0.395109 3.694064
1.022961 2.671891
0.6314314 -0.3767421
1.750919 0.4366404
2.397879 1.351139
-0.5097807 -0.3673622
-3.951907e-06 1.852999
2.315425 0.719115
1.442616 0.6777981
0.6508081 0.4462348
0.9692261 0.04419805
1.286246 -0.3849426
-0.4592756 -0.4925538
0.2832998 0.7325727
2.447175 0.6498122
0.6117773 0.1374341
0.6879622 1.871175
1.957893 1.113897
0.774109 0.3240468
1.923572 0.5994571
0.7922341 -0.570507
0.9058495 1.842442
0.278613 1.193969
-0.3665115 1.260677
1.334234 -0.3238208
-0.3587917 0.1777498
2.699513 0.107573
0.3017062 -0.4471637
1.219362 1.628874
1.166356 -0.4213897
1.905289 0.2470311
-0.2052236 0.4204012
2.177259 -0.1398641
-0.5083779 -0.02180627
1.310028 1.337022
3.188001 0.1487727
2.620284 1.108206
0.658541 1.318123
-0.09104087 1.98958
2.776133 0.3072996
1.478934 -0.6672383
1.394986 2.277272
1.760306 1.468776
-0.2201058 1.31865
0.9117113 0.6056157
2.471451 0.78748
0.3648271 2.335829
0.2321293 0.2642451
2.341037 1.172388
0.5893804 2.340436
1.876961 0.1378014
2.920566 1.00925
1.613431 1.060105
0.4418256 -1.365093
0.3507191 1.751145
-0.4606022 1.205321
0.2034596 3.052353
-0.5935346 1.451641
2.557981 2.161971
0.7359685 0.9718346
1.318707 -0.1336789
-0.4980768 0.646672
3.866156 1.074298
0.5252345 -0.01807765
0.660635 1.535334
0.5793109 1.428679
2.564821 1.347756
0.632705 1.353408
0.6570024 0.2933539
1.590806 -0.6020118
-0.1586604 1.27518
