-0.04329527 1.03714
2.514352 2.943343
-0.4560777 -0.5791125
0.3066328 1.225167
0.4023513 -0.3806098
2.72488 1.039772
1.48275 1.613758
1.321932 1.041818
2.04977 0.7334489
2.111438 2.594216
0.02497034 1.32027
1.540225 3.373644
0.5948217 -0.4851385
-0.152835 3.501592
0.1836753 1.056334
0.9400212 -0.2374428
2.875433 -0.968616
0.4360548 -0.3217985
-0.00586197 0.8121102
0.341073 2.785471
1.28332 -0.3531881
1.73008 0.9322043
2.184123 2.118024
-0.4800684 1.012304
1.808542 -0.214337
2.171842 0.8128124
-0.2271815 2.105663
0.7639543 -0.8054587
2.733771 2.281467
1.825329 1.820959
-1.209372 1.291461
2.046031 1.302945
0.01942792 0.8215456
1.667109 -0.1760615
1.461883 0.7800645
0.1478248 -0.5322899
-1.01111 -0.5899228
1.18785 1.613121
0.8986477 1.918513
-1.034819 1.921382
1.87945 0.9092219
1.815922 1.624975
1.187544 0.2316573
1.129211 1.039547
1.0707 0.3636037
0.6514436 0.4727258
1.795327 0.876923
1.10078 1.858269
1.130472 0.4620724
1.110834 -0.6757488
0.8306612 1.042173
2.198765 -0.1222097
1.260784 -0.538837
0.8119576 1.238875
0.5423136 0.6988766
0.3536273 2.107454
0.5581689 3.064559
-0.04012162 0.393611
0.5461071 1.68055
2.017207 1.452782
0.1506429 3.053356
0.9550481 0.9778189
3.145457 1.582195
1.420943 0.07665014
1.139657 -0.9560834
3.036731 0.8580036
0.5323779 1.321979
0.479551 -1.364268
2.171943 -0.8408496
1.39984 -0.2332699
0.5102984 1.547849
1.506172 2.426968
0.1976465 -0.2779943
2.479971 0.3997518
2.062936 0.1885589
3.121675 0.7833219
2.685848 -0.8187987
-0.2581669 1.422251
2.274432 1.460605
1.819952 0.4737067
-0.5680508 -0.6206152
0.3388652 0.03824075
0.02237084 -1.18916
-0.4458677 -0.1322634
0.5909191 1.816733
1.020546 1.903253
0.3250551 0.8182441
1.599594 1.808841
1.289612 1.773916
0.8333492 -0.6785709
0.5804735 -0.4113467
0.6360436 1.124252
1.261946 1.434159
0.8905344 0.7301785
0.8216589 0.6116005
1.602067 1.856468
1.680537 0.6499266
1.053146 0.3928008
0.703963 0.892085
2.451885 -0.01591924
