2.342859 -0.2277754
1.220543 0.6591196
2.595126 1.635941
-0.2499831 2.002058
1.303544 1.117454
0.8538956 -1.25676
0.4736654 0.481636
2.053644 1.505739
1.778858 0.6106101
0.4966857 1.931719
1.693062 0.5936774
0.3841671 0.9957882
0.6112619 0.3034613
0.03393663 0.4478916
1.584624 0.160629
0.3534095 2.973335
0.8687917 -0.7304941
0.6535086 1.810715
1.680099 -0.7723346
1.636784 0.7902069
1.293635 -0.5142896
1.091635 -1.40599
0.576874 1.803847
0.3023502 1.495633
2.465189 0.9743883
-0.8434181 1.627339
0.1178742 1.864786
1.392046 -0.2370949
1.517299 0.2483427
0.7458815 0.5329823
1.828687 0.709553
1.56311 1.269656
1.987512 -0.06517215
1.444696 1.198869
0.231476 0.7524033
0.7909437 1.842997
-0.1214242 1.72353
1.505591 0.01721555
0.8671623 -0.1499563
1.413113 0.07781334
0.8900974 1.486625
1.274732 1.373682
1.577289 1.07732
0.2433251 -0.2725298
3.07529 2.113189
1.676825 0.3245309
1.295971 0.5247434
0.7687753 0.08039635
0.9332101 1.713665
0.5529593 1.016696
0.8658109 -0.5713529
0.7717477 0.2027054
1.424224 -1.245085
0.478463 0.594181
0.8626232 0.4912761
1.394789 0.615203
2.412133 -0.9522397
0.4480604 0.7404936
-0.575436 1.88658
0.9723647 2.405396
-0.6942287 0.1369019
-0.08196379 1.148021
0.6991955 1.337249
1.750366 1.152419
0.3344017 -0.271451
1.712865 -0.6224289
0.3269275 1.572031
3.81343 0.7711437
2.747846 0.6454552
1.263345 -0.3215929
0.4319632 0.5609747
1.567764 0.7910793
2.523101 2.132175
1.510176 2.580183
2.060894 0.7482265
-0.08520041 -0.675075
0.09826551 0.7886306
0.3908047 1.656875
2.717563 0.8426298
0.4622853 -0.2785665
-0.3628838 1.840492
1.36326 0.01398163
0.9403244 1.40294
0.6090451 0.5351882
1.883292 2.52092
1.614699 0.3657133
1.425094 -1.130575
2.199283 -1.015362
1.004795 1.58989
-0.8725279 0.9653346
-1.363093 -0.5379139
-1.432739 1.797942
2.569641 2.533748
0.9712566 1.056892
0.689111 0.7147832
0.2875279 1.581208
1.083734 0.1951952
1.7926 1.216368
3.511314 1.596282
0.7859734 0.8287753
