1.398334 2.723107
2.107131 0.5919724
2.607302 1.174568
2.596169 2.191525
0.3612492 0.8108776
0.451897 1.551194
-1.276862 1.800171
0.5865351 0.9636215
-0.3084113 1.362003
0.1757285 -0.6115379
0.7050558 1.059986
0.69123 0.1916256
0.6186617 1.561043
2.189902 1.446188
0.9728819 0.4038827
1.70799 1.064287
1.192291 1.352262
0.3324877 -0.3359605
2.573974 0.3303691
1.744598 2.26366
2.913792 1.979331
-0.2510907 0.7526307
1.422185 1.362463
0.7334642 -0.04446268
1.574599 -0.1460522
0.2328535 0.3892603
0.8919383 0.5592937
0.8365783 0.7805162
-0.06815783 1.954326
0.5415213 0.7107371
1.718446 0.1785033
1.560436 0.4703093
-0.9298308 1.583867
-0.7442903 0.3424305
1.115604 0.4420277
1.479588 1.653639
0.03847495 0.7134251
-0.3808284 0.3216617
0.2375737 1.317007
-0.09900814 0.1212934
2.404157 1.271831
1.025796 -0.2417831
-0.7939489 1.319328
-0.07345318 1.06821
-1.719626 -0.235747
1.922754 -0.0772569
-1.477613 0.6140415
0.5886048 1.260965
1.354503 0.9582524
2.281178 -0.591938
1.214168 1.714959
3.886121 0.4707851
0.7472236 1.670777
1.637345 0.6932415
0.4690926 -1.239038
2.751022 2.802952
1.366634 1.37394
2.150046 0.7664835
-0.7246311 0.09807074
-1.338134 1.551464
3.229337 2.157315
0.408381 0.8080568
1.986659 -1.738301
1.925642 1.4874
0.3941682 1.217736
-0.2932177 0.8231224
-0.2068559 0.4488332
1.856653 -0.5873542
1.168715 0.3503343
0.8311841 2.795629
1.821643 2.062746
2.075872 0.7934973
1.615634 1.082673
0.9075142 1.466046
0.6481082 0.4245109
-0.4402851 0.03625606
-0.01726576 -0.09740509
0.1795218 1.493997
0.254625 1.054089
1.380951 0.5445044
1.697408 1.904985
0.2473295 0.07120334
1.398851 0.8537102
1.931232 0.739983
0.2963367 1.810309
2.023504 1.439637
1.367008 0.2246727
0.938748 0.7835889
1.852646 1.523152
2.129383 -0.1145513
0.2536762 2.752348
2.00483 1.13131
2.511975 -1.563237
2.517068 -0.2183258
2.616405 -0.6610866
-1.544222 1.242449
1.089087 -0.4540735
-0.6349548 0.8894717
-0.04766599 2.377639
1.184305 -0.1693615
