0.3147103 1.538643
0.9926409 1.036104
0.3603677 0.9458352
1.35953 3.201977
1.895236 2.25534
1.276134 2.087371
1.987039 0.7274882
0.5417856 0.2376335
1.896018 0.8818914
1.954836 -0.3345633
2.103435 2.172385
0.2037435 0.2965712
1.340381 1.913181
-0.862238 1.348796
2.941189 -0.9650491
1.713716 1.067178
1.012528 0.04341711
0.9531749 0.2221021
-0.8120293 1.804304
1.177777 0.7868751
1.10004 0.9494024
0.6772603 0.4128238
1.515685 0.9255469
0.3403366 0.08416227
1.197918 1.954926
-0.5227708 1.920641
1.249157 1.567446
0.6729295 2.007373
0.3347235 1.155771
-0.5431531 0.7859102
1.213316 0.7461837
0.6461411 2.033565
0.04874795 0.2483608
1.438753 1.785701
2.223048 0.4634678
0.7450463 -0.5072898
0.2644467 1.152609
0.9201563 2.228354
0.4162205 -0.6796122
-0.2832158 0.5898465
-0.5859344 2.897778
2.344276 0.3019323
1.273895 -0.8271513
0.01534533 0.9348763
-0.1441515 1.064872
1.627845 2.382165
2.300018 0.489733
0.9858789 1.36959
0.7620231 0.7290173
0.8304649 1.798335
0.3424216 -0.2920333
0.009160167 0.6123552
0.3088012 1.046515
-0.3633716 -0.7120334
1.441222 1.186601
1.955506 0.7593158
1.821589 1.343195
0.3189752 1.240022
-0.3824063 1.148874
0.9708491 2.14932
3.159084 -0.1987826
0.01293047 0.6409029
0.7461615 2.569128
0.9045518 2.659077
0.768765 0.1963814
2.534532 -0.7871704
1.311054 1.135458
-0.5111433 0.7114701
2.156297 2.114313
1.165101 1.774308
-0.3351468 1.823803
-0.09773719 1.332649
1.898062 0.03462884
1.864592 0.0009819388
-0.9186546 1.107246
2.520152 2.364706
1.429497 2.056077
1.465595 0.9736651
1.55969 -1.266605
2.505307 0.9300143
-0.9073471 1.541282
0.6027079 1.490913
0.4187172 0.3143097
0.9507614 -0.960827
2.383374 2.448796
1.870192 0.8318506
1.003836 1.282875
0.4695782 -0.1490097
2.904854 0.5588576
1.175707 0.2373082
0.5434849 1.80438
-1.688469 1.370275
0.02361401 1.361663
0.9763174 1.229721
0.8747442 0.3253797
1.949135 0.7375564
0.5138544 0.4748293
0.6496022 -0.602218
3.435855 -0.07696333
-0.1913507 1.009696
