2.491441 1.003272
1.240258 2.195263
1.271542 1.234936
0.1322017 2.161331
0.6388317 0.7680927
0.1378048 1.642035
-0.1793849 0.02186782
1.042976 -0.7400691
1.01562 0.2277649
1.494534 1.242374
1.209527 0.728238
3.352501 0.7979494
2.388629 3.999206
0.9404733 -0.321391
-0.3345545 -1.518505
-0.3582518 1.810305
0.3227504 -0.40017
1.017625 1.399739
3.230044 0.7385347
1.720773 0.4308516
2.573326 0.7527025
2.182344 0.08629136
2.045955 2.418479
0.1932557 0.5159551
1.258607 0.07774152
-0.6940048 1.103329
2.505405 -0.6654129
2.344361 1.675854
1.685525 2.409606
0.5561437 1.442538
0.6094952 0.5431912
1.360731 0.0001098533
1.370369 1.424729
-0.02653147 1.251743
0.1282499 -0.4768859
2.407831 0.1735951
0.3110686 0.6812339
1.562999 -0.03761746
0.6280622 1.17259
0.6251664 0.0717307
2.681352 -0.2445791
0.6393767 1.420997
1.316201 -0.1511131
-0.2274123 -0.821238
0.570473 0.8563759
0.6720554 2.827021
2.578923 -0.060206
1.461761 -0.1849354
0.3053201 0.7151372
0.5046238 1.087259
1.765942 1.164567
-0.04010572 1.803272
0.9713031 -0.5844144
-0.8188292 -0.794328
1.083545 2.409072
0.9597938 1.064635
-0.8578179 1.025891
2.356561 -0.1528416
-1.931669 -0.1709743
0.8665825 2.445009
-0.181607 0.7229727
1.06629 0.1967371
2.722536 0.5403432
1.180984 1.776276
1.98657 1.807016
-1.219865 0.2686051
0.8699345 -0.04349366
2.006841 1.463488
0.8514747 1.174857
0.5355978 0.9922204
-0.1291358 -0.06740406
2.637616 0.577252
-0.6782892 0.3011077
0.9682575 1.492134
-0.707951 0.1355457
0.6882196 -0.5744094
0.7316463 0.2678417
0.5191561 0.4360712
1.465035 0.9970404
2.921306 1.196321
1.881402 0.4555621
0.4640361 2.439023
-0.01171175 1.72235
1.033196 1.088954
0.5680271 0.01094791
-0.03218237 0.6396472
0.4850728 0.9123662
1.536453 -0.2925393
1.285895 0.5322034
1.891531 -0.6795954
-0.1199895 -0.245903
-0.3604782 2.423484
0.4926387 0.420887
0.6099323 0.9281561
3.195575 -1.352047
0.8402454 1.805722
-0.05601197 2.519514
2.308656 -0.06734546
3.352533 -0.2120836
-0.1934179 -0.1577734
