-0.09174948 0.7203849
0.4198304 0.4931863
1.695942 0.3210331
0.3460218 1.851033
0.6306669 1.221157
2.008997 0.533829
0.04917917 -1.559665
1.421837 1.317765
1.480801 1.432314
1.49622 2.572601
3.083199 -0.1545777
0.6808586 -0.5151445
1.602607 -0.2913723
0.1773379 -1.629369
1.557526 0.2755234
0.8877464 -0.1954726
0.1229352 0.6108367
2.997082 -0.01438907
0.518333 1.876977
1.514378 0.4865744
0.2286085 0.6348192
1.488271 -1.479256
0.5563126 0.7607664
2.648352 -0.7803728
0.8709897 -1.416198
1.327747 1.597994
0.3598623 3.517971
0.6913821 -0.1187012
1.547531 0.5544326
0.8398965 -0.8674534
0.1732936 0.9611044
1.211561 -0.4132792
0.2194473 2.282243
2.353644 1.76625
1.263508 1.017496
0.7537083 0.1628302
0.04370706 0.1540205
1.046547 1.08729
0.9860856 2.25156
2.570616 0.6284148
3.445274 -0.6479021
-1.054682 1.587295
1.030732 1.28381
3.35711 0.9312064
0.7193128 0.7736311
-0.6633655 0.6834375
0.9371625 1.286953
0.8826103 1.822813
0.6799503 0.2451962
0.07521577 1.048565
-0.1050311 0.895704
-0.2607686 2.609565
1.903655 0.7458677
0.8594275 -0.7398322
1.247333 1.396408
1.76933 1.831509
0.5779166 0.3439093
0.6701699 -0.3459931
0.8736104 0.3063011
1.265572 1.766056
0.4330146 -0.1515457
1.335183 0.1824105
2.260104 0.7949124
-0.2580545 2.306157
0.2443403 1.20869
0.4707245 0.5067969
0.3406665 2.008587
-1.022055 1.68198
2.595406 -0.701664
2.152178 0.4970451
0.5247687 1.991037
1.079654 0.5987543
1.959588 3.302364
1.948971 0.4734078
1.380632 2.053713
0.2539987 1.291688
1.7887 0.2366043
2.443488 -0.07903484
1.745057 3.337716
0.2286438 -0.5067183
0.5092619 0.5513727
0.9476869 1.293959
1.614529 1.108997
1.440526 1.109725
0.06952917 2.266569
0.1167206 2.523367
0.5937211 1.471414
2.670402 0.816292
-0.009395997 0.5822444
-0.1919124 0.1879676
0.27748 1.263792
-0.17032 1.813493
0.9178971 1.283043
0.3900155 0.436693
1.924671 1.775253
1.629438 2.123414
1.662989 1.150501
1.541481 1.31007
2.009112 0.6641615
0.7577471 1.055231
