0.1295258 -0.1878533
0.5451223 1.559831
1.938431 -0.5244241
0.4523778 -0.7498637
0.7699532 1.049215
-0.04057802 3.353429
1.563209 0.5426593
1.183428 -0.2237098
2.054848 0.5161768
0.4996683 1.226464
2.403885 1.168033
0.8918597 1.050781
0.9373464 2.14477
1.426128 0.4940506
2.285814 1.805958
1.497523 -0.0760655
1.652915 1.321724
1.600664 0.101922
1.105192 1.980709
0.7725253 -0.1794009
0.9204958 2.721337
1.195782 1.464289
1.96903 0.0440027
0.8358609 1.571927
0.2855049 1.023867
1.345615 2.210254
2.124732 -1.437778
0.1471317 -1.003886
0.8718844 0.407656
0.9913481 -0.037205
1.549959 0.7483551
1.586927 0.8378431
2.685635 -1.107311
0.2167505 2.190041
0.5202912 0.5008487
1.098709 0.2477288
0.418824 0.5385071
0.8797492 -0.7314551
1.18092 -0.00231054
0.5806186 -0.0935661
3.391375 0.523694
0.04931266 0.8301876
1.233932 1.29493
1.026916 0.752816
-0.09799211 -0.6106565
-0.6457172 -0.8491263
0.2622059 2.354812
1.874196 -0.09467589
1.921398 -0.1996566
0.5148229 0.4508925
1.720693 2.086696
0.7237616 1.61836
-0.04350886 0.7824124
1.439201 1.832956
1.676207 -0.08297527
0.8412906 0.3456013
1.669405 -0.8236341
0.8477461 2.309621
0.7777997 -0.04756327
1.666672 -0.5580023
1.519156 -0.4403419
1.729982 0.4619117
2.045079 -1.027801
0.1566323 0.2926217
-2.176465 0.4216238
0.4284106 1.356077
1.668291 1.072702
0.9431664 -0.9676554
0.05939499 0.8124949
0.4537744 0.767312
0.2350811 1.338573
0.8394692 1.773768
0.3410211 1.784954
0.5480593 0.4650399
1.42859 0.02266828
1.615627 -0.3909662
0.845187 -0.2752126
-0.175674 2.506059
1.823348 1.339234
1.37418 0.7398602
2.545323 0.963269
0.9237269 1.221201
-0.5754183 -0.05879486
0.7404765 0.1328046
0.9658998 0.5587596
2.448824 0.2127297
-1.479679 1.879654
0.9299589 0.8494502
-0.293815 -0.04092194
1.388384 1.481992
0.7707965 2.167071
0.9617176 0.4899817
0.9923392 1.752897
0.8784101 -0.007747298
3.60868 1.824691
1.115104 -0.633062
0.7948504 0.8794752
1.537078 2.064296
1.490417 0.1710941
3.271548 0.6391825
