0.4956755 1.188409
3.081815 2.201988
0.9340952 1.226352
2.106562 1.690205
1.341566 -0.1265697
1.907452 2.287203
2.554208 -0.7633317
-0.7697479 2.645744
1.066275 0.7851563
-0.5774392 -1.16432
-0.8308764 1.144688
-0.9682226 0.8565392
0.676286 1.184852
2.318824 1.135241
0.5168509 0.9180289
0.4989998 0.1098225
-0.4657082 0.3455726
0.9910053 -0.6353394
-0.3546011 1.868639
0.9541272 1.517636
1.864619 1.045722
2.545885 1.054531
-0.1769919 0.5368232
2.182628 1.392508
0.5939496 0.4091864
0.7228576 0.07308061
0.9227849 1.719002
0.1639714 1.26121
0.9054368 0.7948826
-1.419968 -0.2289924
-0.06229148 1.806564
-1.271027 -0.101742
1.589467 0.3622509
0.9822522 2.474301
0.2908112 -0.8299458
3.792917 -0.5018052
-0.2657884 1.765541
0.9893806 1.91008
2.298685 -1.552932
-0.1223609 0.4377491
-0.09373652 0.8282999
2.051868 2.642224
0.1970457 -0.1774232
1.744406 0.669859
1.415891 -0.7414207
0.2375275 0.9822442
2.617208 1.743173
-0.04811429 0.7282288
0.4924772 3.275024
3.128354 0.6960883
0.1700139 1.368871
1.283931 0.5558142
2.334518 1.493571
2.638054 -0.3294685
2.046915 0.7128679
-0.2786087 0.3301301
0.9081846 2.016237
1.261907 0.9435408
2.645886 1.062747
0.3522587 0.6246615
1.666397 0.5832748
2.42771 1.183421
-0.7449914 0.933681
0.971544 2.252156
2.325721 0.3771863
3.839679 -0.2031868
0.7692943 -0.4491274
1.550725 1.354669
1.118899 1.408361
1.829756 2.250029
1.731991 -0.5501203
2.8116 -0.3009059
-0.1586635 1.067252
0.5135098 -0.1933274
0.5606944 0.7291283
0.8318693 2.618311
1.522444 -0.5575796
0.7476221 0.7508442
2.468089 2.431609
0.2022297 1.793678
2.310844 0.04757184
0.3954403 0.4671026
1.519851 3.033137
0.5641777 0.6145824
0.920956 1.56499
3.841965 -0.3675056
0.6894314 0.3064502
0.2294699 1.552405
2.850541 0.8501316
2.107737 0.5960151
0.5889814 1.727194
-1.490869 0.502604
1.507363 3.206903
0.8377514 0.07881293
2.420992 -0.9277753
0.2112356 -0.1203483
1.171477 0.0962558
1.181261 1.979625
-0.9928783 0.9092374
1.992991 0.6851578
